(base) PS C:\Users\Administrator\Desktop\ALinSim\src> python .\GP_Active_learning_trc.py --random_state 44
Total valid pool combinations (paper-consistent): 21168 (should be 21168)
Valid pool count (paper-consistent): 21168, should be 21168
delta = 0.1910  (=0.5 * median NN distance in normalized space)
Pool after removing test points: 21068
Pool kept after distance filtering: 19725 / 21068
Query step: 0
step == 0 [5091, 2417, 13134, 13150, 16154]
0:        x_0  x_1  x_2  y_0  y_1  y_2
2417     1    8    1    1    1    1
5091     3    1    1    3    1    2
13150    6    8    5    1    1    2
16154    8    3    6    2    1    2
13134    6    8    4    2    2    1            f_res
2417   16.959433
5091   17.704688
13150  38.338940
16154  42.313715
13134  45.965554
0: X_train und x_test:  [[1 8 1 1 1 1]
 [3 1 1 3 1 2]
 [6 8 5 1 1 2]
 [8 3 6 2 1 2]
 [6 8 4 2 2 1]] [[16.95943279]
 [17.7046882 ]
 [38.33894014]
 [42.31371525]
 [45.96555373]]
Query step: 1
1:       x_0  x_1  x_2  y_0  y_1  y_2
83      0    1    9    0    3    3
2391    1    7    9    1    3    3
2884    1    9    9    1    3    3
167     0    2    9    0    3    3
248     0    3    9    0    3    3           f_res
83    65.726096
2391  97.790875
2884  98.547509
167   75.247578
248   82.645773
1: X_train und x_test:  [[1 8 1 1 1 1]
 [3 1 1 3 1 2]
 [6 8 5 1 1 2]
 [8 3 6 2 1 2]
 [6 8 4 2 2 1]
 [0 1 9 0 3 3]
 [1 7 9 1 3 3]
 [1 9 9 1 3 3]
 [0 2 9 0 3 3]
 [0 3 9 0 3 3]] [[16.95943279]
 [17.7046882 ]
 [38.33894014]
 [42.31371525]
 [45.96555373]
 [65.72609631]
 [97.7908752 ]
 [98.54750923]
 [75.24757849]
 [82.64577276]]
Query step: 2
2:        x_0  x_1  x_2  y_0  y_1  y_2
716      1    1    0    2    3    0
11424    6    1    0    2    3    0
15588    8    1    0    2    3    0
2905     2    1    0    1    3    0
17632    9    1    0    2    3    0             f_res
716      7.280364
11424   17.541434
15588   20.850723
2905     7.901517
17632  175.517914
2: X_train und x_test:  [[1 8 1 1 1 1]
 [3 1 1 3 1 2]
 [6 8 5 1 1 2]
 [8 3 6 2 1 2]
 [6 8 4 2 2 1]
 [0 1 9 0 3 3]
 [1 7 9 1 3 3]
 [1 9 9 1 3 3]
 [0 2 9 0 3 3]
 [0 3 9 0 3 3]
 [1 1 0 2 3 0]
 [6 1 0 2 3 0]
 [8 1 0 2 3 0]
 [2 1 0 1 3 0]
 [9 1 0 2 3 0]] [[ 16.95943279]
 [ 17.7046882 ]
 [ 38.33894014]
 [ 42.31371525]
 [ 45.96555373]
 [ 65.72609631]
 [ 97.7908752 ]
 [ 98.54750923]
 [ 75.24757849]
 [ 82.64577276]
 [  7.28036412]
 [ 17.54143427]
 [ 20.8507232 ]
 [  7.90151654]
 [175.51791364]]
Query step: 3
3:       x_0  x_1  x_2  y_0  y_1  y_2
2789    1    9    5    3    2    1
2781    1    9    5    2    2    2
2790    1    9    5    3    2    2
2782    1    9    5    2    2    3
2791    1    9    5    3    2    3           f_res
2789  40.454512
2781  50.999445
2790  52.213991
2782  65.844712
2791  67.431531
3: X_train und x_test:  [[1 8 1 1 1 1]
 [3 1 1 3 1 2]
 [6 8 5 1 1 2]
 [8 3 6 2 1 2]
 [6 8 4 2 2 1]
 [0 1 9 0 3 3]
 [1 7 9 1 3 3]
 [1 9 9 1 3 3]
 [0 2 9 0 3 3]
 [0 3 9 0 3 3]
 [1 1 0 2 3 0]
 [6 1 0 2 3 0]
 [8 1 0 2 3 0]
 [2 1 0 1 3 0]
 [9 1 0 2 3 0]
 [1 9 5 3 2 1]
 [1 9 5 2 2 2]
 [1 9 5 3 2 2]
 [1 9 5 2 2 3]
 [1 9 5 3 2 3]] [[ 16.95943279]
 [ 17.7046882 ]
 [ 38.33894014]
 [ 42.31371525]
 [ 45.96555373]
 [ 65.72609631]
 [ 97.7908752 ]
 [ 98.54750923]
 [ 75.24757849]
 [ 82.64577276]
 [  7.28036412]
 [ 17.54143427]
 [ 20.8507232 ]
 [  7.90151654]
 [175.51791364]
 [ 40.454512  ]
 [ 50.99944475]
 [ 52.21399148]
 [ 65.84471214]
 [ 67.43153067]]
Query step: 4
4:       x_0  x_1  x_2  y_0  y_1  y_2
9314    4    9    9    3    1    1
9308    4    9    9    2    2    1
9317    4    9    9    3    2    1
9298    4    9    9    1    1    3
9307    4    9    9    2    1    3           f_res
9314  50.199277
9308  61.511858
9317  65.449064
9298  89.084239
9307  98.014613
4: X_train und x_test:  [[1 8 1 1 1 1]
 [3 1 1 3 1 2]
 [6 8 5 1 1 2]
 [8 3 6 2 1 2]
 [6 8 4 2 2 1]
 [0 1 9 0 3 3]
 [1 7 9 1 3 3]
 [1 9 9 1 3 3]
 [0 2 9 0 3 3]
 [0 3 9 0 3 3]
 [1 1 0 2 3 0]
 [6 1 0 2 3 0]
 [8 1 0 2 3 0]
 [2 1 0 1 3 0]
 [9 1 0 2 3 0]
 [1 9 5 3 2 1]
 [1 9 5 2 2 2]
 [1 9 5 3 2 2]
 [1 9 5 2 2 3]
 [1 9 5 3 2 3]
 [4 9 9 3 1 1]
 [4 9 9 2 2 1]
 [4 9 9 3 2 1]
 [4 9 9 1 1 3]
 [4 9 9 2 1 3]] [[ 16.95943279]
 [ 17.7046882 ]
 [ 38.33894014]
 [ 42.31371525]
 [ 45.96555373]
 [ 65.72609631]
 [ 97.7908752 ]
 [ 98.54750923]
 [ 75.24757849]
 [ 82.64577276]
 [  7.28036412]
 [ 17.54143427]
 [ 20.8507232 ]
 [  7.90151654]
 [175.51791364]
 [ 40.454512  ]
 [ 50.99944475]
 [ 52.21399148]
 [ 65.84471214]
 [ 67.43153067]
 [ 50.19927738]
 [ 61.51185804]
 [ 65.44906429]
 [ 89.08423883]
 [ 98.01461294]]
Query step: 5
5:       x_0  x_1  x_2  y_0  y_1  y_2
9362    5    1    2    1    3    3
9387    5    1    3    1    3    3
9404    5    1    3    3    3    3
9512    5    1    8    1    3    3
9520    5    1    8    2    3    3           f_res
9362  16.485744
9387  24.364513
9404  36.095934
9512  71.043155
9520  75.709226
5: X_train und x_test:  [[1 8 1 1 1 1]
 [3 1 1 3 1 2]
 [6 8 5 1 1 2]
 [8 3 6 2 1 2]
 [6 8 4 2 2 1]
 [0 1 9 0 3 3]
 [1 7 9 1 3 3]
 [1 9 9 1 3 3]
 [0 2 9 0 3 3]
 [0 3 9 0 3 3]
 [1 1 0 2 3 0]
 [6 1 0 2 3 0]
 [8 1 0 2 3 0]
 [2 1 0 1 3 0]
 [9 1 0 2 3 0]
 [1 9 5 3 2 1]
 [1 9 5 2 2 2]
 [1 9 5 3 2 2]
 [1 9 5 2 2 3]
 [1 9 5 3 2 3]
 [4 9 9 3 1 1]
 [4 9 9 2 2 1]
 [4 9 9 3 2 1]
 [4 9 9 1 1 3]
 [4 9 9 2 1 3]
 [5 1 2 1 3 3]
 [5 1 3 1 3 3]
 [5 1 3 3 3 3]
 [5 1 8 1 3 3]
 [5 1 8 2 3 3]] [[ 16.95943279]
 [ 17.7046882 ]
 [ 38.33894014]
 [ 42.31371525]
 [ 45.96555373]
 [ 65.72609631]
 [ 97.7908752 ]
 [ 98.54750923]
 [ 75.24757849]
 [ 82.64577276]
 [  7.28036412]
 [ 17.54143427]
 [ 20.8507232 ]
 [  7.90151654]
 [175.51791364]
 [ 40.454512  ]
 [ 50.99944475]
 [ 52.21399148]
 [ 65.84471214]
 [ 67.43153067]
 [ 50.19927738]
 [ 61.51185804]
 [ 65.44906429]
 [ 89.08423883]
 [ 98.01461294]
 [ 16.48574383]
 [ 24.36451299]
 [ 36.09593441]
 [ 71.04315512]
 [ 75.70922634]]
Query step: 6
6:        x_0  x_1  x_2  y_0  y_1  y_2
14826    7    6    8    1    1    1
14827    7    6    8    1    1    2
14824    7    6    7    3    3    1
14822    7    6    7    3    2    2
14820    7    6    7    3    1    3            f_res
14826  35.842489
14827  59.320513
14824  57.097597
14822  75.961767
14820  95.999796
6: X_train und x_test:  [[1 8 1 1 1 1]
 [3 1 1 3 1 2]
 [6 8 5 1 1 2]
 [8 3 6 2 1 2]
 [6 8 4 2 2 1]
 [0 1 9 0 3 3]
 [1 7 9 1 3 3]
 [1 9 9 1 3 3]
 [0 2 9 0 3 3]
 [0 3 9 0 3 3]
 [1 1 0 2 3 0]
 [6 1 0 2 3 0]
 [8 1 0 2 3 0]
 [2 1 0 1 3 0]
 [9 1 0 2 3 0]
 [1 9 5 3 2 1]
 [1 9 5 2 2 2]
 [1 9 5 3 2 2]
 [1 9 5 2 2 3]
 [1 9 5 3 2 3]
 [4 9 9 3 1 1]
 [4 9 9 2 2 1]
 [4 9 9 3 2 1]
 [4 9 9 1 1 3]
 [4 9 9 2 1 3]
 [5 1 2 1 3 3]
 [5 1 3 1 3 3]
 [5 1 3 3 3 3]
 [5 1 8 1 3 3]
 [5 1 8 2 3 3]
 [7 6 8 1 1 1]
 [7 6 8 1 1 2]
 [7 6 7 3 3 1]
 [7 6 7 3 2 2]
 [7 6 7 3 1 3]] [[ 16.95943279]
 [ 17.7046882 ]
 [ 38.33894014]
 [ 42.31371525]
 [ 45.96555373]
 [ 65.72609631]
 [ 97.7908752 ]
 [ 98.54750923]
 [ 75.24757849]
 [ 82.64577276]
 [  7.28036412]
 [ 17.54143427]
 [ 20.8507232 ]
 [  7.90151654]
 [175.51791364]
 [ 40.454512  ]
 [ 50.99944475]
 [ 52.21399148]
 [ 65.84471214]
 [ 67.43153067]
 [ 50.19927738]
 [ 61.51185804]
 [ 65.44906429]
 [ 89.08423883]
 [ 98.01461294]
 [ 16.48574383]
 [ 24.36451299]
 [ 36.09593441]
 [ 71.04315512]
 [ 75.70922634]
 [ 35.84248889]
 [ 59.32051297]
 [ 57.0975971 ]
 [ 75.96176734]
 [ 95.99979628]]
Query step: 7
7:        x_0  x_1  x_2  y_0  y_1  y_2
4814     2    8    9    3    1    3
5042     2    9    9    1    2    3
5051     2    9    9    2    2    3
19704    9    9    9    1    2    3
19721    9    9    9    3    2    3             f_res
4814    93.102494
5042    94.319030
5051    98.769147
19704   99.660853
19721  120.839862
7: X_train und x_test:  [[1 8 1 1 1 1]
 [3 1 1 3 1 2]
 [6 8 5 1 1 2]
 [8 3 6 2 1 2]
 [6 8 4 2 2 1]
 [0 1 9 0 3 3]
 [1 7 9 1 3 3]
 [1 9 9 1 3 3]
 [0 2 9 0 3 3]
 [0 3 9 0 3 3]
 [1 1 0 2 3 0]
 [6 1 0 2 3 0]
 [8 1 0 2 3 0]
 [2 1 0 1 3 0]
 [9 1 0 2 3 0]
 [1 9 5 3 2 1]
 [1 9 5 2 2 2]
 [1 9 5 3 2 2]
 [1 9 5 2 2 3]
 [1 9 5 3 2 3]
 [4 9 9 3 1 1]
 [4 9 9 2 2 1]
 [4 9 9 3 2 1]
 [4 9 9 1 1 3]
 [4 9 9 2 1 3]
 [5 1 2 1 3 3]
 [5 1 3 1 3 3]
 [5 1 3 3 3 3]
 [5 1 8 1 3 3]
 [5 1 8 2 3 3]
 [7 6 8 1 1 1]
 [7 6 8 1 1 2]
 [7 6 7 3 3 1]
 [7 6 7 3 2 2]
 [7 6 7 3 1 3]
 [2 8 9 3 1 3]
 [2 9 9 1 2 3]
 [2 9 9 2 2 3]
 [9 9 9 1 2 3]
 [9 9 9 3 2 3]] [[ 16.95943279]
 [ 17.7046882 ]
 [ 38.33894014]
 [ 42.31371525]
 [ 45.96555373]
 [ 65.72609631]
 [ 97.7908752 ]
 [ 98.54750923]
 [ 75.24757849]
 [ 82.64577276]
 [  7.28036412]
 [ 17.54143427]
 [ 20.8507232 ]
 [  7.90151654]
 [175.51791364]
 [ 40.454512  ]
 [ 50.99944475]
 [ 52.21399148]
 [ 65.84471214]
 [ 67.43153067]
 [ 50.19927738]
 [ 61.51185804]
 [ 65.44906429]
 [ 89.08423883]
 [ 98.01461294]
 [ 16.48574383]
 [ 24.36451299]
 [ 36.09593441]
 [ 71.04315512]
 [ 75.70922634]
 [ 35.84248889]
 [ 59.32051297]
 [ 57.0975971 ]
 [ 75.96176734]
 [ 95.99979628]
 [ 93.1024942 ]
 [ 94.31903041]
 [ 98.76914719]
 [ 99.66085279]
 [120.83986159]]
Query step: 8
8:       x_0  x_1  x_2  y_0  y_1  y_2
7210    4    1    0    2    2    0
7446    4    2    0    2    3    0
7449    4    2    0    3    3    0
562     0    8    0    0    3    0
0       0    1    0    0    1    0           f_res
7210  13.187421
7446  17.516721
7449  21.344721
562   37.788801
0      1.497983
8: X_train und x_test:  [[1 8 1 1 1 1]
 [3 1 1 3 1 2]
 [6 8 5 1 1 2]
 [8 3 6 2 1 2]
 [6 8 4 2 2 1]
 [0 1 9 0 3 3]
 [1 7 9 1 3 3]
 [1 9 9 1 3 3]
 [0 2 9 0 3 3]
 [0 3 9 0 3 3]
 [1 1 0 2 3 0]
 [6 1 0 2 3 0]
 [8 1 0 2 3 0]
 [2 1 0 1 3 0]
 [9 1 0 2 3 0]
 [1 9 5 3 2 1]
 [1 9 5 2 2 2]
 [1 9 5 3 2 2]
 [1 9 5 2 2 3]
 [1 9 5 3 2 3]
 [4 9 9 3 1 1]
 [4 9 9 2 2 1]
 [4 9 9 3 2 1]
 [4 9 9 1 1 3]
 [4 9 9 2 1 3]
 [5 1 2 1 3 3]
 [5 1 3 1 3 3]
 [5 1 3 3 3 3]
 [5 1 8 1 3 3]
 [5 1 8 2 3 3]
 [7 6 8 1 1 1]
 [7 6 8 1 1 2]
 [7 6 7 3 3 1]
 [7 6 7 3 2 2]
 [7 6 7 3 1 3]
 [2 8 9 3 1 3]
 [2 9 9 1 2 3]
 [2 9 9 2 2 3]
 [9 9 9 1 2 3]
 [9 9 9 3 2 3]
 [4 1 0 2 2 0]
 [4 2 0 2 3 0]
 [4 2 0 3 3 0]
 [0 8 0 0 3 0]
 [0 1 0 0 1 0]] [[ 16.95943279]
 [ 17.7046882 ]
 [ 38.33894014]
 [ 42.31371525]
 [ 45.96555373]
 [ 65.72609631]
 [ 97.7908752 ]
 [ 98.54750923]
 [ 75.24757849]
 [ 82.64577276]
 [  7.28036412]
 [ 17.54143427]
 [ 20.8507232 ]
 [  7.90151654]
 [175.51791364]
 [ 40.454512  ]
 [ 50.99944475]
 [ 52.21399148]
 [ 65.84471214]
 [ 67.43153067]
 [ 50.19927738]
 [ 61.51185804]
 [ 65.44906429]
 [ 89.08423883]
 [ 98.01461294]
 [ 16.48574383]
 [ 24.36451299]
 [ 36.09593441]
 [ 71.04315512]
 [ 75.70922634]
 [ 35.84248889]
 [ 59.32051297]
 [ 57.0975971 ]
 [ 75.96176734]
 [ 95.99979628]
 [ 93.1024942 ]
 [ 94.31903041]
 [ 98.76914719]
 [ 99.66085279]
 [120.83986159]
 [ 13.18742064]
 [ 17.51672085]
 [ 21.34472061]
 [ 37.78880103]
 [  1.49798303]]
Query step: 9
9:       x_0  x_1  x_2  y_0  y_1  y_2
7182    3    9    9    1    2    1
7158    3    9    8    1    3    1
7184    3    9    9    1    2    3
7186    3    9    9    1    3    2
7205    3    9    9    3    3    3            f_res
7182   54.933465
7158   68.301832
7184   96.614740
7186   98.184160
7205  114.390989
9: X_train und x_test:  [[1 8 1 1 1 1]
 [3 1 1 3 1 2]
 [6 8 5 1 1 2]
 [8 3 6 2 1 2]
 [6 8 4 2 2 1]
 [0 1 9 0 3 3]
 [1 7 9 1 3 3]
 [1 9 9 1 3 3]
 [0 2 9 0 3 3]
 [0 3 9 0 3 3]
 [1 1 0 2 3 0]
 [6 1 0 2 3 0]
 [8 1 0 2 3 0]
 [2 1 0 1 3 0]
 [9 1 0 2 3 0]
 [1 9 5 3 2 1]
 [1 9 5 2 2 2]
 [1 9 5 3 2 2]
 [1 9 5 2 2 3]
 [1 9 5 3 2 3]
 [4 9 9 3 1 1]
 [4 9 9 2 2 1]
 [4 9 9 3 2 1]
 [4 9 9 1 1 3]
 [4 9 9 2 1 3]
 [5 1 2 1 3 3]
 [5 1 3 1 3 3]
 [5 1 3 3 3 3]
 [5 1 8 1 3 3]
 [5 1 8 2 3 3]
 [7 6 8 1 1 1]
 [7 6 8 1 1 2]
 [7 6 7 3 3 1]
 [7 6 7 3 2 2]
 [7 6 7 3 1 3]
 [2 8 9 3 1 3]
 [2 9 9 1 2 3]
 [2 9 9 2 2 3]
 [9 9 9 1 2 3]
 [9 9 9 3 2 3]
 [4 1 0 2 2 0]
 [4 2 0 2 3 0]
 [4 2 0 3 3 0]
 [0 8 0 0 3 0]
 [0 1 0 0 1 0]
 [3 9 9 1 2 1]
 [3 9 8 1 3 1]
 [3 9 9 1 2 3]
 [3 9 9 1 3 2]
 [3 9 9 3 3 3]] [[ 16.95943279]
 [ 17.7046882 ]
 [ 38.33894014]
 [ 42.31371525]
 [ 45.96555373]
 [ 65.72609631]
 [ 97.7908752 ]
 [ 98.54750923]
 [ 75.24757849]
 [ 82.64577276]
 [  7.28036412]
 [ 17.54143427]
 [ 20.8507232 ]
 [  7.90151654]
 [175.51791364]
 [ 40.454512  ]
 [ 50.99944475]
 [ 52.21399148]
 [ 65.84471214]
 [ 67.43153067]
 [ 50.19927738]
 [ 61.51185804]
 [ 65.44906429]
 [ 89.08423883]
 [ 98.01461294]
 [ 16.48574383]
 [ 24.36451299]
 [ 36.09593441]
 [ 71.04315512]
 [ 75.70922634]
 [ 35.84248889]
 [ 59.32051297]
 [ 57.0975971 ]
 [ 75.96176734]
 [ 95.99979628]
 [ 93.1024942 ]
 [ 94.31903041]
 [ 98.76914719]
 [ 99.66085279]
 [120.83986159]
 [ 13.18742064]
 [ 17.51672085]
 [ 21.34472061]
 [ 37.78880103]
 [  1.49798303]
 [ 54.93346487]
 [ 68.3018322 ]
 [ 96.61473963]
 [ 98.1841595 ]
 [114.39098862]]
Query step: 10
10:        x_0  x_1  x_2  y_0  y_1  y_2
10939    5    8    0    1    1    0
10941    5    8    0    2    1    0
11179    5    9    0    1    3    0
11182    5    9    0    2    3    0
11185    5    9    0    3    3    0            f_res
10939  20.856205
10941  27.010003
11179  49.207285
11182  55.578896
11185  60.782780
10: X_train und x_test:  [[1 8 1 1 1 1]
 [3 1 1 3 1 2]
 [6 8 5 1 1 2]
 [8 3 6 2 1 2]
 [6 8 4 2 2 1]
 [0 1 9 0 3 3]
 [1 7 9 1 3 3]
 [1 9 9 1 3 3]
 [0 2 9 0 3 3]
 [0 3 9 0 3 3]
 [1 1 0 2 3 0]
 [6 1 0 2 3 0]
 [8 1 0 2 3 0]
 [2 1 0 1 3 0]
 [9 1 0 2 3 0]
 [1 9 5 3 2 1]
 [1 9 5 2 2 2]
 [1 9 5 3 2 2]
 [1 9 5 2 2 3]
 [1 9 5 3 2 3]
 [4 9 9 3 1 1]
 [4 9 9 2 2 1]
 [4 9 9 3 2 1]
 [4 9 9 1 1 3]
 [4 9 9 2 1 3]
 [5 1 2 1 3 3]
 [5 1 3 1 3 3]
 [5 1 3 3 3 3]
 [5 1 8 1 3 3]
 [5 1 8 2 3 3]
 [7 6 8 1 1 1]
 [7 6 8 1 1 2]
 [7 6 7 3 3 1]
 [7 6 7 3 2 2]
 [7 6 7 3 1 3]
 [2 8 9 3 1 3]
 [2 9 9 1 2 3]
 [2 9 9 2 2 3]
 [9 9 9 1 2 3]
 [9 9 9 3 2 3]
 [4 1 0 2 2 0]
 [4 2 0 2 3 0]
 [4 2 0 3 3 0]
 [0 8 0 0 3 0]
 [0 1 0 0 1 0]
 [3 9 9 1 2 1]
 [3 9 8 1 3 1]
 [3 9 9 1 2 3]
 [3 9 9 1 3 2]
 [3 9 9 3 3 3]
 [5 8 0 1 1 0]
 [5 8 0 2 1 0]
 [5 9 0 1 3 0]
 [5 9 0 2 3 0]
 [5 9 0 3 3 0]] [[ 16.95943279]
 [ 17.7046882 ]
 [ 38.33894014]
 [ 42.31371525]
 [ 45.96555373]
 [ 65.72609631]
 [ 97.7908752 ]
 [ 98.54750923]
 [ 75.24757849]
 [ 82.64577276]
 [  7.28036412]
 [ 17.54143427]
 [ 20.8507232 ]
 [  7.90151654]
 [175.51791364]
 [ 40.454512  ]
 [ 50.99944475]
 [ 52.21399148]
 [ 65.84471214]
 [ 67.43153067]
 [ 50.19927738]
 [ 61.51185804]
 [ 65.44906429]
 [ 89.08423883]
 [ 98.01461294]
 [ 16.48574383]
 [ 24.36451299]
 [ 36.09593441]
 [ 71.04315512]
 [ 75.70922634]
 [ 35.84248889]
 [ 59.32051297]
 [ 57.0975971 ]
 [ 75.96176734]
 [ 95.99979628]
 [ 93.1024942 ]
 [ 94.31903041]
 [ 98.76914719]
 [ 99.66085279]
 [120.83986159]
 [ 13.18742064]
 [ 17.51672085]
 [ 21.34472061]
 [ 37.78880103]
 [  1.49798303]
 [ 54.93346487]
 [ 68.3018322 ]
 [ 96.61473963]
 [ 98.1841595 ]
 [114.39098862]
 [ 20.85620488]
 [ 27.01000274]
 [ 49.20728512]
 [ 55.57889594]
 [ 60.78277985]]
Query step: 11
11:       x_0  x_1  x_2  y_0  y_1  y_2
8148    4    5    0    2    1    0
8151    4    5    0    3    1    0
8149    4    5    0    2    2    0
8152    4    5    0    3    2    0
8150    4    5    0    2    3    0           f_res
8148  18.847902
8151  21.678822
8149  25.044885
8152  27.982555
8150  30.589859
11: X_train und x_test:  [[1 8 1 1 1 1]
 [3 1 1 3 1 2]
 [6 8 5 1 1 2]
 [8 3 6 2 1 2]
 [6 8 4 2 2 1]
 [0 1 9 0 3 3]
 [1 7 9 1 3 3]
 [1 9 9 1 3 3]
 [0 2 9 0 3 3]
 [0 3 9 0 3 3]
 [1 1 0 2 3 0]
 [6 1 0 2 3 0]
 [8 1 0 2 3 0]
 [2 1 0 1 3 0]
 [9 1 0 2 3 0]
 [1 9 5 3 2 1]
 [1 9 5 2 2 2]
 [1 9 5 3 2 2]
 [1 9 5 2 2 3]
 [1 9 5 3 2 3]
 [4 9 9 3 1 1]
 [4 9 9 2 2 1]
 [4 9 9 3 2 1]
 [4 9 9 1 1 3]
 [4 9 9 2 1 3]
 [5 1 2 1 3 3]
 [5 1 3 1 3 3]
 [5 1 3 3 3 3]
 [5 1 8 1 3 3]
 [5 1 8 2 3 3]
 [7 6 8 1 1 1]
 [7 6 8 1 1 2]
 [7 6 7 3 3 1]
 [7 6 7 3 2 2]
 [7 6 7 3 1 3]
 [2 8 9 3 1 3]
 [2 9 9 1 2 3]
 [2 9 9 2 2 3]
 [9 9 9 1 2 3]
 [9 9 9 3 2 3]
 [4 1 0 2 2 0]
 [4 2 0 2 3 0]
 [4 2 0 3 3 0]
 [0 8 0 0 3 0]
 [0 1 0 0 1 0]
 [3 9 9 1 2 1]
 [3 9 8 1 3 1]
 [3 9 9 1 2 3]
 [3 9 9 1 3 2]
 [3 9 9 3 3 3]
 [5 8 0 1 1 0]
 [5 8 0 2 1 0]
 [5 9 0 1 3 0]
 [5 9 0 2 3 0]
 [5 9 0 3 3 0]
 [4 5 0 2 1 0]
 [4 5 0 3 1 0]
 [4 5 0 2 2 0]
 [4 5 0 3 2 0]
 [4 5 0 2 3 0]] [[ 16.95943279]
 [ 17.7046882 ]
 [ 38.33894014]
 [ 42.31371525]
 [ 45.96555373]
 [ 65.72609631]
 [ 97.7908752 ]
 [ 98.54750923]
 [ 75.24757849]
 [ 82.64577276]
 [  7.28036412]
 [ 17.54143427]
 [ 20.8507232 ]
 [  7.90151654]
 [175.51791364]
 [ 40.454512  ]
 [ 50.99944475]
 [ 52.21399148]
 [ 65.84471214]
 [ 67.43153067]
 [ 50.19927738]
 [ 61.51185804]
 [ 65.44906429]
 [ 89.08423883]
 [ 98.01461294]
 [ 16.48574383]
 [ 24.36451299]
 [ 36.09593441]
 [ 71.04315512]
 [ 75.70922634]
 [ 35.84248889]
 [ 59.32051297]
 [ 57.0975971 ]
 [ 75.96176734]
 [ 95.99979628]
 [ 93.1024942 ]
 [ 94.31903041]
 [ 98.76914719]
 [ 99.66085279]
 [120.83986159]
 [ 13.18742064]
 [ 17.51672085]
 [ 21.34472061]
 [ 37.78880103]
 [  1.49798303]
 [ 54.93346487]
 [ 68.3018322 ]
 [ 96.61473963]
 [ 98.1841595 ]
 [114.39098862]
 [ 20.85620488]
 [ 27.01000274]
 [ 49.20728512]
 [ 55.57889594]
 [ 60.78277985]
 [ 18.8479017 ]
 [ 21.67882222]
 [ 25.04488451]
 [ 27.98255494]
 [ 30.58985941]]
Query step: 12
12:       x_0  x_1  x_2  y_0  y_1  y_2
8074    4    4    7    1    3    1
8070    4    4    7    1    1    3
8075    4    4    7    1    3    2
8073    4    4    7    1    2    3
8076    4    4    7    1    3    3           f_res
8074  36.164534
8070  78.857653
8075  74.825830
8073  84.902903
8076  85.849466
12: X_train und x_test:  [[1 8 1 1 1 1]
 [3 1 1 3 1 2]
 [6 8 5 1 1 2]
 [8 3 6 2 1 2]
 [6 8 4 2 2 1]
 [0 1 9 0 3 3]
 [1 7 9 1 3 3]
 [1 9 9 1 3 3]
 [0 2 9 0 3 3]
 [0 3 9 0 3 3]
 [1 1 0 2 3 0]
 [6 1 0 2 3 0]
 [8 1 0 2 3 0]
 [2 1 0 1 3 0]
 [9 1 0 2 3 0]
 [1 9 5 3 2 1]
 [1 9 5 2 2 2]
 [1 9 5 3 2 2]
 [1 9 5 2 2 3]
 [1 9 5 3 2 3]
 [4 9 9 3 1 1]
 [4 9 9 2 2 1]
 [4 9 9 3 2 1]
 [4 9 9 1 1 3]
 [4 9 9 2 1 3]
 [5 1 2 1 3 3]
 [5 1 3 1 3 3]
 [5 1 3 3 3 3]
 [5 1 8 1 3 3]
 [5 1 8 2 3 3]
 [7 6 8 1 1 1]
 [7 6 8 1 1 2]
 [7 6 7 3 3 1]
 [7 6 7 3 2 2]
 [7 6 7 3 1 3]
 [2 8 9 3 1 3]
 [2 9 9 1 2 3]
 [2 9 9 2 2 3]
 [9 9 9 1 2 3]
 [9 9 9 3 2 3]
 [4 1 0 2 2 0]
 [4 2 0 2 3 0]
 [4 2 0 3 3 0]
 [0 8 0 0 3 0]
 [0 1 0 0 1 0]
 [3 9 9 1 2 1]
 [3 9 8 1 3 1]
 [3 9 9 1 2 3]
 [3 9 9 1 3 2]
 [3 9 9 3 3 3]
 [5 8 0 1 1 0]
 [5 8 0 2 1 0]
 [5 9 0 1 3 0]
 [5 9 0 2 3 0]
 [5 9 0 3 3 0]
 [4 5 0 2 1 0]
 [4 5 0 3 1 0]
 [4 5 0 2 2 0]
 [4 5 0 3 2 0]
 [4 5 0 2 3 0]
 [4 4 7 1 3 1]
 [4 4 7 1 1 3]
 [4 4 7 1 3 2]
 [4 4 7 1 2 3]
 [4 4 7 1 3 3]] [[ 16.95943279]
 [ 17.7046882 ]
 [ 38.33894014]
 [ 42.31371525]
 [ 45.96555373]
 [ 65.72609631]
 [ 97.7908752 ]
 [ 98.54750923]
 [ 75.24757849]
 [ 82.64577276]
 [  7.28036412]
 [ 17.54143427]
 [ 20.8507232 ]
 [  7.90151654]
 [175.51791364]
 [ 40.454512  ]
 [ 50.99944475]
 [ 52.21399148]
 [ 65.84471214]
 [ 67.43153067]
 [ 50.19927738]
 [ 61.51185804]
 [ 65.44906429]
 [ 89.08423883]
 [ 98.01461294]
 [ 16.48574383]
 [ 24.36451299]
 [ 36.09593441]
 [ 71.04315512]
 [ 75.70922634]
 [ 35.84248889]
 [ 59.32051297]
 [ 57.0975971 ]
 [ 75.96176734]
 [ 95.99979628]
 [ 93.1024942 ]
 [ 94.31903041]
 [ 98.76914719]
 [ 99.66085279]
 [120.83986159]
 [ 13.18742064]
 [ 17.51672085]
 [ 21.34472061]
 [ 37.78880103]
 [  1.49798303]
 [ 54.93346487]
 [ 68.3018322 ]
 [ 96.61473963]
 [ 98.1841595 ]
 [114.39098862]
 [ 20.85620488]
 [ 27.01000274]
 [ 49.20728512]
 [ 55.57889594]
 [ 60.78277985]
 [ 18.8479017 ]
 [ 21.67882222]
 [ 25.04488451]
 [ 27.98255494]
 [ 30.58985941]
 [ 36.16453358]
 [ 78.85765348]
 [ 74.82583018]
 [ 84.90290263]
 [ 85.849466  ]]
Query step: 13
13:       x_0  x_1  x_2  y_0  y_1  y_2
8458    4    6    4    1    1    1
8453    4    6    3    3    2    2
8455    4    6    3    3    3    1
8456    4    6    3    3    3    2
8457    4    6    3    3    3    3           f_res
8458  23.892126
8453  45.536293
8455  47.169655
8456  56.078910
8457  62.254715
13: X_train und x_test:  [[1 8 1 1 1 1]
 [3 1 1 3 1 2]
 [6 8 5 1 1 2]
 [8 3 6 2 1 2]
 [6 8 4 2 2 1]
 [0 1 9 0 3 3]
 [1 7 9 1 3 3]
 [1 9 9 1 3 3]
 [0 2 9 0 3 3]
 [0 3 9 0 3 3]
 [1 1 0 2 3 0]
 [6 1 0 2 3 0]
 [8 1 0 2 3 0]
 [2 1 0 1 3 0]
 [9 1 0 2 3 0]
 [1 9 5 3 2 1]
 [1 9 5 2 2 2]
 [1 9 5 3 2 2]
 [1 9 5 2 2 3]
 [1 9 5 3 2 3]
 [4 9 9 3 1 1]
 [4 9 9 2 2 1]
 [4 9 9 3 2 1]
 [4 9 9 1 1 3]
 [4 9 9 2 1 3]
 [5 1 2 1 3 3]
 [5 1 3 1 3 3]
 [5 1 3 3 3 3]
 [5 1 8 1 3 3]
 [5 1 8 2 3 3]
 [7 6 8 1 1 1]
 [7 6 8 1 1 2]
 [7 6 7 3 3 1]
 [7 6 7 3 2 2]
 [7 6 7 3 1 3]
 [2 8 9 3 1 3]
 [2 9 9 1 2 3]
 [2 9 9 2 2 3]
 [9 9 9 1 2 3]
 [9 9 9 3 2 3]
 [4 1 0 2 2 0]
 [4 2 0 2 3 0]
 [4 2 0 3 3 0]
 [0 8 0 0 3 0]
 [0 1 0 0 1 0]
 [3 9 9 1 2 1]
 [3 9 8 1 3 1]
 [3 9 9 1 2 3]
 [3 9 9 1 3 2]
 [3 9 9 3 3 3]
 [5 8 0 1 1 0]
 [5 8 0 2 1 0]
 [5 9 0 1 3 0]
 [5 9 0 2 3 0]
 [5 9 0 3 3 0]
 [4 5 0 2 1 0]
 [4 5 0 3 1 0]
 [4 5 0 2 2 0]
 [4 5 0 3 2 0]
 [4 5 0 2 3 0]
 [4 4 7 1 3 1]
 [4 4 7 1 1 3]
 [4 4 7 1 3 2]
 [4 4 7 1 2 3]
 [4 4 7 1 3 3]
 [4 6 4 1 1 1]
 [4 6 3 3 2 2]
 [4 6 3 3 3 1]
 [4 6 3 3 3 2]
 [4 6 3 3 3 3]] [[ 16.95943279]
 [ 17.7046882 ]
 [ 38.33894014]
 [ 42.31371525]
 [ 45.96555373]
 [ 65.72609631]
 [ 97.7908752 ]
 [ 98.54750923]
 [ 75.24757849]
 [ 82.64577276]
 [  7.28036412]
 [ 17.54143427]
 [ 20.8507232 ]
 [  7.90151654]
 [175.51791364]
 [ 40.454512  ]
 [ 50.99944475]
 [ 52.21399148]
 [ 65.84471214]
 [ 67.43153067]
 [ 50.19927738]
 [ 61.51185804]
 [ 65.44906429]
 [ 89.08423883]
 [ 98.01461294]
 [ 16.48574383]
 [ 24.36451299]
 [ 36.09593441]
 [ 71.04315512]
 [ 75.70922634]
 [ 35.84248889]
 [ 59.32051297]
 [ 57.0975971 ]
 [ 75.96176734]
 [ 95.99979628]
 [ 93.1024942 ]
 [ 94.31903041]
 [ 98.76914719]
 [ 99.66085279]
 [120.83986159]
 [ 13.18742064]
 [ 17.51672085]
 [ 21.34472061]
 [ 37.78880103]
 [  1.49798303]
 [ 54.93346487]
 [ 68.3018322 ]
 [ 96.61473963]
 [ 98.1841595 ]
 [114.39098862]
 [ 20.85620488]
 [ 27.01000274]
 [ 49.20728512]
 [ 55.57889594]
 [ 60.78277985]
 [ 18.8479017 ]
 [ 21.67882222]
 [ 25.04488451]
 [ 27.98255494]
 [ 30.58985941]
 [ 36.16453358]
 [ 78.85765348]
 [ 74.82583018]
 [ 84.90290263]
 [ 85.849466  ]
 [ 23.89212579]
 [ 45.5362926 ]
 [ 47.1696545 ]
 [ 56.07891044]
 [ 62.25471483]]
Query step: 14
14:        x_0  x_1  x_2  y_0  y_1  y_2
2938     2    1    1    3    3    3
17883    9    2    1    2    1    3
17651    9    1    1    2    3    3
17678    9    1    2    3    1    3
17891    9    2    1    3    1    3            f_res
2938   16.099954
17883  28.793151
17651  30.040543
17678  41.456301
17891  36.945189
14: X_train und x_test:  [[1 8 1 1 1 1]
 [3 1 1 3 1 2]
 [6 8 5 1 1 2]
 [8 3 6 2 1 2]
 [6 8 4 2 2 1]
 [0 1 9 0 3 3]
 [1 7 9 1 3 3]
 [1 9 9 1 3 3]
 [0 2 9 0 3 3]
 [0 3 9 0 3 3]
 [1 1 0 2 3 0]
 [6 1 0 2 3 0]
 [8 1 0 2 3 0]
 [2 1 0 1 3 0]
 [9 1 0 2 3 0]
 [1 9 5 3 2 1]
 [1 9 5 2 2 2]
 [1 9 5 3 2 2]
 [1 9 5 2 2 3]
 [1 9 5 3 2 3]
 [4 9 9 3 1 1]
 [4 9 9 2 2 1]
 [4 9 9 3 2 1]
 [4 9 9 1 1 3]
 [4 9 9 2 1 3]
 [5 1 2 1 3 3]
 [5 1 3 1 3 3]
 [5 1 3 3 3 3]
 [5 1 8 1 3 3]
 [5 1 8 2 3 3]
 [7 6 8 1 1 1]
 [7 6 8 1 1 2]
 [7 6 7 3 3 1]
 [7 6 7 3 2 2]
 [7 6 7 3 1 3]
 [2 8 9 3 1 3]
 [2 9 9 1 2 3]
 [2 9 9 2 2 3]
 [9 9 9 1 2 3]
 [9 9 9 3 2 3]
 [4 1 0 2 2 0]
 [4 2 0 2 3 0]
 [4 2 0 3 3 0]
 [0 8 0 0 3 0]
 [0 1 0 0 1 0]
 [3 9 9 1 2 1]
 [3 9 8 1 3 1]
 [3 9 9 1 2 3]
 [3 9 9 1 3 2]
 [3 9 9 3 3 3]
 [5 8 0 1 1 0]
 [5 8 0 2 1 0]
 [5 9 0 1 3 0]
 [5 9 0 2 3 0]
 [5 9 0 3 3 0]
 [4 5 0 2 1 0]
 [4 5 0 3 1 0]
 [4 5 0 2 2 0]
 [4 5 0 3 2 0]
 [4 5 0 2 3 0]
 [4 4 7 1 3 1]
 [4 4 7 1 1 3]
 [4 4 7 1 3 2]
 [4 4 7 1 2 3]
 [4 4 7 1 3 3]
 [4 6 4 1 1 1]
 [4 6 3 3 2 2]
 [4 6 3 3 3 1]
 [4 6 3 3 3 2]
 [4 6 3 3 3 3]
 [2 1 1 3 3 3]
 [9 2 1 2 1 3]
 [9 1 1 2 3 3]
 [9 1 2 3 1 3]
 [9 2 1 3 1 3]] [[ 16.95943279]
 [ 17.7046882 ]
 [ 38.33894014]
 [ 42.31371525]
 [ 45.96555373]
 [ 65.72609631]
 [ 97.7908752 ]
 [ 98.54750923]
 [ 75.24757849]
 [ 82.64577276]
 [  7.28036412]
 [ 17.54143427]
 [ 20.8507232 ]
 [  7.90151654]
 [175.51791364]
 [ 40.454512  ]
 [ 50.99944475]
 [ 52.21399148]
 [ 65.84471214]
 [ 67.43153067]
 [ 50.19927738]
 [ 61.51185804]
 [ 65.44906429]
 [ 89.08423883]
 [ 98.01461294]
 [ 16.48574383]
 [ 24.36451299]
 [ 36.09593441]
 [ 71.04315512]
 [ 75.70922634]
 [ 35.84248889]
 [ 59.32051297]
 [ 57.0975971 ]
 [ 75.96176734]
 [ 95.99979628]
 [ 93.1024942 ]
 [ 94.31903041]
 [ 98.76914719]
 [ 99.66085279]
 [120.83986159]
 [ 13.18742064]
 [ 17.51672085]
 [ 21.34472061]
 [ 37.78880103]
 [  1.49798303]
 [ 54.93346487]
 [ 68.3018322 ]
 [ 96.61473963]
 [ 98.1841595 ]
 [114.39098862]
 [ 20.85620488]
 [ 27.01000274]
 [ 49.20728512]
 [ 55.57889594]
 [ 60.78277985]
 [ 18.8479017 ]
 [ 21.67882222]
 [ 25.04488451]
 [ 27.98255494]
 [ 30.58985941]
 [ 36.16453358]
 [ 78.85765348]
 [ 74.82583018]
 [ 84.90290263]
 [ 85.849466  ]
 [ 23.89212579]
 [ 45.5362926 ]
 [ 47.1696545 ]
 [ 56.07891044]
 [ 62.25471483]
 [ 16.09995444]
 [ 28.79315143]
 [ 30.04054337]
 [ 41.45630102]
 [ 36.94518855]]
Query step: 15
15:        x_0  x_1  x_2  y_0  y_1  y_2
13743    7    2    0    1    2    0
11393    5    9    9    1    1    1
13524    7    1    0    3    3    0
17405    8    9    1    1    3    3
17414    8    9    1    2    3    3            f_res
13743  13.210243
11393  40.706214
13524  24.466768
17405  57.179358
17414  65.866027
15: X_train und x_test:  [[1 8 1 1 1 1]
 [3 1 1 3 1 2]
 [6 8 5 1 1 2]
 [8 3 6 2 1 2]
 [6 8 4 2 2 1]
 [0 1 9 0 3 3]
 [1 7 9 1 3 3]
 [1 9 9 1 3 3]
 [0 2 9 0 3 3]
 [0 3 9 0 3 3]
 [1 1 0 2 3 0]
 [6 1 0 2 3 0]
 [8 1 0 2 3 0]
 [2 1 0 1 3 0]
 [9 1 0 2 3 0]
 [1 9 5 3 2 1]
 [1 9 5 2 2 2]
 [1 9 5 3 2 2]
 [1 9 5 2 2 3]
 [1 9 5 3 2 3]
 [4 9 9 3 1 1]
 [4 9 9 2 2 1]
 [4 9 9 3 2 1]
 [4 9 9 1 1 3]
 [4 9 9 2 1 3]
 [5 1 2 1 3 3]
 [5 1 3 1 3 3]
 [5 1 3 3 3 3]
 [5 1 8 1 3 3]
 [5 1 8 2 3 3]
 [7 6 8 1 1 1]
 [7 6 8 1 1 2]
 [7 6 7 3 3 1]
 [7 6 7 3 2 2]
 [7 6 7 3 1 3]
 [2 8 9 3 1 3]
 [2 9 9 1 2 3]
 [2 9 9 2 2 3]
 [9 9 9 1 2 3]
 [9 9 9 3 2 3]
 [4 1 0 2 2 0]
 [4 2 0 2 3 0]
 [4 2 0 3 3 0]
 [0 8 0 0 3 0]
 [0 1 0 0 1 0]
 [3 9 9 1 2 1]
 [3 9 8 1 3 1]
 [3 9 9 1 2 3]
 [3 9 9 1 3 2]
 [3 9 9 3 3 3]
 [5 8 0 1 1 0]
 [5 8 0 2 1 0]
 [5 9 0 1 3 0]
 [5 9 0 2 3 0]
 [5 9 0 3 3 0]
 [4 5 0 2 1 0]
 [4 5 0 3 1 0]
 [4 5 0 2 2 0]
 [4 5 0 3 2 0]
 [4 5 0 2 3 0]
 [4 4 7 1 3 1]
 [4 4 7 1 1 3]
 [4 4 7 1 3 2]
 [4 4 7 1 2 3]
 [4 4 7 1 3 3]
 [4 6 4 1 1 1]
 [4 6 3 3 2 2]
 [4 6 3 3 3 1]
 [4 6 3 3 3 2]
 [4 6 3 3 3 3]
 [2 1 1 3 3 3]
 [9 2 1 2 1 3]
 [9 1 1 2 3 3]
 [9 1 2 3 1 3]
 [9 2 1 3 1 3]
 [7 2 0 1 2 0]
 [5 9 9 1 1 1]
 [7 1 0 3 3 0]
 [8 9 1 1 3 3]
 [8 9 1 2 3 3]] [[ 16.95943279]
 [ 17.7046882 ]
 [ 38.33894014]
 [ 42.31371525]
 [ 45.96555373]
 [ 65.72609631]
 [ 97.7908752 ]
 [ 98.54750923]
 [ 75.24757849]
 [ 82.64577276]
 [  7.28036412]
 [ 17.54143427]
 [ 20.8507232 ]
 [  7.90151654]
 [175.51791364]
 [ 40.454512  ]
 [ 50.99944475]
 [ 52.21399148]
 [ 65.84471214]
 [ 67.43153067]
 [ 50.19927738]
 [ 61.51185804]
 [ 65.44906429]
 [ 89.08423883]
 [ 98.01461294]
 [ 16.48574383]
 [ 24.36451299]
 [ 36.09593441]
 [ 71.04315512]
 [ 75.70922634]
 [ 35.84248889]
 [ 59.32051297]
 [ 57.0975971 ]
 [ 75.96176734]
 [ 95.99979628]
 [ 93.1024942 ]
 [ 94.31903041]
 [ 98.76914719]
 [ 99.66085279]
 [120.83986159]
 [ 13.18742064]
 [ 17.51672085]
 [ 21.34472061]
 [ 37.78880103]
 [  1.49798303]
 [ 54.93346487]
 [ 68.3018322 ]
 [ 96.61473963]
 [ 98.1841595 ]
 [114.39098862]
 [ 20.85620488]
 [ 27.01000274]
 [ 49.20728512]
 [ 55.57889594]
 [ 60.78277985]
 [ 18.8479017 ]
 [ 21.67882222]
 [ 25.04488451]
 [ 27.98255494]
 [ 30.58985941]
 [ 36.16453358]
 [ 78.85765348]
 [ 74.82583018]
 [ 84.90290263]
 [ 85.849466  ]
 [ 23.89212579]
 [ 45.5362926 ]
 [ 47.1696545 ]
 [ 56.07891044]
 [ 62.25471483]
 [ 16.09995444]
 [ 28.79315143]
 [ 30.04054337]
 [ 41.45630102]
 [ 36.94518855]
 [ 13.21024302]
 [ 40.70621384]
 [ 24.46676826]
 [ 57.17935789]
 [ 65.86602695]]
Query step: 16
16:       x_0  x_1  x_2  y_0  y_1  y_2
8602    4    7    0    2    1    0
8605    4    7    0    3    1    0
8606    4    7    0    3    2    0
8604    4    7    0    2    3    0
8607    4    7    0    3    3    0           f_res
8602  23.921269
8605  26.889190
8606  36.428084
8604  41.941076
8607  45.536123
16: X_train und x_test:  [[1 8 1 1 1 1]
 [3 1 1 3 1 2]
 [6 8 5 1 1 2]
 [8 3 6 2 1 2]
 [6 8 4 2 2 1]
 [0 1 9 0 3 3]
 [1 7 9 1 3 3]
 [1 9 9 1 3 3]
 [0 2 9 0 3 3]
 [0 3 9 0 3 3]
 [1 1 0 2 3 0]
 [6 1 0 2 3 0]
 [8 1 0 2 3 0]
 [2 1 0 1 3 0]
 [9 1 0 2 3 0]
 [1 9 5 3 2 1]
 [1 9 5 2 2 2]
 [1 9 5 3 2 2]
 [1 9 5 2 2 3]
 [1 9 5 3 2 3]
 [4 9 9 3 1 1]
 [4 9 9 2 2 1]
 [4 9 9 3 2 1]
 [4 9 9 1 1 3]
 [4 9 9 2 1 3]
 [5 1 2 1 3 3]
 [5 1 3 1 3 3]
 [5 1 3 3 3 3]
 [5 1 8 1 3 3]
 [5 1 8 2 3 3]
 [7 6 8 1 1 1]
 [7 6 8 1 1 2]
 [7 6 7 3 3 1]
 [7 6 7 3 2 2]
 [7 6 7 3 1 3]
 [2 8 9 3 1 3]
 [2 9 9 1 2 3]
 [2 9 9 2 2 3]
 [9 9 9 1 2 3]
 [9 9 9 3 2 3]
 [4 1 0 2 2 0]
 [4 2 0 2 3 0]
 [4 2 0 3 3 0]
 [0 8 0 0 3 0]
 [0 1 0 0 1 0]
 [3 9 9 1 2 1]
 [3 9 8 1 3 1]
 [3 9 9 1 2 3]
 [3 9 9 1 3 2]
 [3 9 9 3 3 3]
 [5 8 0 1 1 0]
 [5 8 0 2 1 0]
 [5 9 0 1 3 0]
 [5 9 0 2 3 0]
 [5 9 0 3 3 0]
 [4 5 0 2 1 0]
 [4 5 0 3 1 0]
 [4 5 0 2 2 0]
 [4 5 0 3 2 0]
 [4 5 0 2 3 0]
 [4 4 7 1 3 1]
 [4 4 7 1 1 3]
 [4 4 7 1 3 2]
 [4 4 7 1 2 3]
 [4 4 7 1 3 3]
 [4 6 4 1 1 1]
 [4 6 3 3 2 2]
 [4 6 3 3 3 1]
 [4 6 3 3 3 2]
 [4 6 3 3 3 3]
 [2 1 1 3 3 3]
 [9 2 1 2 1 3]
 [9 1 1 2 3 3]
 [9 1 2 3 1 3]
 [9 2 1 3 1 3]
 [7 2 0 1 2 0]
 [5 9 9 1 1 1]
 [7 1 0 3 3 0]
 [8 9 1 1 3 3]
 [8 9 1 2 3 3]
 [4 7 0 2 1 0]
 [4 7 0 3 1 0]
 [4 7 0 3 2 0]
 [4 7 0 2 3 0]
 [4 7 0 3 3 0]] [[ 16.95943279]
 [ 17.7046882 ]
 [ 38.33894014]
 [ 42.31371525]
 [ 45.96555373]
 [ 65.72609631]
 [ 97.7908752 ]
 [ 98.54750923]
 [ 75.24757849]
 [ 82.64577276]
 [  7.28036412]
 [ 17.54143427]
 [ 20.8507232 ]
 [  7.90151654]
 [175.51791364]
 [ 40.454512  ]
 [ 50.99944475]
 [ 52.21399148]
 [ 65.84471214]
 [ 67.43153067]
 [ 50.19927738]
 [ 61.51185804]
 [ 65.44906429]
 [ 89.08423883]
 [ 98.01461294]
 [ 16.48574383]
 [ 24.36451299]
 [ 36.09593441]
 [ 71.04315512]
 [ 75.70922634]
 [ 35.84248889]
 [ 59.32051297]
 [ 57.0975971 ]
 [ 75.96176734]
 [ 95.99979628]
 [ 93.1024942 ]
 [ 94.31903041]
 [ 98.76914719]
 [ 99.66085279]
 [120.83986159]
 [ 13.18742064]
 [ 17.51672085]
 [ 21.34472061]
 [ 37.78880103]
 [  1.49798303]
 [ 54.93346487]
 [ 68.3018322 ]
 [ 96.61473963]
 [ 98.1841595 ]
 [114.39098862]
 [ 20.85620488]
 [ 27.01000274]
 [ 49.20728512]
 [ 55.57889594]
 [ 60.78277985]
 [ 18.8479017 ]
 [ 21.67882222]
 [ 25.04488451]
 [ 27.98255494]
 [ 30.58985941]
 [ 36.16453358]
 [ 78.85765348]
 [ 74.82583018]
 [ 84.90290263]
 [ 85.849466  ]
 [ 23.89212579]
 [ 45.5362926 ]
 [ 47.1696545 ]
 [ 56.07891044]
 [ 62.25471483]
 [ 16.09995444]
 [ 28.79315143]
 [ 30.04054337]
 [ 41.45630102]
 [ 36.94518855]
 [ 13.21024302]
 [ 40.70621384]
 [ 24.46676826]
 [ 57.17935789]
 [ 65.86602695]
 [ 23.9212692 ]
 [ 26.88918974]
 [ 36.42808363]
 [ 41.94107574]
 [ 45.53612339]]
Query step: 17
17:        x_0  x_1  x_2  y_0  y_1  y_2
332      0    5    1    0    1    3
11435    6    1    1    1    3    3
3119     2    1    9    1    2    1
3377     2    2    9    3    3    1
3136     2    1    9    3    2    1            f_res
332    14.268415
11435  13.689271
3119   32.754120
3377   48.563868
3136   39.969544
17: X_train und x_test:  [[1 8 1 1 1 1]
 [3 1 1 3 1 2]
 [6 8 5 1 1 2]
 [8 3 6 2 1 2]
 [6 8 4 2 2 1]
 [0 1 9 0 3 3]
 [1 7 9 1 3 3]
 [1 9 9 1 3 3]
 [0 2 9 0 3 3]
 [0 3 9 0 3 3]
 [1 1 0 2 3 0]
 [6 1 0 2 3 0]
 [8 1 0 2 3 0]
 [2 1 0 1 3 0]
 [9 1 0 2 3 0]
 [1 9 5 3 2 1]
 [1 9 5 2 2 2]
 [1 9 5 3 2 2]
 [1 9 5 2 2 3]
 [1 9 5 3 2 3]
 [4 9 9 3 1 1]
 [4 9 9 2 2 1]
 [4 9 9 3 2 1]
 [4 9 9 1 1 3]
 [4 9 9 2 1 3]
 [5 1 2 1 3 3]
 [5 1 3 1 3 3]
 [5 1 3 3 3 3]
 [5 1 8 1 3 3]
 [5 1 8 2 3 3]
 [7 6 8 1 1 1]
 [7 6 8 1 1 2]
 [7 6 7 3 3 1]
 [7 6 7 3 2 2]
 [7 6 7 3 1 3]
 [2 8 9 3 1 3]
 [2 9 9 1 2 3]
 [2 9 9 2 2 3]
 [9 9 9 1 2 3]
 [9 9 9 3 2 3]
 [4 1 0 2 2 0]
 [4 2 0 2 3 0]
 [4 2 0 3 3 0]
 [0 8 0 0 3 0]
 [0 1 0 0 1 0]
 [3 9 9 1 2 1]
 [3 9 8 1 3 1]
 [3 9 9 1 2 3]
 [3 9 9 1 3 2]
 [3 9 9 3 3 3]
 [5 8 0 1 1 0]
 [5 8 0 2 1 0]
 [5 9 0 1 3 0]
 [5 9 0 2 3 0]
 [5 9 0 3 3 0]
 [4 5 0 2 1 0]
 [4 5 0 3 1 0]
 [4 5 0 2 2 0]
 [4 5 0 3 2 0]
 [4 5 0 2 3 0]
 [4 4 7 1 3 1]
 [4 4 7 1 1 3]
 [4 4 7 1 3 2]
 [4 4 7 1 2 3]
 [4 4 7 1 3 3]
 [4 6 4 1 1 1]
 [4 6 3 3 2 2]
 [4 6 3 3 3 1]
 [4 6 3 3 3 2]
 [4 6 3 3 3 3]
 [2 1 1 3 3 3]
 [9 2 1 2 1 3]
 [9 1 1 2 3 3]
 [9 1 2 3 1 3]
 [9 2 1 3 1 3]
 [7 2 0 1 2 0]
 [5 9 9 1 1 1]
 [7 1 0 3 3 0]
 [8 9 1 1 3 3]
 [8 9 1 2 3 3]
 [4 7 0 2 1 0]
 [4 7 0 3 1 0]
 [4 7 0 3 2 0]
 [4 7 0 2 3 0]
 [4 7 0 3 3 0]
 [0 5 1 0 1 3]
 [6 1 1 1 3 3]
 [2 1 9 1 2 1]
 [2 2 9 3 3 1]
 [2 1 9 3 2 1]] [[ 16.95943279]
 [ 17.7046882 ]
 [ 38.33894014]
 [ 42.31371525]
 [ 45.96555373]
 [ 65.72609631]
 [ 97.7908752 ]
 [ 98.54750923]
 [ 75.24757849]
 [ 82.64577276]
 [  7.28036412]
 [ 17.54143427]
 [ 20.8507232 ]
 [  7.90151654]
 [175.51791364]
 [ 40.454512  ]
 [ 50.99944475]
 [ 52.21399148]
 [ 65.84471214]
 [ 67.43153067]
 [ 50.19927738]
 [ 61.51185804]
 [ 65.44906429]
 [ 89.08423883]
 [ 98.01461294]
 [ 16.48574383]
 [ 24.36451299]
 [ 36.09593441]
 [ 71.04315512]
 [ 75.70922634]
 [ 35.84248889]
 [ 59.32051297]
 [ 57.0975971 ]
 [ 75.96176734]
 [ 95.99979628]
 [ 93.1024942 ]
 [ 94.31903041]
 [ 98.76914719]
 [ 99.66085279]
 [120.83986159]
 [ 13.18742064]
 [ 17.51672085]
 [ 21.34472061]
 [ 37.78880103]
 [  1.49798303]
 [ 54.93346487]
 [ 68.3018322 ]
 [ 96.61473963]
 [ 98.1841595 ]
 [114.39098862]
 [ 20.85620488]
 [ 27.01000274]
 [ 49.20728512]
 [ 55.57889594]
 [ 60.78277985]
 [ 18.8479017 ]
 [ 21.67882222]
 [ 25.04488451]
 [ 27.98255494]
 [ 30.58985941]
 [ 36.16453358]
 [ 78.85765348]
 [ 74.82583018]
 [ 84.90290263]
 [ 85.849466  ]
 [ 23.89212579]
 [ 45.5362926 ]
 [ 47.1696545 ]
 [ 56.07891044]
 [ 62.25471483]
 [ 16.09995444]
 [ 28.79315143]
 [ 30.04054337]
 [ 41.45630102]
 [ 36.94518855]
 [ 13.21024302]
 [ 40.70621384]
 [ 24.46676826]
 [ 57.17935789]
 [ 65.86602695]
 [ 23.9212692 ]
 [ 26.88918974]
 [ 36.42808363]
 [ 41.94107574]
 [ 45.53612339]
 [ 14.26841516]
 [ 13.68927107]
 [ 32.75412042]
 [ 48.56386811]
 [ 39.96954383]]
Query step: 18
18:        x_0  x_1  x_2  y_0  y_1  y_2
17842    9    1    9    1    2    1
11637    6    1    9    2    1    1
18072    9    2    9    1    3    1
17856    9    1    9    3    1    1
17847    9    1    9    2    1    1            f_res
17842  37.866280
11637  37.598917
18072  46.871031
17856  47.894253
17847  41.024303
18: X_train und x_test:  [[1 8 1 1 1 1]
 [3 1 1 3 1 2]
 [6 8 5 1 1 2]
 [8 3 6 2 1 2]
 [6 8 4 2 2 1]
 [0 1 9 0 3 3]
 [1 7 9 1 3 3]
 [1 9 9 1 3 3]
 [0 2 9 0 3 3]
 [0 3 9 0 3 3]
 [1 1 0 2 3 0]
 [6 1 0 2 3 0]
 [8 1 0 2 3 0]
 [2 1 0 1 3 0]
 [9 1 0 2 3 0]
 [1 9 5 3 2 1]
 [1 9 5 2 2 2]
 [1 9 5 3 2 2]
 [1 9 5 2 2 3]
 [1 9 5 3 2 3]
 [4 9 9 3 1 1]
 [4 9 9 2 2 1]
 [4 9 9 3 2 1]
 [4 9 9 1 1 3]
 [4 9 9 2 1 3]
 [5 1 2 1 3 3]
 [5 1 3 1 3 3]
 [5 1 3 3 3 3]
 [5 1 8 1 3 3]
 [5 1 8 2 3 3]
 [7 6 8 1 1 1]
 [7 6 8 1 1 2]
 [7 6 7 3 3 1]
 [7 6 7 3 2 2]
 [7 6 7 3 1 3]
 [2 8 9 3 1 3]
 [2 9 9 1 2 3]
 [2 9 9 2 2 3]
 [9 9 9 1 2 3]
 [9 9 9 3 2 3]
 [4 1 0 2 2 0]
 [4 2 0 2 3 0]
 [4 2 0 3 3 0]
 [0 8 0 0 3 0]
 [0 1 0 0 1 0]
 [3 9 9 1 2 1]
 [3 9 8 1 3 1]
 [3 9 9 1 2 3]
 [3 9 9 1 3 2]
 [3 9 9 3 3 3]
 [5 8 0 1 1 0]
 [5 8 0 2 1 0]
 [5 9 0 1 3 0]
 [5 9 0 2 3 0]
 [5 9 0 3 3 0]
 [4 5 0 2 1 0]
 [4 5 0 3 1 0]
 [4 5 0 2 2 0]
 [4 5 0 3 2 0]
 [4 5 0 2 3 0]
 [4 4 7 1 3 1]
 [4 4 7 1 1 3]
 [4 4 7 1 3 2]
 [4 4 7 1 2 3]
 [4 4 7 1 3 3]
 [4 6 4 1 1 1]
 [4 6 3 3 2 2]
 [4 6 3 3 3 1]
 [4 6 3 3 3 2]
 [4 6 3 3 3 3]
 [2 1 1 3 3 3]
 [9 2 1 2 1 3]
 [9 1 1 2 3 3]
 [9 1 2 3 1 3]
 [9 2 1 3 1 3]
 [7 2 0 1 2 0]
 [5 9 9 1 1 1]
 [7 1 0 3 3 0]
 [8 9 1 1 3 3]
 [8 9 1 2 3 3]
 [4 7 0 2 1 0]
 [4 7 0 3 1 0]
 [4 7 0 3 2 0]
 [4 7 0 2 3 0]
 [4 7 0 3 3 0]
 [0 5 1 0 1 3]
 [6 1 1 1 3 3]
 [2 1 9 1 2 1]
 [2 2 9 3 3 1]
 [2 1 9 3 2 1]
 [9 1 9 1 2 1]
 [6 1 9 2 1 1]
 [9 2 9 1 3 1]
 [9 1 9 3 1 1]
 [9 1 9 2 1 1]] [[ 16.95943279]
 [ 17.7046882 ]
 [ 38.33894014]
 [ 42.31371525]
 [ 45.96555373]
 [ 65.72609631]
 [ 97.7908752 ]
 [ 98.54750923]
 [ 75.24757849]
 [ 82.64577276]
 [  7.28036412]
 [ 17.54143427]
 [ 20.8507232 ]
 [  7.90151654]
 [175.51791364]
 [ 40.454512  ]
 [ 50.99944475]
 [ 52.21399148]
 [ 65.84471214]
 [ 67.43153067]
 [ 50.19927738]
 [ 61.51185804]
 [ 65.44906429]
 [ 89.08423883]
 [ 98.01461294]
 [ 16.48574383]
 [ 24.36451299]
 [ 36.09593441]
 [ 71.04315512]
 [ 75.70922634]
 [ 35.84248889]
 [ 59.32051297]
 [ 57.0975971 ]
 [ 75.96176734]
 [ 95.99979628]
 [ 93.1024942 ]
 [ 94.31903041]
 [ 98.76914719]
 [ 99.66085279]
 [120.83986159]
 [ 13.18742064]
 [ 17.51672085]
 [ 21.34472061]
 [ 37.78880103]
 [  1.49798303]
 [ 54.93346487]
 [ 68.3018322 ]
 [ 96.61473963]
 [ 98.1841595 ]
 [114.39098862]
 [ 20.85620488]
 [ 27.01000274]
 [ 49.20728512]
 [ 55.57889594]
 [ 60.78277985]
 [ 18.8479017 ]
 [ 21.67882222]
 [ 25.04488451]
 [ 27.98255494]
 [ 30.58985941]
 [ 36.16453358]
 [ 78.85765348]
 [ 74.82583018]
 [ 84.90290263]
 [ 85.849466  ]
 [ 23.89212579]
 [ 45.5362926 ]
 [ 47.1696545 ]
 [ 56.07891044]
 [ 62.25471483]
 [ 16.09995444]
 [ 28.79315143]
 [ 30.04054337]
 [ 41.45630102]
 [ 36.94518855]
 [ 13.21024302]
 [ 40.70621384]
 [ 24.46676826]
 [ 57.17935789]
 [ 65.86602695]
 [ 23.9212692 ]
 [ 26.88918974]
 [ 36.42808363]
 [ 41.94107574]
 [ 45.53612339]
 [ 14.26841516]
 [ 13.68927107]
 [ 32.75412042]
 [ 48.56386811]
 [ 39.96954383]
 [ 37.86628033]
 [ 37.59891736]
 [ 46.87103136]
 [ 47.89425255]
 [ 41.02430326]]
Query step: 19
19:       x_0  x_1  x_2  y_0  y_1  y_2
8969    4    8    5    3    1    1
8972    4    8    5    3    2    1
8983    4    8    6    1    3    1
8971    4    8    5    3    1    3
8976    4    8    5    3    3    2           f_res
8969  37.348626
8972  49.550372
8983  55.511940
8971  58.276265
8976  78.018348
19: X_train und x_test:  [[1 8 1 1 1 1]
 [3 1 1 3 1 2]
 [6 8 5 1 1 2]
 [8 3 6 2 1 2]
 [6 8 4 2 2 1]
 [0 1 9 0 3 3]
 [1 7 9 1 3 3]
 [1 9 9 1 3 3]
 [0 2 9 0 3 3]
 [0 3 9 0 3 3]
 [1 1 0 2 3 0]
 [6 1 0 2 3 0]
 [8 1 0 2 3 0]
 [2 1 0 1 3 0]
 [9 1 0 2 3 0]
 [1 9 5 3 2 1]
 [1 9 5 2 2 2]
 [1 9 5 3 2 2]
 [1 9 5 2 2 3]
 [1 9 5 3 2 3]
 [4 9 9 3 1 1]
 [4 9 9 2 2 1]
 [4 9 9 3 2 1]
 [4 9 9 1 1 3]
 [4 9 9 2 1 3]
 [5 1 2 1 3 3]
 [5 1 3 1 3 3]
 [5 1 3 3 3 3]
 [5 1 8 1 3 3]
 [5 1 8 2 3 3]
 [7 6 8 1 1 1]
 [7 6 8 1 1 2]
 [7 6 7 3 3 1]
 [7 6 7 3 2 2]
 [7 6 7 3 1 3]
 [2 8 9 3 1 3]
 [2 9 9 1 2 3]
 [2 9 9 2 2 3]
 [9 9 9 1 2 3]
 [9 9 9 3 2 3]
 [4 1 0 2 2 0]
 [4 2 0 2 3 0]
 [4 2 0 3 3 0]
 [0 8 0 0 3 0]
 [0 1 0 0 1 0]
 [3 9 9 1 2 1]
 [3 9 8 1 3 1]
 [3 9 9 1 2 3]
 [3 9 9 1 3 2]
 [3 9 9 3 3 3]
 [5 8 0 1 1 0]
 [5 8 0 2 1 0]
 [5 9 0 1 3 0]
 [5 9 0 2 3 0]
 [5 9 0 3 3 0]
 [4 5 0 2 1 0]
 [4 5 0 3 1 0]
 [4 5 0 2 2 0]
 [4 5 0 3 2 0]
 [4 5 0 2 3 0]
 [4 4 7 1 3 1]
 [4 4 7 1 1 3]
 [4 4 7 1 3 2]
 [4 4 7 1 2 3]
 [4 4 7 1 3 3]
 [4 6 4 1 1 1]
 [4 6 3 3 2 2]
 [4 6 3 3 3 1]
 [4 6 3 3 3 2]
 [4 6 3 3 3 3]
 [2 1 1 3 3 3]
 [9 2 1 2 1 3]
 [9 1 1 2 3 3]
 [9 1 2 3 1 3]
 [9 2 1 3 1 3]
 [7 2 0 1 2 0]
 [5 9 9 1 1 1]
 [7 1 0 3 3 0]
 [8 9 1 1 3 3]
 [8 9 1 2 3 3]
 [4 7 0 2 1 0]
 [4 7 0 3 1 0]
 [4 7 0 3 2 0]
 [4 7 0 2 3 0]
 [4 7 0 3 3 0]
 [0 5 1 0 1 3]
 [6 1 1 1 3 3]
 [2 1 9 1 2 1]
 [2 2 9 3 3 1]
 [2 1 9 3 2 1]
 [9 1 9 1 2 1]
 [6 1 9 2 1 1]
 [9 2 9 1 3 1]
 [9 1 9 3 1 1]
 [9 1 9 2 1 1]
 [4 8 5 3 1 1]
 [4 8 5 3 2 1]
 [4 8 6 1 3 1]
 [4 8 5 3 1 3]
 [4 8 5 3 3 2]] [[ 16.95943279]
 [ 17.7046882 ]
 [ 38.33894014]
 [ 42.31371525]
 [ 45.96555373]
 [ 65.72609631]
 [ 97.7908752 ]
 [ 98.54750923]
 [ 75.24757849]
 [ 82.64577276]
 [  7.28036412]
 [ 17.54143427]
 [ 20.8507232 ]
 [  7.90151654]
 [175.51791364]
 [ 40.454512  ]
 [ 50.99944475]
 [ 52.21399148]
 [ 65.84471214]
 [ 67.43153067]
 [ 50.19927738]
 [ 61.51185804]
 [ 65.44906429]
 [ 89.08423883]
 [ 98.01461294]
 [ 16.48574383]
 [ 24.36451299]
 [ 36.09593441]
 [ 71.04315512]
 [ 75.70922634]
 [ 35.84248889]
 [ 59.32051297]
 [ 57.0975971 ]
 [ 75.96176734]
 [ 95.99979628]
 [ 93.1024942 ]
 [ 94.31903041]
 [ 98.76914719]
 [ 99.66085279]
 [120.83986159]
 [ 13.18742064]
 [ 17.51672085]
 [ 21.34472061]
 [ 37.78880103]
 [  1.49798303]
 [ 54.93346487]
 [ 68.3018322 ]
 [ 96.61473963]
 [ 98.1841595 ]
 [114.39098862]
 [ 20.85620488]
 [ 27.01000274]
 [ 49.20728512]
 [ 55.57889594]
 [ 60.78277985]
 [ 18.8479017 ]
 [ 21.67882222]
 [ 25.04488451]
 [ 27.98255494]
 [ 30.58985941]
 [ 36.16453358]
 [ 78.85765348]
 [ 74.82583018]
 [ 84.90290263]
 [ 85.849466  ]
 [ 23.89212579]
 [ 45.5362926 ]
 [ 47.1696545 ]
 [ 56.07891044]
 [ 62.25471483]
 [ 16.09995444]
 [ 28.79315143]
 [ 30.04054337]
 [ 41.45630102]
 [ 36.94518855]
 [ 13.21024302]
 [ 40.70621384]
 [ 24.46676826]
 [ 57.17935789]
 [ 65.86602695]
 [ 23.9212692 ]
 [ 26.88918974]
 [ 36.42808363]
 [ 41.94107574]
 [ 45.53612339]
 [ 14.26841516]
 [ 13.68927107]
 [ 32.75412042]
 [ 48.56386811]
 [ 39.96954383]
 [ 37.86628033]
 [ 37.59891736]
 [ 46.87103136]
 [ 47.89425255]
 [ 41.02430326]
 [ 37.34862574]
 [ 49.55037229]
 [ 55.51194016]
 [ 58.27626484]
 [ 78.01834766]]
Query step: 20
20:        x_0  x_1  x_2  y_0  y_1  y_2
6486     3    7    0    1    1    0
6964     3    9    0    1    3    0
6967     3    9    0    2    3    0
17624    8    9    9    3    3    1            f_res
6486   94.232861
6964   47.153329
6967   51.304639
17624  89.992308
20: X_train und x_test:  [[1 8 1 1 1 1]
 [3 1 1 3 1 2]
 [6 8 5 1 1 2]
 [8 3 6 2 1 2]
 [6 8 4 2 2 1]
 [0 1 9 0 3 3]
 [1 7 9 1 3 3]
 [1 9 9 1 3 3]
 [0 2 9 0 3 3]
 [0 3 9 0 3 3]
 [1 1 0 2 3 0]
 [6 1 0 2 3 0]
 [8 1 0 2 3 0]
 [2 1 0 1 3 0]
 [9 1 0 2 3 0]
 [1 9 5 3 2 1]
 [1 9 5 2 2 2]
 [1 9 5 3 2 2]
 [1 9 5 2 2 3]
 [1 9 5 3 2 3]
 [4 9 9 3 1 1]
 [4 9 9 2 2 1]
 [4 9 9 3 2 1]
 [4 9 9 1 1 3]
 [4 9 9 2 1 3]
 [5 1 2 1 3 3]
 [5 1 3 1 3 3]
 [5 1 3 3 3 3]
 [5 1 8 1 3 3]
 [5 1 8 2 3 3]
 [7 6 8 1 1 1]
 [7 6 8 1 1 2]
 [7 6 7 3 3 1]
 [7 6 7 3 2 2]
 [7 6 7 3 1 3]
 [2 8 9 3 1 3]
 [2 9 9 1 2 3]
 [2 9 9 2 2 3]
 [9 9 9 1 2 3]
 [9 9 9 3 2 3]
 [4 1 0 2 2 0]
 [4 2 0 2 3 0]
 [4 2 0 3 3 0]
 [0 8 0 0 3 0]
 [0 1 0 0 1 0]
 [3 9 9 1 2 1]
 [3 9 8 1 3 1]
 [3 9 9 1 2 3]
 [3 9 9 1 3 2]
 [3 9 9 3 3 3]
 [5 8 0 1 1 0]
 [5 8 0 2 1 0]
 [5 9 0 1 3 0]
 [5 9 0 2 3 0]
 [5 9 0 3 3 0]
 [4 5 0 2 1 0]
 [4 5 0 3 1 0]
 [4 5 0 2 2 0]
 [4 5 0 3 2 0]
 [4 5 0 2 3 0]
 [4 4 7 1 3 1]
 [4 4 7 1 1 3]
 [4 4 7 1 3 2]
 [4 4 7 1 2 3]
 [4 4 7 1 3 3]
 [4 6 4 1 1 1]
 [4 6 3 3 2 2]
 [4 6 3 3 3 1]
 [4 6 3 3 3 2]
 [4 6 3 3 3 3]
 [2 1 1 3 3 3]
 [9 2 1 2 1 3]
 [9 1 1 2 3 3]
 [9 1 2 3 1 3]
 [9 2 1 3 1 3]
 [7 2 0 1 2 0]
 [5 9 9 1 1 1]
 [7 1 0 3 3 0]
 [8 9 1 1 3 3]
 [8 9 1 2 3 3]
 [4 7 0 2 1 0]
 [4 7 0 3 1 0]
 [4 7 0 3 2 0]
 [4 7 0 2 3 0]
 [4 7 0 3 3 0]
 [0 5 1 0 1 3]
 [6 1 1 1 3 3]
 [2 1 9 1 2 1]
 [2 2 9 3 3 1]
 [2 1 9 3 2 1]
 [9 1 9 1 2 1]
 [6 1 9 2 1 1]
 [9 2 9 1 3 1]
 [9 1 9 3 1 1]
 [9 1 9 2 1 1]
 [4 8 5 3 1 1]
 [4 8 5 3 2 1]
 [4 8 6 1 3 1]
 [4 8 5 3 1 3]
 [4 8 5 3 3 2]
 [3 7 0 1 1 0]
 [3 9 0 1 3 0]
 [3 9 0 2 3 0]
 [8 9 9 3 3 1]] [[ 16.95943279]
 [ 17.7046882 ]
 [ 38.33894014]
 [ 42.31371525]
 [ 45.96555373]
 [ 65.72609631]
 [ 97.7908752 ]
 [ 98.54750923]
 [ 75.24757849]
 [ 82.64577276]
 [  7.28036412]
 [ 17.54143427]
 [ 20.8507232 ]
 [  7.90151654]
 [175.51791364]
 [ 40.454512  ]
 [ 50.99944475]
 [ 52.21399148]
 [ 65.84471214]
 [ 67.43153067]
 [ 50.19927738]
 [ 61.51185804]
 [ 65.44906429]
 [ 89.08423883]
 [ 98.01461294]
 [ 16.48574383]
 [ 24.36451299]
 [ 36.09593441]
 [ 71.04315512]
 [ 75.70922634]
 [ 35.84248889]
 [ 59.32051297]
 [ 57.0975971 ]
 [ 75.96176734]
 [ 95.99979628]
 [ 93.1024942 ]
 [ 94.31903041]
 [ 98.76914719]
 [ 99.66085279]
 [120.83986159]
 [ 13.18742064]
 [ 17.51672085]
 [ 21.34472061]
 [ 37.78880103]
 [  1.49798303]
 [ 54.93346487]
 [ 68.3018322 ]
 [ 96.61473963]
 [ 98.1841595 ]
 [114.39098862]
 [ 20.85620488]
 [ 27.01000274]
 [ 49.20728512]
 [ 55.57889594]
 [ 60.78277985]
 [ 18.8479017 ]
 [ 21.67882222]
 [ 25.04488451]
 [ 27.98255494]
 [ 30.58985941]
 [ 36.16453358]
 [ 78.85765348]
 [ 74.82583018]
 [ 84.90290263]
 [ 85.849466  ]
 [ 23.89212579]
 [ 45.5362926 ]
 [ 47.1696545 ]
 [ 56.07891044]
 [ 62.25471483]
 [ 16.09995444]
 [ 28.79315143]
 [ 30.04054337]
 [ 41.45630102]
 [ 36.94518855]
 [ 13.21024302]
 [ 40.70621384]
 [ 24.46676826]
 [ 57.17935789]
 [ 65.86602695]
 [ 23.9212692 ]
 [ 26.88918974]
 [ 36.42808363]
 [ 41.94107574]
 [ 45.53612339]
 [ 14.26841516]
 [ 13.68927107]
 [ 32.75412042]
 [ 48.56386811]
 [ 39.96954383]
 [ 37.86628033]
 [ 37.59891736]
 [ 46.87103136]
 [ 47.89425255]
 [ 41.02430326]
 [ 37.34862574]
 [ 49.55037229]
 [ 55.51194016]
 [ 58.27626484]
 [ 78.01834766]
 [ 94.23286055]
 [ 47.15332945]
 [ 51.30463856]
 [ 89.99230773]]