(base) C:\Users\weiso\Desktop\ALinSim\src>python GP_Active_learning_trc.py --random_state 42
Total valid pool combinations (paper-consistent): 21168 (should be 21168)
Valid pool count (paper-consistent): 21168, should be 21168
delta = 0.1905  (=0.5 * median NN distance in normalized space)
Pool after removing test points: 21068
Pool kept after distance filtering: 19744 / 21068
Query step: 0
step == 0 [15278, 8664, 12922, 1761, 8549]
0:        x_0  x_1  x_2  y_0  y_1  y_2
1761     1    5    3    2    2    2
8549     4    7    3    3    2    1
15278    7    9    1    1    3    3
12922    6    8    0    3    3    0
8664     4    7    8    2    3    2             f_res
1761    31.872662
8549    42.822146
15278   57.255875
12922   56.368995
8664   100.524899
0: X_train und x_test:  [[1 5 3 2 2 2]
 [4 7 3 3 2 1]
 [7 9 1 1 3 3]
 [6 8 0 3 3 0]
 [4 7 8 2 3 2]] [[ 31.87266159]
 [ 42.82214607]
 [ 57.2558745 ]
 [ 56.36899476]
 [100.52489855]]
Query step: 1
1:        x_0  x_1  x_2  y_0  y_1  y_2
18296    9    3    9    1    1    2
17841    9    1    9    3    1    1
18297    9    3    9    1    1    3
18071    9    2    9    2    1    3
17842    9    1    9    3    1    2            f_res
18296  62.301818
17841  47.894253
18297  85.126674
18071  91.354888
17842  74.767397
1: X_train und x_test:  [[1 5 3 2 2 2]
 [4 7 3 3 2 1]
 [7 9 1 1 3 3]
 [6 8 0 3 3 0]
 [4 7 8 2 3 2]
 [9 3 9 1 1 2]
 [9 1 9 3 1 1]
 [9 3 9 1 1 3]
 [9 2 9 2 1 3]
 [9 1 9 3 1 2]] [[ 31.87266159]
 [ 42.82214607]
 [ 57.2558745 ]
 [ 56.36899476]
 [100.52489855]
 [ 62.30181831]
 [ 47.89425255]
 [ 85.12667413]
 [ 91.35488837]
 [ 74.76739713]]
Query step: 2
2:        x_0  x_1  x_2  y_0  y_1  y_2
11918    6    3    7    2    3    1
11916    6    3    7    2    2    2
11919    6    3    7    2    3    2
11917    6    3    7    2    2    3
11920    6    3    7    2    3    3            f_res
11918  37.622957
11916  62.619855
11919  74.788617
11917  86.093227
11920  82.651127
2: X_train und x_test:  [[1 5 3 2 2 2]
 [4 7 3 3 2 1]
 [7 9 1 1 3 3]
 [6 8 0 3 3 0]
 [4 7 8 2 3 2]
 [9 3 9 1 1 2]
 [9 1 9 3 1 1]
 [9 3 9 1 1 3]
 [9 2 9 2 1 3]
 [9 1 9 3 1 2]
 [6 3 7 2 3 1]
 [6 3 7 2 2 2]
 [6 3 7 2 3 2]
 [6 3 7 2 2 3]
 [6 3 7 2 3 3]] [[ 31.87266159]
 [ 42.82214607]
 [ 57.2558745 ]
 [ 56.36899476]
 [100.52489855]
 [ 62.30181831]
 [ 47.89425255]
 [ 85.12667413]
 [ 91.35488837]
 [ 74.76739713]
 [ 37.62295673]
 [ 62.61985477]
 [ 74.78861689]
 [ 86.09322725]
 [ 82.65112739]]
Query step: 3
3:        x_0  x_1  x_2  y_0  y_1  y_2
10495    5    6    6    2    1    1
10498    5    6    6    2    2    2
10497    5    6    6    2    1    3
10508    5    6    6    3    3    1
10494    5    6    6    1    3    3            f_res
10495  31.943760
10498  54.258823
10497  68.264548
10508  50.092000
10494  84.581800
3: X_train und x_test:  [[1 5 3 2 2 2]
 [4 7 3 3 2 1]
 [7 9 1 1 3 3]
 [6 8 0 3 3 0]
 [4 7 8 2 3 2]
 [9 3 9 1 1 2]
 [9 1 9 3 1 1]
 [9 3 9 1 1 3]
 [9 2 9 2 1 3]
 [9 1 9 3 1 2]
 [6 3 7 2 3 1]
 [6 3 7 2 2 2]
 [6 3 7 2 3 2]
 [6 3 7 2 2 3]
 [6 3 7 2 3 3]
 [5 6 6 2 1 1]
 [5 6 6 2 2 2]
 [5 6 6 2 1 3]
 [5 6 6 3 3 1]
 [5 6 6 1 3 3]] [[ 31.87266159]
 [ 42.82214607]
 [ 57.2558745 ]
 [ 56.36899476]
 [100.52489855]
 [ 62.30181831]
 [ 47.89425255]
 [ 85.12667413]
 [ 91.35488837]
 [ 74.76739713]
 [ 37.62295673]
 [ 62.61985477]
 [ 74.78861689]
 [ 86.09322725]
 [ 82.65112739]
 [ 31.94376047]
 [ 54.25882308]
 [ 68.26454841]
 [ 50.09200019]
 [ 84.58180028]]
Query step: 4
4:        x_0  x_1  x_2  y_0  y_1  y_2
17853    9    2    0    2    1    0
14800    7    7    0    1    2    0
14802    7    7    0    2    1    0
17855    9    2    0    3    1    0
17856    9    2    0    3    2    0            f_res
17853  21.537642
14800  29.192077
14802  25.615597
17855  28.453355
17856  30.117978
4: X_train und x_test:  [[1 5 3 2 2 2]
 [4 7 3 3 2 1]
 [7 9 1 1 3 3]
 [6 8 0 3 3 0]
 [4 7 8 2 3 2]
 [9 3 9 1 1 2]
 [9 1 9 3 1 1]
 [9 3 9 1 1 3]
 [9 2 9 2 1 3]
 [9 1 9 3 1 2]
 [6 3 7 2 3 1]
 [6 3 7 2 2 2]
 [6 3 7 2 3 2]
 [6 3 7 2 2 3]
 [6 3 7 2 3 3]
 [5 6 6 2 1 1]
 [5 6 6 2 2 2]
 [5 6 6 2 1 3]
 [5 6 6 3 3 1]
 [5 6 6 1 3 3]
 [9 2 0 2 1 0]
 [7 7 0 1 2 0]
 [7 7 0 2 1 0]
 [9 2 0 3 1 0]
 [9 2 0 3 2 0]] [[ 31.87266159]
 [ 42.82214607]
 [ 57.2558745 ]
 [ 56.36899476]
 [100.52489855]
 [ 62.30181831]
 [ 47.89425255]
 [ 85.12667413]
 [ 91.35488837]
 [ 74.76739713]
 [ 37.62295673]
 [ 62.61985477]
 [ 74.78861689]
 [ 86.09322725]
 [ 82.65112739]
 [ 31.94376047]
 [ 54.25882308]
 [ 68.26454841]
 [ 50.09200019]
 [ 84.58180028]
 [ 21.5376419 ]
 [ 29.19207735]
 [ 25.61559688]
 [ 28.45335532]
 [ 30.11797767]]
Query step: 5
5:        x_0  x_1  x_2  y_0  y_1  y_2
749      1    1    1    1    1    3
11306    6    1    1    3    1    3
13411    7    1    1    3    1    3
15527    8    1    1    3    1    3
17634    9    1    1    3    1    3            f_res
749     6.977948
11306  28.129283
13411  30.904037
15527  33.691035
17634  36.421067
5: X_train und x_test:  [[1 5 3 2 2 2]
 [4 7 3 3 2 1]
 [7 9 1 1 3 3]
 [6 8 0 3 3 0]
 [4 7 8 2 3 2]
 [9 3 9 1 1 2]
 [9 1 9 3 1 1]
 [9 3 9 1 1 3]
 [9 2 9 2 1 3]
 [9 1 9 3 1 2]
 [6 3 7 2 3 1]
 [6 3 7 2 2 2]
 [6 3 7 2 3 2]
 [6 3 7 2 2 3]
 [6 3 7 2 3 3]
 [5 6 6 2 1 1]
 [5 6 6 2 2 2]
 [5 6 6 2 1 3]
 [5 6 6 3 3 1]
 [5 6 6 1 3 3]
 [9 2 0 2 1 0]
 [7 7 0 1 2 0]
 [7 7 0 2 1 0]
 [9 2 0 3 1 0]
 [9 2 0 3 2 0]
 [1 1 1 1 1 3]
 [6 1 1 3 1 3]
 [7 1 1 3 1 3]
 [8 1 1 3 1 3]
 [9 1 1 3 1 3]] [[ 31.87266159]
 [ 42.82214607]
 [ 57.2558745 ]
 [ 56.36899476]
 [100.52489855]
 [ 62.30181831]
 [ 47.89425255]
 [ 85.12667413]
 [ 91.35488837]
 [ 74.76739713]
 [ 37.62295673]
 [ 62.61985477]
 [ 74.78861689]
 [ 86.09322725]
 [ 82.65112739]
 [ 31.94376047]
 [ 54.25882308]
 [ 68.26454841]
 [ 50.09200019]
 [ 84.58180028]
 [ 21.5376419 ]
 [ 29.19207735]
 [ 25.61559688]
 [ 28.45335532]
 [ 30.11797767]
 [  6.97794835]
 [ 28.12928321]
 [ 30.90403681]
 [ 33.69103465]
 [ 36.42106679]]
Query step: 6
6:        x_0  x_1  x_2  y_0  y_1  y_2
84       0    2    0    0    1    0
85       0    2    0    0    2    0
19514    9    9    1    1    1    2
17630    9    1    1    2    3    2
17639    9    1    1    3    3    2            f_res
84      3.584220
85      8.185665
19514  27.635396
17630  28.879616
17639  36.945343
6: X_train und x_test:  [[1 5 3 2 2 2]
 [4 7 3 3 2 1]
 [7 9 1 1 3 3]
 [6 8 0 3 3 0]
 [4 7 8 2 3 2]
 [9 3 9 1 1 2]
 [9 1 9 3 1 1]
 [9 3 9 1 1 3]
 [9 2 9 2 1 3]
 [9 1 9 3 1 2]
 [6 3 7 2 3 1]
 [6 3 7 2 2 2]
 [6 3 7 2 3 2]
 [6 3 7 2 2 3]
 [6 3 7 2 3 3]
 [5 6 6 2 1 1]
 [5 6 6 2 2 2]
 [5 6 6 2 1 3]
 [5 6 6 3 3 1]
 [5 6 6 1 3 3]
 [9 2 0 2 1 0]
 [7 7 0 1 2 0]
 [7 7 0 2 1 0]
 [9 2 0 3 1 0]
 [9 2 0 3 2 0]
 [1 1 1 1 1 3]
 [6 1 1 3 1 3]
 [7 1 1 3 1 3]
 [8 1 1 3 1 3]
 [9 1 1 3 1 3]
 [0 2 0 0 1 0]
 [0 2 0 0 2 0]
 [9 9 1 1 1 2]
 [9 1 1 2 3 2]
 [9 1 1 3 3 2]] [[ 31.87266159]
 [ 42.82214607]
 [ 57.2558745 ]
 [ 56.36899476]
 [100.52489855]
 [ 62.30181831]
 [ 47.89425255]
 [ 85.12667413]
 [ 91.35488837]
 [ 74.76739713]
 [ 37.62295673]
 [ 62.61985477]
 [ 74.78861689]
 [ 86.09322725]
 [ 82.65112739]
 [ 31.94376047]
 [ 54.25882308]
 [ 68.26454841]
 [ 50.09200019]
 [ 84.58180028]
 [ 21.5376419 ]
 [ 29.19207735]
 [ 25.61559688]
 [ 28.45335532]
 [ 30.11797767]
 [  6.97794835]
 [ 28.12928321]
 [ 30.90403681]
 [ 33.69103465]
 [ 36.42106679]
 [  3.58421987]
 [  8.18566502]
 [ 27.63539583]
 [ 28.87961643]
 [ 36.94534267]]
Query step: 7
7:       x_0  x_1  x_2  y_0  y_1  y_2
648     0    8    9    0    1    1
2833    1    9    9    1    1    1
9159    4    9    9    3    1    1
2851    1    9    9    3    1    2
735     0    9    9    0    3    1           f_res
648   29.981297
2833  33.381643
9159  50.199277
2851  63.102922
735   67.544324
7: X_train und x_test:  [[1 5 3 2 2 2]
 [4 7 3 3 2 1]
 [7 9 1 1 3 3]
 [6 8 0 3 3 0]
 [4 7 8 2 3 2]
 [9 3 9 1 1 2]
 [9 1 9 3 1 1]
 [9 3 9 1 1 3]
 [9 2 9 2 1 3]
 [9 1 9 3 1 2]
 [6 3 7 2 3 1]
 [6 3 7 2 2 2]
 [6 3 7 2 3 2]
 [6 3 7 2 2 3]
 [6 3 7 2 3 3]
 [5 6 6 2 1 1]
 [5 6 6 2 2 2]
 [5 6 6 2 1 3]
 [5 6 6 3 3 1]
 [5 6 6 1 3 3]
 [9 2 0 2 1 0]
 [7 7 0 1 2 0]
 [7 7 0 2 1 0]
 [9 2 0 3 1 0]
 [9 2 0 3 2 0]
 [1 1 1 1 1 3]
 [6 1 1 3 1 3]
 [7 1 1 3 1 3]
 [8 1 1 3 1 3]
 [9 1 1 3 1 3]
 [0 2 0 0 1 0]
 [0 2 0 0 2 0]
 [9 9 1 1 1 2]
 [9 1 1 2 3 2]
 [9 1 1 3 3 2]
 [0 8 9 0 1 1]
 [1 9 9 1 1 1]
 [4 9 9 3 1 1]
 [1 9 9 3 1 2]
 [0 9 9 0 3 1]] [[ 31.87266159]
 [ 42.82214607]
 [ 57.2558745 ]
 [ 56.36899476]
 [100.52489855]
 [ 62.30181831]
 [ 47.89425255]
 [ 85.12667413]
 [ 91.35488837]
 [ 74.76739713]
 [ 37.62295673]
 [ 62.61985477]
 [ 74.78861689]
 [ 86.09322725]
 [ 82.65112739]
 [ 31.94376047]
 [ 54.25882308]
 [ 68.26454841]
 [ 50.09200019]
 [ 84.58180028]
 [ 21.5376419 ]
 [ 29.19207735]
 [ 25.61559688]
 [ 28.45335532]
 [ 30.11797767]
 [  6.97794835]
 [ 28.12928321]
 [ 30.90403681]
 [ 33.69103465]
 [ 36.42106679]
 [  3.58421987]
 [  8.18566502]
 [ 27.63539583]
 [ 28.87961643]
 [ 36.94534267]
 [ 29.98129705]
 [ 33.38164308]
 [ 50.19927738]
 [ 63.10292169]
 [ 67.54432395]]
Query step: 8
8:       x_0  x_1  x_2  y_0  y_1  y_2
29      0    1    3    0    3    3
2892    2    1    1    3    3    3
662     0    9    1    0    1    3
4732    2    9    1    3    1    3
675     0    9    2    0    3    1           f_res
29    22.796313
2892  16.099954
662   19.814765
4732  30.500323
675   44.902086
8: X_train und x_test:  [[1 5 3 2 2 2]
 [4 7 3 3 2 1]
 [7 9 1 1 3 3]
 [6 8 0 3 3 0]
 [4 7 8 2 3 2]
 [9 3 9 1 1 2]
 [9 1 9 3 1 1]
 [9 3 9 1 1 3]
 [9 2 9 2 1 3]
 [9 1 9 3 1 2]
 [6 3 7 2 3 1]
 [6 3 7 2 2 2]
 [6 3 7 2 3 2]
 [6 3 7 2 2 3]
 [6 3 7 2 3 3]
 [5 6 6 2 1 1]
 [5 6 6 2 2 2]
 [5 6 6 2 1 3]
 [5 6 6 3 3 1]
 [5 6 6 1 3 3]
 [9 2 0 2 1 0]
 [7 7 0 1 2 0]
 [7 7 0 2 1 0]
 [9 2 0 3 1 0]
 [9 2 0 3 2 0]
 [1 1 1 1 1 3]
 [6 1 1 3 1 3]
 [7 1 1 3 1 3]
 [8 1 1 3 1 3]
 [9 1 1 3 1 3]
 [0 2 0 0 1 0]
 [0 2 0 0 2 0]
 [9 9 1 1 1 2]
 [9 1 1 2 3 2]
 [9 1 1 3 3 2]
 [0 8 9 0 1 1]
 [1 9 9 1 1 1]
 [4 9 9 3 1 1]
 [1 9 9 3 1 2]
 [0 9 9 0 3 1]
 [0 1 3 0 3 3]
 [2 1 1 3 3 3]
 [0 9 1 0 1 3]
 [2 9 1 3 1 3]
 [0 9 2 0 3 1]] [[ 31.87266159]
 [ 42.82214607]
 [ 57.2558745 ]
 [ 56.36899476]
 [100.52489855]
 [ 62.30181831]
 [ 47.89425255]
 [ 85.12667413]
 [ 91.35488837]
 [ 74.76739713]
 [ 37.62295673]
 [ 62.61985477]
 [ 74.78861689]
 [ 86.09322725]
 [ 82.65112739]
 [ 31.94376047]
 [ 54.25882308]
 [ 68.26454841]
 [ 50.09200019]
 [ 84.58180028]
 [ 21.5376419 ]
 [ 29.19207735]
 [ 25.61559688]
 [ 28.45335532]
 [ 30.11797767]
 [  6.97794835]
 [ 28.12928321]
 [ 30.90403681]
 [ 33.69103465]
 [ 36.42106679]
 [  3.58421987]
 [  8.18566502]
 [ 27.63539583]
 [ 28.87961643]
 [ 36.94534267]
 [ 29.98129705]
 [ 33.38164308]
 [ 50.19927738]
 [ 63.10292169]
 [ 67.54432395]
 [ 22.7963126 ]
 [ 16.09995444]
 [ 19.81476523]
 [ 30.50032297]
 [ 44.90208563]]
Query step: 9
9:        x_0  x_1  x_2  y_0  y_1  y_2
59       0    1    7    0    1    3
82       0    1    9    0    3    2
409      0    5    9    0    3    3
656      0    8    9    0    3    3
19743    9    9    9    3    3    3             f_res
59      61.737738
82      56.823512
409     91.951443
656     95.916093
19743  127.993804
9: X_train und x_test:  [[1 5 3 2 2 2]
 [4 7 3 3 2 1]
 [7 9 1 1 3 3]
 [6 8 0 3 3 0]
 [4 7 8 2 3 2]
 [9 3 9 1 1 2]
 [9 1 9 3 1 1]
 [9 3 9 1 1 3]
 [9 2 9 2 1 3]
 [9 1 9 3 1 2]
 [6 3 7 2 3 1]
 [6 3 7 2 2 2]
 [6 3 7 2 3 2]
 [6 3 7 2 2 3]
 [6 3 7 2 3 3]
 [5 6 6 2 1 1]
 [5 6 6 2 2 2]
 [5 6 6 2 1 3]
 [5 6 6 3 3 1]
 [5 6 6 1 3 3]
 [9 2 0 2 1 0]
 [7 7 0 1 2 0]
 [7 7 0 2 1 0]
 [9 2 0 3 1 0]
 [9 2 0 3 2 0]
 [1 1 1 1 1 3]
 [6 1 1 3 1 3]
 [7 1 1 3 1 3]
 [8 1 1 3 1 3]
 [9 1 1 3 1 3]
 [0 2 0 0 1 0]
 [0 2 0 0 2 0]
 [9 9 1 1 1 2]
 [9 1 1 2 3 2]
 [9 1 1 3 3 2]
 [0 8 9 0 1 1]
 [1 9 9 1 1 1]
 [4 9 9 3 1 1]
 [1 9 9 3 1 2]
 [0 9 9 0 3 1]
 [0 1 3 0 3 3]
 [2 1 1 3 3 3]
 [0 9 1 0 1 3]
 [2 9 1 3 1 3]
 [0 9 2 0 3 1]
 [0 1 7 0 1 3]
 [0 1 9 0 3 2]
 [0 5 9 0 3 3]
 [0 8 9 0 3 3]
 [9 9 9 3 3 3]] [[ 31.87266159]
 [ 42.82214607]
 [ 57.2558745 ]
 [ 56.36899476]
 [100.52489855]
 [ 62.30181831]
 [ 47.89425255]
 [ 85.12667413]
 [ 91.35488837]
 [ 74.76739713]
 [ 37.62295673]
 [ 62.61985477]
 [ 74.78861689]
 [ 86.09322725]
 [ 82.65112739]
 [ 31.94376047]
 [ 54.25882308]
 [ 68.26454841]
 [ 50.09200019]
 [ 84.58180028]
 [ 21.5376419 ]
 [ 29.19207735]
 [ 25.61559688]
 [ 28.45335532]
 [ 30.11797767]
 [  6.97794835]
 [ 28.12928321]
 [ 30.90403681]
 [ 33.69103465]
 [ 36.42106679]
 [  3.58421987]
 [  8.18566502]
 [ 27.63539583]
 [ 28.87961643]
 [ 36.94534267]
 [ 29.98129705]
 [ 33.38164308]
 [ 50.19927738]
 [ 63.10292169]
 [ 67.54432395]
 [ 22.7963126 ]
 [ 16.09995444]
 [ 19.81476523]
 [ 30.50032297]
 [ 44.90208563]
 [ 61.73773758]
 [ 56.82351218]
 [ 91.95144297]
 [ 95.91609252]
 [127.99380364]]
Query step: 10
10:        x_0  x_1  x_2  y_0  y_1  y_2
3        0    1    1    0    1    1
15560    8    1    3    1    1    1
17667    9    1    3    1    1    1
17694    9    1    4    1    1    1
2653     1    9    1    3    3    2            f_res
3       3.708487
15560  16.153678
17667  17.188863
17694  18.144804
2653   50.677871
10: X_train und x_test:  [[1 5 3 2 2 2]
 [4 7 3 3 2 1]
 [7 9 1 1 3 3]
 [6 8 0 3 3 0]
 [4 7 8 2 3 2]
 [9 3 9 1 1 2]
 [9 1 9 3 1 1]
 [9 3 9 1 1 3]
 [9 2 9 2 1 3]
 [9 1 9 3 1 2]
 [6 3 7 2 3 1]
 [6 3 7 2 2 2]
 [6 3 7 2 3 2]
 [6 3 7 2 2 3]
 [6 3 7 2 3 3]
 [5 6 6 2 1 1]
 [5 6 6 2 2 2]
 [5 6 6 2 1 3]
 [5 6 6 3 3 1]
 [5 6 6 1 3 3]
 [9 2 0 2 1 0]
 [7 7 0 1 2 0]
 [7 7 0 2 1 0]
 [9 2 0 3 1 0]
 [9 2 0 3 2 0]
 [1 1 1 1 1 3]
 [6 1 1 3 1 3]
 [7 1 1 3 1 3]
 [8 1 1 3 1 3]
 [9 1 1 3 1 3]
 [0 2 0 0 1 0]
 [0 2 0 0 2 0]
 [9 9 1 1 1 2]
 [9 1 1 2 3 2]
 [9 1 1 3 3 2]
 [0 8 9 0 1 1]
 [1 9 9 1 1 1]
 [4 9 9 3 1 1]
 [1 9 9 3 1 2]
 [0 9 9 0 3 1]
 [0 1 3 0 3 3]
 [2 1 1 3 3 3]
 [0 9 1 0 1 3]
 [2 9 1 3 1 3]
 [0 9 2 0 3 1]
 [0 1 7 0 1 3]
 [0 1 9 0 3 2]
 [0 5 9 0 3 3]
 [0 8 9 0 3 3]
 [9 9 9 3 3 3]
 [0 1 1 0 1 1]
 [8 1 3 1 1 1]
 [9 1 3 1 1 1]
 [9 1 4 1 1 1]
 [1 9 1 3 3 2]] [[ 31.87266159]
 [ 42.82214607]
 [ 57.2558745 ]
 [ 56.36899476]
 [100.52489855]
 [ 62.30181831]
 [ 47.89425255]
 [ 85.12667413]
 [ 91.35488837]
 [ 74.76739713]
 [ 37.62295673]
 [ 62.61985477]
 [ 74.78861689]
 [ 86.09322725]
 [ 82.65112739]
 [ 31.94376047]
 [ 54.25882308]
 [ 68.26454841]
 [ 50.09200019]
 [ 84.58180028]
 [ 21.5376419 ]
 [ 29.19207735]
 [ 25.61559688]
 [ 28.45335532]
 [ 30.11797767]
 [  6.97794835]
 [ 28.12928321]
 [ 30.90403681]
 [ 33.69103465]
 [ 36.42106679]
 [  3.58421987]
 [  8.18566502]
 [ 27.63539583]
 [ 28.87961643]
 [ 36.94534267]
 [ 29.98129705]
 [ 33.38164308]
 [ 50.19927738]
 [ 63.10292169]
 [ 67.54432395]
 [ 22.7963126 ]
 [ 16.09995444]
 [ 19.81476523]
 [ 30.50032297]
 [ 44.90208563]
 [ 61.73773758]
 [ 56.82351218]
 [ 91.95144297]
 [ 95.91609252]
 [127.99380364]
 [  3.70848698]
 [ 16.15367824]
 [ 17.18886258]
 [ 18.14480386]
 [ 50.67787085]]
Query step: 11
11:      x_0  x_1  x_2  y_0  y_1  y_2
746    1    1    0    3    3    0
45     0    1    5    0    3    1
669    0    9    2    0    1    1
686    0    9    4    0    1    1
660    0    9    1    0    1    1           f_res
746    8.469264
45   141.516184
669   15.704796
686   18.292778
660   14.884901
11: X_train und x_test:  [[1 5 3 2 2 2]
 [4 7 3 3 2 1]
 [7 9 1 1 3 3]
 [6 8 0 3 3 0]
 [4 7 8 2 3 2]
 [9 3 9 1 1 2]
 [9 1 9 3 1 1]
 [9 3 9 1 1 3]
 [9 2 9 2 1 3]
 [9 1 9 3 1 2]
 [6 3 7 2 3 1]
 [6 3 7 2 2 2]
 [6 3 7 2 3 2]
 [6 3 7 2 2 3]
 [6 3 7 2 3 3]
 [5 6 6 2 1 1]
 [5 6 6 2 2 2]
 [5 6 6 2 1 3]
 [5 6 6 3 3 1]
 [5 6 6 1 3 3]
 [9 2 0 2 1 0]
 [7 7 0 1 2 0]
 [7 7 0 2 1 0]
 [9 2 0 3 1 0]
 [9 2 0 3 2 0]
 [1 1 1 1 1 3]
 [6 1 1 3 1 3]
 [7 1 1 3 1 3]
 [8 1 1 3 1 3]
 [9 1 1 3 1 3]
 [0 2 0 0 1 0]
 [0 2 0 0 2 0]
 [9 9 1 1 1 2]
 [9 1 1 2 3 2]
 [9 1 1 3 3 2]
 [0 8 9 0 1 1]
 [1 9 9 1 1 1]
 [4 9 9 3 1 1]
 [1 9 9 3 1 2]
 [0 9 9 0 3 1]
 [0 1 3 0 3 3]
 [2 1 1 3 3 3]
 [0 9 1 0 1 3]
 [2 9 1 3 1 3]
 [0 9 2 0 3 1]
 [0 1 7 0 1 3]
 [0 1 9 0 3 2]
 [0 5 9 0 3 3]
 [0 8 9 0 3 3]
 [9 9 9 3 3 3]
 [0 1 1 0 1 1]
 [8 1 3 1 1 1]
 [9 1 3 1 1 1]
 [9 1 4 1 1 1]
 [1 9 1 3 3 2]
 [1 1 0 3 3 0]
 [0 1 5 0 3 1]
 [0 9 2 0 1 1]
 [0 9 4 0 1 1]
 [0 9 1 0 1 1]] [[ 31.87266159]
 [ 42.82214607]
 [ 57.2558745 ]
 [ 56.36899476]
 [100.52489855]
 [ 62.30181831]
 [ 47.89425255]
 [ 85.12667413]
 [ 91.35488837]
 [ 74.76739713]
 [ 37.62295673]
 [ 62.61985477]
 [ 74.78861689]
 [ 86.09322725]
 [ 82.65112739]
 [ 31.94376047]
 [ 54.25882308]
 [ 68.26454841]
 [ 50.09200019]
 [ 84.58180028]
 [ 21.5376419 ]
 [ 29.19207735]
 [ 25.61559688]
 [ 28.45335532]
 [ 30.11797767]
 [  6.97794835]
 [ 28.12928321]
 [ 30.90403681]
 [ 33.69103465]
 [ 36.42106679]
 [  3.58421987]
 [  8.18566502]
 [ 27.63539583]
 [ 28.87961643]
 [ 36.94534267]
 [ 29.98129705]
 [ 33.38164308]
 [ 50.19927738]
 [ 63.10292169]
 [ 67.54432395]
 [ 22.7963126 ]
 [ 16.09995444]
 [ 19.81476523]
 [ 30.50032297]
 [ 44.90208563]
 [ 61.73773758]
 [ 56.82351218]
 [ 91.95144297]
 [ 95.91609252]
 [127.99380364]
 [  3.70848698]
 [ 16.15367824]
 [ 17.18886258]
 [ 18.14480386]
 [ 50.67787085]
 [  8.46926428]
 [141.51618359]
 [ 15.70479594]
 [ 18.29277779]
 [ 14.88490086]]
Query step: 12
12:        x_0  x_1  x_2  y_0  y_1  y_2
19586    9    9    3    3    1    3
17477    8    9    4    3    1    3
18194    9    3    4    3    3    3
18904    9    6    4    3    3    3
17244    8    8    4    3    3    3            f_res
19586  57.641641
17477  61.585784
18194  62.146489
18904  77.739494
17244  90.311443
12: X_train und x_test:  [[1 5 3 2 2 2]
 [4 7 3 3 2 1]
 [7 9 1 1 3 3]
 [6 8 0 3 3 0]
 [4 7 8 2 3 2]
 [9 3 9 1 1 2]
 [9 1 9 3 1 1]
 [9 3 9 1 1 3]
 [9 2 9 2 1 3]
 [9 1 9 3 1 2]
 [6 3 7 2 3 1]
 [6 3 7 2 2 2]
 [6 3 7 2 3 2]
 [6 3 7 2 2 3]
 [6 3 7 2 3 3]
 [5 6 6 2 1 1]
 [5 6 6 2 2 2]
 [5 6 6 2 1 3]
 [5 6 6 3 3 1]
 [5 6 6 1 3 3]
 [9 2 0 2 1 0]
 [7 7 0 1 2 0]
 [7 7 0 2 1 0]
 [9 2 0 3 1 0]
 [9 2 0 3 2 0]
 [1 1 1 1 1 3]
 [6 1 1 3 1 3]
 [7 1 1 3 1 3]
 [8 1 1 3 1 3]
 [9 1 1 3 1 3]
 [0 2 0 0 1 0]
 [0 2 0 0 2 0]
 [9 9 1 1 1 2]
 [9 1 1 2 3 2]
 [9 1 1 3 3 2]
 [0 8 9 0 1 1]
 [1 9 9 1 1 1]
 [4 9 9 3 1 1]
 [1 9 9 3 1 2]
 [0 9 9 0 3 1]
 [0 1 3 0 3 3]
 [2 1 1 3 3 3]
 [0 9 1 0 1 3]
 [2 9 1 3 1 3]
 [0 9 2 0 3 1]
 [0 1 7 0 1 3]
 [0 1 9 0 3 2]
 [0 5 9 0 3 3]
 [0 8 9 0 3 3]
 [9 9 9 3 3 3]
 [0 1 1 0 1 1]
 [8 1 3 1 1 1]
 [9 1 3 1 1 1]
 [9 1 4 1 1 1]
 [1 9 1 3 3 2]
 [1 1 0 3 3 0]
 [0 1 5 0 3 1]
 [0 9 2 0 1 1]
 [0 9 4 0 1 1]
 [0 9 1 0 1 1]
 [9 9 3 3 1 3]
 [8 9 4 3 1 3]
 [9 3 4 3 3 3]
 [9 6 4 3 3 3]
 [8 8 4 3 3 3]] [[ 31.87266159]
 [ 42.82214607]
 [ 57.2558745 ]
 [ 56.36899476]
 [100.52489855]
 [ 62.30181831]
 [ 47.89425255]
 [ 85.12667413]
 [ 91.35488837]
 [ 74.76739713]
 [ 37.62295673]
 [ 62.61985477]
 [ 74.78861689]
 [ 86.09322725]
 [ 82.65112739]
 [ 31.94376047]
 [ 54.25882308]
 [ 68.26454841]
 [ 50.09200019]
 [ 84.58180028]
 [ 21.5376419 ]
 [ 29.19207735]
 [ 25.61559688]
 [ 28.45335532]
 [ 30.11797767]
 [  6.97794835]
 [ 28.12928321]
 [ 30.90403681]
 [ 33.69103465]
 [ 36.42106679]
 [  3.58421987]
 [  8.18566502]
 [ 27.63539583]
 [ 28.87961643]
 [ 36.94534267]
 [ 29.98129705]
 [ 33.38164308]
 [ 50.19927738]
 [ 63.10292169]
 [ 67.54432395]
 [ 22.7963126 ]
 [ 16.09995444]
 [ 19.81476523]
 [ 30.50032297]
 [ 44.90208563]
 [ 61.73773758]
 [ 56.82351218]
 [ 91.95144297]
 [ 95.91609252]
 [127.99380364]
 [  3.70848698]
 [ 16.15367824]
 [ 17.18886258]
 [ 18.14480386]
 [ 50.67787085]
 [  8.46926428]
 [141.51618359]
 [ 15.70479594]
 [ 18.29277779]
 [ 14.88490086]
 [ 57.64164073]
 [ 61.58578418]
 [ 62.14648911]
 [ 77.73949433]
 [ 90.31144334]]
Query step: 13
13:        x_0  x_1  x_2  y_0  y_1  y_2
836      1    1    4    2    1    3
2963     2    1    4    3    1    3
17691    9    1    3    3    3    1
19599    9    9    4    1    3    1
18318    9    3    9    3    3    1            f_res
836    31.922485
2963   35.062407
17691  36.487600
19599  58.044286
18318  64.964498
13: X_train und x_test:  [[1 5 3 2 2 2]
 [4 7 3 3 2 1]
 [7 9 1 1 3 3]
 [6 8 0 3 3 0]
 [4 7 8 2 3 2]
 [9 3 9 1 1 2]
 [9 1 9 3 1 1]
 [9 3 9 1 1 3]
 [9 2 9 2 1 3]
 [9 1 9 3 1 2]
 [6 3 7 2 3 1]
 [6 3 7 2 2 2]
 [6 3 7 2 3 2]
 [6 3 7 2 2 3]
 [6 3 7 2 3 3]
 [5 6 6 2 1 1]
 [5 6 6 2 2 2]
 [5 6 6 2 1 3]
 [5 6 6 3 3 1]
 [5 6 6 1 3 3]
 [9 2 0 2 1 0]
 [7 7 0 1 2 0]
 [7 7 0 2 1 0]
 [9 2 0 3 1 0]
 [9 2 0 3 2 0]
 [1 1 1 1 1 3]
 [6 1 1 3 1 3]
 [7 1 1 3 1 3]
 [8 1 1 3 1 3]
 [9 1 1 3 1 3]
 [0 2 0 0 1 0]
 [0 2 0 0 2 0]
 [9 9 1 1 1 2]
 [9 1 1 2 3 2]
 [9 1 1 3 3 2]
 [0 8 9 0 1 1]
 [1 9 9 1 1 1]
 [4 9 9 3 1 1]
 [1 9 9 3 1 2]
 [0 9 9 0 3 1]
 [0 1 3 0 3 3]
 [2 1 1 3 3 3]
 [0 9 1 0 1 3]
 [2 9 1 3 1 3]
 [0 9 2 0 3 1]
 [0 1 7 0 1 3]
 [0 1 9 0 3 2]
 [0 5 9 0 3 3]
 [0 8 9 0 3 3]
 [9 9 9 3 3 3]
 [0 1 1 0 1 1]
 [8 1 3 1 1 1]
 [9 1 3 1 1 1]
 [9 1 4 1 1 1]
 [1 9 1 3 3 2]
 [1 1 0 3 3 0]
 [0 1 5 0 3 1]
 [0 9 2 0 1 1]
 [0 9 4 0 1 1]
 [0 9 1 0 1 1]
 [9 9 3 3 1 3]
 [8 9 4 3 1 3]
 [9 3 4 3 3 3]
 [9 6 4 3 3 3]
 [8 8 4 3 3 3]
 [1 1 4 2 1 3]
 [2 1 4 3 1 3]
 [9 1 3 3 3 1]
 [9 9 4 1 3 1]
 [9 3 9 3 3 1]] [[ 31.87266159]
 [ 42.82214607]
 [ 57.2558745 ]
 [ 56.36899476]
 [100.52489855]
 [ 62.30181831]
 [ 47.89425255]
 [ 85.12667413]
 [ 91.35488837]
 [ 74.76739713]
 [ 37.62295673]
 [ 62.61985477]
 [ 74.78861689]
 [ 86.09322725]
 [ 82.65112739]
 [ 31.94376047]
 [ 54.25882308]
 [ 68.26454841]
 [ 50.09200019]
 [ 84.58180028]
 [ 21.5376419 ]
 [ 29.19207735]
 [ 25.61559688]
 [ 28.45335532]
 [ 30.11797767]
 [  6.97794835]
 [ 28.12928321]
 [ 30.90403681]
 [ 33.69103465]
 [ 36.42106679]
 [  3.58421987]
 [  8.18566502]
 [ 27.63539583]
 [ 28.87961643]
 [ 36.94534267]
 [ 29.98129705]
 [ 33.38164308]
 [ 50.19927738]
 [ 63.10292169]
 [ 67.54432395]
 [ 22.7963126 ]
 [ 16.09995444]
 [ 19.81476523]
 [ 30.50032297]
 [ 44.90208563]
 [ 61.73773758]
 [ 56.82351218]
 [ 91.95144297]
 [ 95.91609252]
 [127.99380364]
 [  3.70848698]
 [ 16.15367824]
 [ 17.18886258]
 [ 18.14480386]
 [ 50.67787085]
 [  8.46926428]
 [141.51618359]
 [ 15.70479594]
 [ 18.29277779]
 [ 14.88490086]
 [ 57.64164073]
 [ 61.58578418]
 [ 62.14648911]
 [ 77.73949433]
 [ 90.31144334]
 [ 31.9224852 ]
 [ 35.06240711]
 [ 36.48759958]
 [ 58.04428648]
 [ 64.9644976 ]]
Query step: 14
14:        x_0  x_1  x_2  y_0  y_1  y_2
19672    9    9    7    1    1    1
633      0    8    7    0    2    1
716      0    9    7    0    2    3
19698    9    9    8    1    1    3
17576    8    9    8    3    1    3             f_res
19672   35.738675
633     40.752004
716     79.588418
19698   86.131330
17576  107.370566
14: X_train und x_test:  [[1 5 3 2 2 2]
 [4 7 3 3 2 1]
 [7 9 1 1 3 3]
 [6 8 0 3 3 0]
 [4 7 8 2 3 2]
 [9 3 9 1 1 2]
 [9 1 9 3 1 1]
 [9 3 9 1 1 3]
 [9 2 9 2 1 3]
 [9 1 9 3 1 2]
 [6 3 7 2 3 1]
 [6 3 7 2 2 2]
 [6 3 7 2 3 2]
 [6 3 7 2 2 3]
 [6 3 7 2 3 3]
 [5 6 6 2 1 1]
 [5 6 6 2 2 2]
 [5 6 6 2 1 3]
 [5 6 6 3 3 1]
 [5 6 6 1 3 3]
 [9 2 0 2 1 0]
 [7 7 0 1 2 0]
 [7 7 0 2 1 0]
 [9 2 0 3 1 0]
 [9 2 0 3 2 0]
 [1 1 1 1 1 3]
 [6 1 1 3 1 3]
 [7 1 1 3 1 3]
 [8 1 1 3 1 3]
 [9 1 1 3 1 3]
 [0 2 0 0 1 0]
 [0 2 0 0 2 0]
 [9 9 1 1 1 2]
 [9 1 1 2 3 2]
 [9 1 1 3 3 2]
 [0 8 9 0 1 1]
 [1 9 9 1 1 1]
 [4 9 9 3 1 1]
 [1 9 9 3 1 2]
 [0 9 9 0 3 1]
 [0 1 3 0 3 3]
 [2 1 1 3 3 3]
 [0 9 1 0 1 3]
 [2 9 1 3 1 3]
 [0 9 2 0 3 1]
 [0 1 7 0 1 3]
 [0 1 9 0 3 2]
 [0 5 9 0 3 3]
 [0 8 9 0 3 3]
 [9 9 9 3 3 3]
 [0 1 1 0 1 1]
 [8 1 3 1 1 1]
 [9 1 3 1 1 1]
 [9 1 4 1 1 1]
 [1 9 1 3 3 2]
 [1 1 0 3 3 0]
 [0 1 5 0 3 1]
 [0 9 2 0 1 1]
 [0 9 4 0 1 1]
 [0 9 1 0 1 1]
 [9 9 3 3 1 3]
 [8 9 4 3 1 3]
 [9 3 4 3 3 3]
 [9 6 4 3 3 3]
 [8 8 4 3 3 3]
 [1 1 4 2 1 3]
 [2 1 4 3 1 3]
 [9 1 3 3 3 1]
 [9 9 4 1 3 1]
 [9 3 9 3 3 1]
 [9 9 7 1 1 1]
 [0 8 7 0 2 1]
 [0 9 7 0 2 3]
 [9 9 8 1 1 3]
 [8 9 8 3 1 3]] [[ 31.87266159]
 [ 42.82214607]
 [ 57.2558745 ]
 [ 56.36899476]
 [100.52489855]
 [ 62.30181831]
 [ 47.89425255]
 [ 85.12667413]
 [ 91.35488837]
 [ 74.76739713]
 [ 37.62295673]
 [ 62.61985477]
 [ 74.78861689]
 [ 86.09322725]
 [ 82.65112739]
 [ 31.94376047]
 [ 54.25882308]
 [ 68.26454841]
 [ 50.09200019]
 [ 84.58180028]
 [ 21.5376419 ]
 [ 29.19207735]
 [ 25.61559688]
 [ 28.45335532]
 [ 30.11797767]
 [  6.97794835]
 [ 28.12928321]
 [ 30.90403681]
 [ 33.69103465]
 [ 36.42106679]
 [  3.58421987]
 [  8.18566502]
 [ 27.63539583]
 [ 28.87961643]
 [ 36.94534267]
 [ 29.98129705]
 [ 33.38164308]
 [ 50.19927738]
 [ 63.10292169]
 [ 67.54432395]
 [ 22.7963126 ]
 [ 16.09995444]
 [ 19.81476523]
 [ 30.50032297]
 [ 44.90208563]
 [ 61.73773758]
 [ 56.82351218]
 [ 91.95144297]
 [ 95.91609252]
 [127.99380364]
 [  3.70848698]
 [ 16.15367824]
 [ 17.18886258]
 [ 18.14480386]
 [ 50.67787085]
 [  8.46926428]
 [141.51618359]
 [ 15.70479594]
 [ 18.29277779]
 [ 14.88490086]
 [ 57.64164073]
 [ 61.58578418]
 [ 62.14648911]
 [ 77.73949433]
 [ 90.31144334]
 [ 31.9224852 ]
 [ 35.06240711]
 [ 36.48759958]
 [ 58.04428648]
 [ 64.9644976 ]
 [ 35.73867455]
 [ 40.75200445]
 [ 79.58841756]
 [ 86.13133006]
 [107.3705656 ]]
Query step: 15
15:        x_0  x_1  x_2  y_0  y_1  y_2
57       0    1    7    0    1    1
17646    9    1    2    1    2    3
1140     1    2    6    3    3    3
1210     1    2    9    3    2    3
17831    9    1    9    1    3    3            f_res
57     18.018537
17646  20.152386
1140   63.367597
1210   80.097953
17831  71.269350
15: X_train und x_test:  [[1 5 3 2 2 2]
 [4 7 3 3 2 1]
 [7 9 1 1 3 3]
 [6 8 0 3 3 0]
 [4 7 8 2 3 2]
 [9 3 9 1 1 2]
 [9 1 9 3 1 1]
 [9 3 9 1 1 3]
 [9 2 9 2 1 3]
 [9 1 9 3 1 2]
 [6 3 7 2 3 1]
 [6 3 7 2 2 2]
 [6 3 7 2 3 2]
 [6 3 7 2 2 3]
 [6 3 7 2 3 3]
 [5 6 6 2 1 1]
 [5 6 6 2 2 2]
 [5 6 6 2 1 3]
 [5 6 6 3 3 1]
 [5 6 6 1 3 3]
 [9 2 0 2 1 0]
 [7 7 0 1 2 0]
 [7 7 0 2 1 0]
 [9 2 0 3 1 0]
 [9 2 0 3 2 0]
 [1 1 1 1 1 3]
 [6 1 1 3 1 3]
 [7 1 1 3 1 3]
 [8 1 1 3 1 3]
 [9 1 1 3 1 3]
 [0 2 0 0 1 0]
 [0 2 0 0 2 0]
 [9 9 1 1 1 2]
 [9 1 1 2 3 2]
 [9 1 1 3 3 2]
 [0 8 9 0 1 1]
 [1 9 9 1 1 1]
 [4 9 9 3 1 1]
 [1 9 9 3 1 2]
 [0 9 9 0 3 1]
 [0 1 3 0 3 3]
 [2 1 1 3 3 3]
 [0 9 1 0 1 3]
 [2 9 1 3 1 3]
 [0 9 2 0 3 1]
 [0 1 7 0 1 3]
 [0 1 9 0 3 2]
 [0 5 9 0 3 3]
 [0 8 9 0 3 3]
 [9 9 9 3 3 3]
 [0 1 1 0 1 1]
 [8 1 3 1 1 1]
 [9 1 3 1 1 1]
 [9 1 4 1 1 1]
 [1 9 1 3 3 2]
 [1 1 0 3 3 0]
 [0 1 5 0 3 1]
 [0 9 2 0 1 1]
 [0 9 4 0 1 1]
 [0 9 1 0 1 1]
 [9 9 3 3 1 3]
 [8 9 4 3 1 3]
 [9 3 4 3 3 3]
 [9 6 4 3 3 3]
 [8 8 4 3 3 3]
 [1 1 4 2 1 3]
 [2 1 4 3 1 3]
 [9 1 3 3 3 1]
 [9 9 4 1 3 1]
 [9 3 9 3 3 1]
 [9 9 7 1 1 1]
 [0 8 7 0 2 1]
 [0 9 7 0 2 3]
 [9 9 8 1 1 3]
 [8 9 8 3 1 3]
 [0 1 7 0 1 1]
 [9 1 2 1 2 3]
 [1 2 6 3 3 3]
 [1 2 9 3 2 3]
 [9 1 9 1 3 3]] [[ 31.87266159]
 [ 42.82214607]
 [ 57.2558745 ]
 [ 56.36899476]
 [100.52489855]
 [ 62.30181831]
 [ 47.89425255]
 [ 85.12667413]
 [ 91.35488837]
 [ 74.76739713]
 [ 37.62295673]
 [ 62.61985477]
 [ 74.78861689]
 [ 86.09322725]
 [ 82.65112739]
 [ 31.94376047]
 [ 54.25882308]
 [ 68.26454841]
 [ 50.09200019]
 [ 84.58180028]
 [ 21.5376419 ]
 [ 29.19207735]
 [ 25.61559688]
 [ 28.45335532]
 [ 30.11797767]
 [  6.97794835]
 [ 28.12928321]
 [ 30.90403681]
 [ 33.69103465]
 [ 36.42106679]
 [  3.58421987]
 [  8.18566502]
 [ 27.63539583]
 [ 28.87961643]
 [ 36.94534267]
 [ 29.98129705]
 [ 33.38164308]
 [ 50.19927738]
 [ 63.10292169]
 [ 67.54432395]
 [ 22.7963126 ]
 [ 16.09995444]
 [ 19.81476523]
 [ 30.50032297]
 [ 44.90208563]
 [ 61.73773758]
 [ 56.82351218]
 [ 91.95144297]
 [ 95.91609252]
 [127.99380364]
 [  3.70848698]
 [ 16.15367824]
 [ 17.18886258]
 [ 18.14480386]
 [ 50.67787085]
 [  8.46926428]
 [141.51618359]
 [ 15.70479594]
 [ 18.29277779]
 [ 14.88490086]
 [ 57.64164073]
 [ 61.58578418]
 [ 62.14648911]
 [ 77.73949433]
 [ 90.31144334]
 [ 31.9224852 ]
 [ 35.06240711]
 [ 36.48759958]
 [ 58.04428648]
 [ 64.9644976 ]
 [ 35.73867455]
 [ 40.75200445]
 [ 79.58841756]
 [ 86.13133006]
 [107.3705656 ]
 [ 18.0185368 ]
 [ 20.15238574]
 [ 63.36759742]
 [ 80.09795336]
 [ 71.26934975]]
Query step: 16
16:        x_0  x_1  x_2  y_0  y_1  y_2
696      0    9    5    0    1    3
683      0    9    3    0    2    3
699      0    9    5    0    2    3
692      0    9    4    0    3    2
19564    9    9    2    3    3    1            f_res
696    48.720673
683    41.484695
699    61.343426
692    58.544106
19564  71.190640
16: X_train und x_test:  [[1 5 3 2 2 2]
 [4 7 3 3 2 1]
 [7 9 1 1 3 3]
 [6 8 0 3 3 0]
 [4 7 8 2 3 2]
 [9 3 9 1 1 2]
 [9 1 9 3 1 1]
 [9 3 9 1 1 3]
 [9 2 9 2 1 3]
 [9 1 9 3 1 2]
 [6 3 7 2 3 1]
 [6 3 7 2 2 2]
 [6 3 7 2 3 2]
 [6 3 7 2 2 3]
 [6 3 7 2 3 3]
 [5 6 6 2 1 1]
 [5 6 6 2 2 2]
 [5 6 6 2 1 3]
 [5 6 6 3 3 1]
 [5 6 6 1 3 3]
 [9 2 0 2 1 0]
 [7 7 0 1 2 0]
 [7 7 0 2 1 0]
 [9 2 0 3 1 0]
 [9 2 0 3 2 0]
 [1 1 1 1 1 3]
 [6 1 1 3 1 3]
 [7 1 1 3 1 3]
 [8 1 1 3 1 3]
 [9 1 1 3 1 3]
 [0 2 0 0 1 0]
 [0 2 0 0 2 0]
 [9 9 1 1 1 2]
 [9 1 1 2 3 2]
 [9 1 1 3 3 2]
 [0 8 9 0 1 1]
 [1 9 9 1 1 1]
 [4 9 9 3 1 1]
 [1 9 9 3 1 2]
 [0 9 9 0 3 1]
 [0 1 3 0 3 3]
 [2 1 1 3 3 3]
 [0 9 1 0 1 3]
 [2 9 1 3 1 3]
 [0 9 2 0 3 1]
 [0 1 7 0 1 3]
 [0 1 9 0 3 2]
 [0 5 9 0 3 3]
 [0 8 9 0 3 3]
 [9 9 9 3 3 3]
 [0 1 1 0 1 1]
 [8 1 3 1 1 1]
 [9 1 3 1 1 1]
 [9 1 4 1 1 1]
 [1 9 1 3 3 2]
 [1 1 0 3 3 0]
 [0 1 5 0 3 1]
 [0 9 2 0 1 1]
 [0 9 4 0 1 1]
 [0 9 1 0 1 1]
 [9 9 3 3 1 3]
 [8 9 4 3 1 3]
 [9 3 4 3 3 3]
 [9 6 4 3 3 3]
 [8 8 4 3 3 3]
 [1 1 4 2 1 3]
 [2 1 4 3 1 3]
 [9 1 3 3 3 1]
 [9 9 4 1 3 1]
 [9 3 9 3 3 1]
 [9 9 7 1 1 1]
 [0 8 7 0 2 1]
 [0 9 7 0 2 3]
 [9 9 8 1 1 3]
 [8 9 8 3 1 3]
 [0 1 7 0 1 1]
 [9 1 2 1 2 3]
 [1 2 6 3 3 3]
 [1 2 9 3 2 3]
 [9 1 9 1 3 3]
 [0 9 5 0 1 3]
 [0 9 3 0 2 3]
 [0 9 5 0 2 3]
 [0 9 4 0 3 2]
 [9 9 2 3 3 1]] [[ 31.87266159]
 [ 42.82214607]
 [ 57.2558745 ]
 [ 56.36899476]
 [100.52489855]
 [ 62.30181831]
 [ 47.89425255]
 [ 85.12667413]
 [ 91.35488837]
 [ 74.76739713]
 [ 37.62295673]
 [ 62.61985477]
 [ 74.78861689]
 [ 86.09322725]
 [ 82.65112739]
 [ 31.94376047]
 [ 54.25882308]
 [ 68.26454841]
 [ 50.09200019]
 [ 84.58180028]
 [ 21.5376419 ]
 [ 29.19207735]
 [ 25.61559688]
 [ 28.45335532]
 [ 30.11797767]
 [  6.97794835]
 [ 28.12928321]
 [ 30.90403681]
 [ 33.69103465]
 [ 36.42106679]
 [  3.58421987]
 [  8.18566502]
 [ 27.63539583]
 [ 28.87961643]
 [ 36.94534267]
 [ 29.98129705]
 [ 33.38164308]
 [ 50.19927738]
 [ 63.10292169]
 [ 67.54432395]
 [ 22.7963126 ]
 [ 16.09995444]
 [ 19.81476523]
 [ 30.50032297]
 [ 44.90208563]
 [ 61.73773758]
 [ 56.82351218]
 [ 91.95144297]
 [ 95.91609252]
 [127.99380364]
 [  3.70848698]
 [ 16.15367824]
 [ 17.18886258]
 [ 18.14480386]
 [ 50.67787085]
 [  8.46926428]
 [141.51618359]
 [ 15.70479594]
 [ 18.29277779]
 [ 14.88490086]
 [ 57.64164073]
 [ 61.58578418]
 [ 62.14648911]
 [ 77.73949433]
 [ 90.31144334]
 [ 31.9224852 ]
 [ 35.06240711]
 [ 36.48759958]
 [ 58.04428648]
 [ 64.9644976 ]
 [ 35.73867455]
 [ 40.75200445]
 [ 79.58841756]
 [ 86.13133006]
 [107.3705656 ]
 [ 18.0185368 ]
 [ 20.15238574]
 [ 63.36759742]
 [ 80.09795336]
 [ 71.26934975]
 [ 48.7206731 ]
 [ 41.4846947 ]
 [ 61.34342649]
 [ 58.54410649]
 [ 71.1906404 ]]
Query step: 17
17:        x_0  x_1  x_2  y_0  y_1  y_2
892      1    1    6    3    1    1
17729    9    1    5    2    1    3
17742    9    1    5    3    3    1
19701    9    9    8    1    3    1
19725    9    9    9    1    3    1            f_res
892    20.207387
17729  53.932599
17742  38.481299
19701  71.473115
19725  75.660651
17: X_train und x_test:  [[1 5 3 2 2 2]
 [4 7 3 3 2 1]
 [7 9 1 1 3 3]
 [6 8 0 3 3 0]
 [4 7 8 2 3 2]
 [9 3 9 1 1 2]
 [9 1 9 3 1 1]
 [9 3 9 1 1 3]
 [9 2 9 2 1 3]
 [9 1 9 3 1 2]
 [6 3 7 2 3 1]
 [6 3 7 2 2 2]
 [6 3 7 2 3 2]
 [6 3 7 2 2 3]
 [6 3 7 2 3 3]
 [5 6 6 2 1 1]
 [5 6 6 2 2 2]
 [5 6 6 2 1 3]
 [5 6 6 3 3 1]
 [5 6 6 1 3 3]
 [9 2 0 2 1 0]
 [7 7 0 1 2 0]
 [7 7 0 2 1 0]
 [9 2 0 3 1 0]
 [9 2 0 3 2 0]
 [1 1 1 1 1 3]
 [6 1 1 3 1 3]
 [7 1 1 3 1 3]
 [8 1 1 3 1 3]
 [9 1 1 3 1 3]
 [0 2 0 0 1 0]
 [0 2 0 0 2 0]
 [9 9 1 1 1 2]
 [9 1 1 2 3 2]
 [9 1 1 3 3 2]
 [0 8 9 0 1 1]
 [1 9 9 1 1 1]
 [4 9 9 3 1 1]
 [1 9 9 3 1 2]
 [0 9 9 0 3 1]
 [0 1 3 0 3 3]
 [2 1 1 3 3 3]
 [0 9 1 0 1 3]
 [2 9 1 3 1 3]
 [0 9 2 0 3 1]
 [0 1 7 0 1 3]
 [0 1 9 0 3 2]
 [0 5 9 0 3 3]
 [0 8 9 0 3 3]
 [9 9 9 3 3 3]
 [0 1 1 0 1 1]
 [8 1 3 1 1 1]
 [9 1 3 1 1 1]
 [9 1 4 1 1 1]
 [1 9 1 3 3 2]
 [1 1 0 3 3 0]
 [0 1 5 0 3 1]
 [0 9 2 0 1 1]
 [0 9 4 0 1 1]
 [0 9 1 0 1 1]
 [9 9 3 3 1 3]
 [8 9 4 3 1 3]
 [9 3 4 3 3 3]
 [9 6 4 3 3 3]
 [8 8 4 3 3 3]
 [1 1 4 2 1 3]
 [2 1 4 3 1 3]
 [9 1 3 3 3 1]
 [9 9 4 1 3 1]
 [9 3 9 3 3 1]
 [9 9 7 1 1 1]
 [0 8 7 0 2 1]
 [0 9 7 0 2 3]
 [9 9 8 1 1 3]
 [8 9 8 3 1 3]
 [0 1 7 0 1 1]
 [9 1 2 1 2 3]
 [1 2 6 3 3 3]
 [1 2 9 3 2 3]
 [9 1 9 1 3 3]
 [0 9 5 0 1 3]
 [0 9 3 0 2 3]
 [0 9 5 0 2 3]
 [0 9 4 0 3 2]
 [9 9 2 3 3 1]
 [1 1 6 3 1 1]
 [9 1 5 2 1 3]
 [9 1 5 3 3 1]
 [9 9 8 1 3 1]
 [9 9 9 1 3 1]] [[ 31.87266159]
 [ 42.82214607]
 [ 57.2558745 ]
 [ 56.36899476]
 [100.52489855]
 [ 62.30181831]
 [ 47.89425255]
 [ 85.12667413]
 [ 91.35488837]
 [ 74.76739713]
 [ 37.62295673]
 [ 62.61985477]
 [ 74.78861689]
 [ 86.09322725]
 [ 82.65112739]
 [ 31.94376047]
 [ 54.25882308]
 [ 68.26454841]
 [ 50.09200019]
 [ 84.58180028]
 [ 21.5376419 ]
 [ 29.19207735]
 [ 25.61559688]
 [ 28.45335532]
 [ 30.11797767]
 [  6.97794835]
 [ 28.12928321]
 [ 30.90403681]
 [ 33.69103465]
 [ 36.42106679]
 [  3.58421987]
 [  8.18566502]
 [ 27.63539583]
 [ 28.87961643]
 [ 36.94534267]
 [ 29.98129705]
 [ 33.38164308]
 [ 50.19927738]
 [ 63.10292169]
 [ 67.54432395]
 [ 22.7963126 ]
 [ 16.09995444]
 [ 19.81476523]
 [ 30.50032297]
 [ 44.90208563]
 [ 61.73773758]
 [ 56.82351218]
 [ 91.95144297]
 [ 95.91609252]
 [127.99380364]
 [  3.70848698]
 [ 16.15367824]
 [ 17.18886258]
 [ 18.14480386]
 [ 50.67787085]
 [  8.46926428]
 [141.51618359]
 [ 15.70479594]
 [ 18.29277779]
 [ 14.88490086]
 [ 57.64164073]
 [ 61.58578418]
 [ 62.14648911]
 [ 77.73949433]
 [ 90.31144334]
 [ 31.9224852 ]
 [ 35.06240711]
 [ 36.48759958]
 [ 58.04428648]
 [ 64.9644976 ]
 [ 35.73867455]
 [ 40.75200445]
 [ 79.58841756]
 [ 86.13133006]
 [107.3705656 ]
 [ 18.0185368 ]
 [ 20.15238574]
 [ 63.36759742]
 [ 80.09795336]
 [ 71.26934975]
 [ 48.7206731 ]
 [ 41.4846947 ]
 [ 61.34342649]
 [ 58.54410649]
 [ 71.1906404 ]
 [ 20.20738698]
 [ 53.93259851]
 [ 38.48129916]
 [ 71.4731152 ]
 [ 75.66065055]]
Query step: 18
18:       x_0  x_1  x_2  y_0  y_1  y_2
2621    1    9    0    1    2    0
2391    1    8    0    3    2    0
578     0    8    0    0    3    0
2625    1    9    0    2    3    0
2622    1    9    0    1    3    0           f_res
2621  28.787031
2391  27.604276
578   37.788801
2625  44.494209
2622  43.185602
18: X_train und x_test:  [[1 5 3 2 2 2]
 [4 7 3 3 2 1]
 [7 9 1 1 3 3]
 [6 8 0 3 3 0]
 [4 7 8 2 3 2]
 [9 3 9 1 1 2]
 [9 1 9 3 1 1]
 [9 3 9 1 1 3]
 [9 2 9 2 1 3]
 [9 1 9 3 1 2]
 [6 3 7 2 3 1]
 [6 3 7 2 2 2]
 [6 3 7 2 3 2]
 [6 3 7 2 2 3]
 [6 3 7 2 3 3]
 [5 6 6 2 1 1]
 [5 6 6 2 2 2]
 [5 6 6 2 1 3]
 [5 6 6 3 3 1]
 [5 6 6 1 3 3]
 [9 2 0 2 1 0]
 [7 7 0 1 2 0]
 [7 7 0 2 1 0]
 [9 2 0 3 1 0]
 [9 2 0 3 2 0]
 [1 1 1 1 1 3]
 [6 1 1 3 1 3]
 [7 1 1 3 1 3]
 [8 1 1 3 1 3]
 [9 1 1 3 1 3]
 [0 2 0 0 1 0]
 [0 2 0 0 2 0]
 [9 9 1 1 1 2]
 [9 1 1 2 3 2]
 [9 1 1 3 3 2]
 [0 8 9 0 1 1]
 [1 9 9 1 1 1]
 [4 9 9 3 1 1]
 [1 9 9 3 1 2]
 [0 9 9 0 3 1]
 [0 1 3 0 3 3]
 [2 1 1 3 3 3]
 [0 9 1 0 1 3]
 [2 9 1 3 1 3]
 [0 9 2 0 3 1]
 [0 1 7 0 1 3]
 [0 1 9 0 3 2]
 [0 5 9 0 3 3]
 [0 8 9 0 3 3]
 [9 9 9 3 3 3]
 [0 1 1 0 1 1]
 [8 1 3 1 1 1]
 [9 1 3 1 1 1]
 [9 1 4 1 1 1]
 [1 9 1 3 3 2]
 [1 1 0 3 3 0]
 [0 1 5 0 3 1]
 [0 9 2 0 1 1]
 [0 9 4 0 1 1]
 [0 9 1 0 1 1]
 [9 9 3 3 1 3]
 [8 9 4 3 1 3]
 [9 3 4 3 3 3]
 [9 6 4 3 3 3]
 [8 8 4 3 3 3]
 [1 1 4 2 1 3]
 [2 1 4 3 1 3]
 [9 1 3 3 3 1]
 [9 9 4 1 3 1]
 [9 3 9 3 3 1]
 [9 9 7 1 1 1]
 [0 8 7 0 2 1]
 [0 9 7 0 2 3]
 [9 9 8 1 1 3]
 [8 9 8 3 1 3]
 [0 1 7 0 1 1]
 [9 1 2 1 2 3]
 [1 2 6 3 3 3]
 [1 2 9 3 2 3]
 [9 1 9 1 3 3]
 [0 9 5 0 1 3]
 [0 9 3 0 2 3]
 [0 9 5 0 2 3]
 [0 9 4 0 3 2]
 [9 9 2 3 3 1]
 [1 1 6 3 1 1]
 [9 1 5 2 1 3]
 [9 1 5 3 3 1]
 [9 9 8 1 3 1]
 [9 9 9 1 3 1]
 [1 9 0 1 2 0]
 [1 8 0 3 2 0]
 [0 8 0 0 3 0]
 [1 9 0 2 3 0]
 [1 9 0 1 3 0]] [[ 31.87266159]
 [ 42.82214607]
 [ 57.2558745 ]
 [ 56.36899476]
 [100.52489855]
 [ 62.30181831]
 [ 47.89425255]
 [ 85.12667413]
 [ 91.35488837]
 [ 74.76739713]
 [ 37.62295673]
 [ 62.61985477]
 [ 74.78861689]
 [ 86.09322725]
 [ 82.65112739]
 [ 31.94376047]
 [ 54.25882308]
 [ 68.26454841]
 [ 50.09200019]
 [ 84.58180028]
 [ 21.5376419 ]
 [ 29.19207735]
 [ 25.61559688]
 [ 28.45335532]
 [ 30.11797767]
 [  6.97794835]
 [ 28.12928321]
 [ 30.90403681]
 [ 33.69103465]
 [ 36.42106679]
 [  3.58421987]
 [  8.18566502]
 [ 27.63539583]
 [ 28.87961643]
 [ 36.94534267]
 [ 29.98129705]
 [ 33.38164308]
 [ 50.19927738]
 [ 63.10292169]
 [ 67.54432395]
 [ 22.7963126 ]
 [ 16.09995444]
 [ 19.81476523]
 [ 30.50032297]
 [ 44.90208563]
 [ 61.73773758]
 [ 56.82351218]
 [ 91.95144297]
 [ 95.91609252]
 [127.99380364]
 [  3.70848698]
 [ 16.15367824]
 [ 17.18886258]
 [ 18.14480386]
 [ 50.67787085]
 [  8.46926428]
 [141.51618359]
 [ 15.70479594]
 [ 18.29277779]
 [ 14.88490086]
 [ 57.64164073]
 [ 61.58578418]
 [ 62.14648911]
 [ 77.73949433]
 [ 90.31144334]
 [ 31.9224852 ]
 [ 35.06240711]
 [ 36.48759958]
 [ 58.04428648]
 [ 64.9644976 ]
 [ 35.73867455]
 [ 40.75200445]
 [ 79.58841756]
 [ 86.13133006]
 [107.3705656 ]
 [ 18.0185368 ]
 [ 20.15238574]
 [ 63.36759742]
 [ 80.09795336]
 [ 71.26934975]
 [ 48.7206731 ]
 [ 41.4846947 ]
 [ 61.34342649]
 [ 58.54410649]
 [ 71.1906404 ]
 [ 20.20738698]
 [ 53.93259851]
 [ 38.48129916]
 [ 71.4731152 ]
 [ 75.66065055]
 [ 28.78703088]
 [ 27.60427618]
 [ 37.78880103]
 [ 44.49420919]
 [ 43.18560208]]
Query step: 19
19:        x_0  x_1  x_2  y_0  y_1  y_2
75       0    1    9    0    1    1
1447     1    3    9    3    1    1
731      0    9    9    0    1    3
17475    8    9    4    3    1    1
19372    9    8    4    3    1    1            f_res
75     20.467454
1447   28.552022
731    78.186001
17475  43.212956
19372  43.113093
19: X_train und x_test:  [[1 5 3 2 2 2]
 [4 7 3 3 2 1]
 [7 9 1 1 3 3]
 [6 8 0 3 3 0]
 [4 7 8 2 3 2]
 [9 3 9 1 1 2]
 [9 1 9 3 1 1]
 [9 3 9 1 1 3]
 [9 2 9 2 1 3]
 [9 1 9 3 1 2]
 [6 3 7 2 3 1]
 [6 3 7 2 2 2]
 [6 3 7 2 3 2]
 [6 3 7 2 2 3]
 [6 3 7 2 3 3]
 [5 6 6 2 1 1]
 [5 6 6 2 2 2]
 [5 6 6 2 1 3]
 [5 6 6 3 3 1]
 [5 6 6 1 3 3]
 [9 2 0 2 1 0]
 [7 7 0 1 2 0]
 [7 7 0 2 1 0]
 [9 2 0 3 1 0]
 [9 2 0 3 2 0]
 [1 1 1 1 1 3]
 [6 1 1 3 1 3]
 [7 1 1 3 1 3]
 [8 1 1 3 1 3]
 [9 1 1 3 1 3]
 [0 2 0 0 1 0]
 [0 2 0 0 2 0]
 [9 9 1 1 1 2]
 [9 1 1 2 3 2]
 [9 1 1 3 3 2]
 [0 8 9 0 1 1]
 [1 9 9 1 1 1]
 [4 9 9 3 1 1]
 [1 9 9 3 1 2]
 [0 9 9 0 3 1]
 [0 1 3 0 3 3]
 [2 1 1 3 3 3]
 [0 9 1 0 1 3]
 [2 9 1 3 1 3]
 [0 9 2 0 3 1]
 [0 1 7 0 1 3]
 [0 1 9 0 3 2]
 [0 5 9 0 3 3]
 [0 8 9 0 3 3]
 [9 9 9 3 3 3]
 [0 1 1 0 1 1]
 [8 1 3 1 1 1]
 [9 1 3 1 1 1]
 [9 1 4 1 1 1]
 [1 9 1 3 3 2]
 [1 1 0 3 3 0]
 [0 1 5 0 3 1]
 [0 9 2 0 1 1]
 [0 9 4 0 1 1]
 [0 9 1 0 1 1]
 [9 9 3 3 1 3]
 [8 9 4 3 1 3]
 [9 3 4 3 3 3]
 [9 6 4 3 3 3]
 [8 8 4 3 3 3]
 [1 1 4 2 1 3]
 [2 1 4 3 1 3]
 [9 1 3 3 3 1]
 [9 9 4 1 3 1]
 [9 3 9 3 3 1]
 [9 9 7 1 1 1]
 [0 8 7 0 2 1]
 [0 9 7 0 2 3]
 [9 9 8 1 1 3]
 [8 9 8 3 1 3]
 [0 1 7 0 1 1]
 [9 1 2 1 2 3]
 [1 2 6 3 3 3]
 [1 2 9 3 2 3]
 [9 1 9 1 3 3]
 [0 9 5 0 1 3]
 [0 9 3 0 2 3]
 [0 9 5 0 2 3]
 [0 9 4 0 3 2]
 [9 9 2 3 3 1]
 [1 1 6 3 1 1]
 [9 1 5 2 1 3]
 [9 1 5 3 3 1]
 [9 9 8 1 3 1]
 [9 9 9 1 3 1]
 [1 9 0 1 2 0]
 [1 8 0 3 2 0]
 [0 8 0 0 3 0]
 [1 9 0 2 3 0]
 [1 9 0 1 3 0]
 [0 1 9 0 1 1]
 [1 3 9 3 1 1]
 [0 9 9 0 1 3]
 [8 9 4 3 1 1]
 [9 8 4 3 1 1]] [[ 31.87266159]
 [ 42.82214607]
 [ 57.2558745 ]
 [ 56.36899476]
 [100.52489855]
 [ 62.30181831]
 [ 47.89425255]
 [ 85.12667413]
 [ 91.35488837]
 [ 74.76739713]
 [ 37.62295673]
 [ 62.61985477]
 [ 74.78861689]
 [ 86.09322725]
 [ 82.65112739]
 [ 31.94376047]
 [ 54.25882308]
 [ 68.26454841]
 [ 50.09200019]
 [ 84.58180028]
 [ 21.5376419 ]
 [ 29.19207735]
 [ 25.61559688]
 [ 28.45335532]
 [ 30.11797767]
 [  6.97794835]
 [ 28.12928321]
 [ 30.90403681]
 [ 33.69103465]
 [ 36.42106679]
 [  3.58421987]
 [  8.18566502]
 [ 27.63539583]
 [ 28.87961643]
 [ 36.94534267]
 [ 29.98129705]
 [ 33.38164308]
 [ 50.19927738]
 [ 63.10292169]
 [ 67.54432395]
 [ 22.7963126 ]
 [ 16.09995444]
 [ 19.81476523]
 [ 30.50032297]
 [ 44.90208563]
 [ 61.73773758]
 [ 56.82351218]
 [ 91.95144297]
 [ 95.91609252]
 [127.99380364]
 [  3.70848698]
 [ 16.15367824]
 [ 17.18886258]
 [ 18.14480386]
 [ 50.67787085]
 [  8.46926428]
 [141.51618359]
 [ 15.70479594]
 [ 18.29277779]
 [ 14.88490086]
 [ 57.64164073]
 [ 61.58578418]
 [ 62.14648911]
 [ 77.73949433]
 [ 90.31144334]
 [ 31.9224852 ]
 [ 35.06240711]
 [ 36.48759958]
 [ 58.04428648]
 [ 64.9644976 ]
 [ 35.73867455]
 [ 40.75200445]
 [ 79.58841756]
 [ 86.13133006]
 [107.3705656 ]
 [ 18.0185368 ]
 [ 20.15238574]
 [ 63.36759742]
 [ 80.09795336]
 [ 71.26934975]
 [ 48.7206731 ]
 [ 41.4846947 ]
 [ 61.34342649]
 [ 58.54410649]
 [ 71.1906404 ]
 [ 20.20738698]
 [ 53.93259851]
 [ 38.48129916]
 [ 71.4731152 ]
 [ 75.66065055]
 [ 28.78703088]
 [ 27.60427618]
 [ 37.78880103]
 [ 44.49420919]
 [ 43.18560208]
 [ 20.46745449]
 [ 28.5520223 ]
 [ 78.18600077]
 [ 43.21295633]
 [ 43.11309269]]
Query step: 20
20:       x_0  x_1  x_2  y_0  y_1  y_2
102     0    2    2    0    3    1
2915    2    1    2    3    3    1
420     0    6    1    0    3    3
668     0    9    1    0    3    3
2782    1    9    6    3    3    3           f_res
102   15.416911
2915  16.319745
420   35.186184
668   47.424383
2782  87.963388
20: X_train und x_test:  [[1 5 3 2 2 2]
 [4 7 3 3 2 1]
 [7 9 1 1 3 3]
 [6 8 0 3 3 0]
 [4 7 8 2 3 2]
 [9 3 9 1 1 2]
 [9 1 9 3 1 1]
 [9 3 9 1 1 3]
 [9 2 9 2 1 3]
 [9 1 9 3 1 2]
 [6 3 7 2 3 1]
 [6 3 7 2 2 2]
 [6 3 7 2 3 2]
 [6 3 7 2 2 3]
 [6 3 7 2 3 3]
 [5 6 6 2 1 1]
 [5 6 6 2 2 2]
 [5 6 6 2 1 3]
 [5 6 6 3 3 1]
 [5 6 6 1 3 3]
 [9 2 0 2 1 0]
 [7 7 0 1 2 0]
 [7 7 0 2 1 0]
 [9 2 0 3 1 0]
 [9 2 0 3 2 0]
 [1 1 1 1 1 3]
 [6 1 1 3 1 3]
 [7 1 1 3 1 3]
 [8 1 1 3 1 3]
 [9 1 1 3 1 3]
 [0 2 0 0 1 0]
 [0 2 0 0 2 0]
 [9 9 1 1 1 2]
 [9 1 1 2 3 2]
 [9 1 1 3 3 2]
 [0 8 9 0 1 1]
 [1 9 9 1 1 1]
 [4 9 9 3 1 1]
 [1 9 9 3 1 2]
 [0 9 9 0 3 1]
 [0 1 3 0 3 3]
 [2 1 1 3 3 3]
 [0 9 1 0 1 3]
 [2 9 1 3 1 3]
 [0 9 2 0 3 1]
 [0 1 7 0 1 3]
 [0 1 9 0 3 2]
 [0 5 9 0 3 3]
 [0 8 9 0 3 3]
 [9 9 9 3 3 3]
 [0 1 1 0 1 1]
 [8 1 3 1 1 1]
 [9 1 3 1 1 1]
 [9 1 4 1 1 1]
 [1 9 1 3 3 2]
 [1 1 0 3 3 0]
 [0 1 5 0 3 1]
 [0 9 2 0 1 1]
 [0 9 4 0 1 1]
 [0 9 1 0 1 1]
 [9 9 3 3 1 3]
 [8 9 4 3 1 3]
 [9 3 4 3 3 3]
 [9 6 4 3 3 3]
 [8 8 4 3 3 3]
 [1 1 4 2 1 3]
 [2 1 4 3 1 3]
 [9 1 3 3 3 1]
 [9 9 4 1 3 1]
 [9 3 9 3 3 1]
 [9 9 7 1 1 1]
 [0 8 7 0 2 1]
 [0 9 7 0 2 3]
 [9 9 8 1 1 3]
 [8 9 8 3 1 3]
 [0 1 7 0 1 1]
 [9 1 2 1 2 3]
 [1 2 6 3 3 3]
 [1 2 9 3 2 3]
 [9 1 9 1 3 3]
 [0 9 5 0 1 3]
 [0 9 3 0 2 3]
 [0 9 5 0 2 3]
 [0 9 4 0 3 2]
 [9 9 2 3 3 1]
 [1 1 6 3 1 1]
 [9 1 5 2 1 3]
 [9 1 5 3 3 1]
 [9 9 8 1 3 1]
 [9 9 9 1 3 1]
 [1 9 0 1 2 0]
 [1 8 0 3 2 0]
 [0 8 0 0 3 0]
 [1 9 0 2 3 0]
 [1 9 0 1 3 0]
 [0 1 9 0 1 1]
 [1 3 9 3 1 1]
 [0 9 9 0 1 3]
 [8 9 4 3 1 1]
 [9 8 4 3 1 1]
 [0 2 2 0 3 1]
 [2 1 2 3 3 1]
 [0 6 1 0 3 3]
 [0 9 1 0 3 3]
 [1 9 6 3 3 3]] [[ 31.87266159]
 [ 42.82214607]
 [ 57.2558745 ]
 [ 56.36899476]
 [100.52489855]
 [ 62.30181831]
 [ 47.89425255]
 [ 85.12667413]
 [ 91.35488837]
 [ 74.76739713]
 [ 37.62295673]
 [ 62.61985477]
 [ 74.78861689]
 [ 86.09322725]
 [ 82.65112739]
 [ 31.94376047]
 [ 54.25882308]
 [ 68.26454841]
 [ 50.09200019]
 [ 84.58180028]
 [ 21.5376419 ]
 [ 29.19207735]
 [ 25.61559688]
 [ 28.45335532]
 [ 30.11797767]
 [  6.97794835]
 [ 28.12928321]
 [ 30.90403681]
 [ 33.69103465]
 [ 36.42106679]
 [  3.58421987]
 [  8.18566502]
 [ 27.63539583]
 [ 28.87961643]
 [ 36.94534267]
 [ 29.98129705]
 [ 33.38164308]
 [ 50.19927738]
 [ 63.10292169]
 [ 67.54432395]
 [ 22.7963126 ]
 [ 16.09995444]
 [ 19.81476523]
 [ 30.50032297]
 [ 44.90208563]
 [ 61.73773758]
 [ 56.82351218]
 [ 91.95144297]
 [ 95.91609252]
 [127.99380364]
 [  3.70848698]
 [ 16.15367824]
 [ 17.18886258]
 [ 18.14480386]
 [ 50.67787085]
 [  8.46926428]
 [141.51618359]
 [ 15.70479594]
 [ 18.29277779]
 [ 14.88490086]
 [ 57.64164073]
 [ 61.58578418]
 [ 62.14648911]
 [ 77.73949433]
 [ 90.31144334]
 [ 31.9224852 ]
 [ 35.06240711]
 [ 36.48759958]
 [ 58.04428648]
 [ 64.9644976 ]
 [ 35.73867455]
 [ 40.75200445]
 [ 79.58841756]
 [ 86.13133006]
 [107.3705656 ]
 [ 18.0185368 ]
 [ 20.15238574]
 [ 63.36759742]
 [ 80.09795336]
 [ 71.26934975]
 [ 48.7206731 ]
 [ 41.4846947 ]
 [ 61.34342649]
 [ 58.54410649]
 [ 71.1906404 ]
 [ 20.20738698]
 [ 53.93259851]
 [ 38.48129916]
 [ 71.4731152 ]
 [ 75.66065055]
 [ 28.78703088]
 [ 27.60427618]
 [ 37.78880103]
 [ 44.49420919]
 [ 43.18560208]
 [ 20.46745449]
 [ 28.5520223 ]
 [ 78.18600077]
 [ 43.21295633]
 [ 43.11309269]
 [ 15.41691063]
 [ 16.31974452]
 [ 35.18618415]
 [ 47.4243835 ]
 [ 87.9633876 ]]