(sim) C:\Users\Administrator\sim\ALinSim\src>uv run GP_Active_learning_trc.py --random_state 51
Total valid pool combinations (paper-consistent): 21168 (should be 21168)
Valid pool count (paper-consistent): 21168, should be 21168
delta = 0.1854  (=0.5 * median NN distance in normalized space)
Pool after removing test points: 21068
Pool kept after distance filtering: 19656 / 21068
Query step: 0
step == 0 [18370, 6036, 7557, 6743, 18521]
0:        x_0  x_1  x_2  y_0  y_1  y_2
7557     4    3    5    2    1    1
18521    9    5    2    1    3    1
6743     3    8    9    1    3    1
18370    9    4    5    3    1    2
6036     3    5    8    3    3    3            f_res
7557   21.776401
18521  32.429991
6743   70.011931
18370  47.556769
6036   99.623645
0: X_train und x_test:  [[4 3 5 2 1 1]
 [9 5 2 1 3 1]
 [3 8 9 1 3 1]
 [9 4 5 3 1 2]
 [3 5 8 3 3 3]] [[21.77640058]
 [32.42999101]
 [70.01193148]
 [47.55676866]
 [99.62364481]]
Query step: 1
1:        x_0  x_1  x_2  y_0  y_1  y_2
4728     2    9    0    1    1    0
4731     2    9    0    2    1    0
15139    7    9    0    3    1    0
13029    6    9    0    3    1    0
17265    8    9    0    3    1    0            f_res
4728   18.173731
4731   20.456141
15139  35.411609
13029  34.449344
17265  36.567354
1: X_train und x_test:  [[4 3 5 2 1 1]
 [9 5 2 1 3 1]
 [3 8 9 1 3 1]
 [9 4 5 3 1 2]
 [3 5 8 3 3 3]
 [2 9 0 1 1 0]
 [2 9 0 2 1 0]
 [7 9 0 3 1 0]
 [6 9 0 3 1 0]
 [8 9 0 3 1 0]] [[21.77640058]
 [32.42999101]
 [70.01193148]
 [47.55676866]
 [99.62364481]
 [18.17373089]
 [20.45614113]
 [35.41160861]
 [34.44934449]
 [36.56735443]]
Query step: 2
2:        x_0  x_1  x_2  y_0  y_1  y_2
17270    8    9    1    1    1    3
2674     1    9    1    3    1    3
653      0    9    1    0    3    3
19443    9    9    1    3    1    3
19431    9    9    1    1    3    3            f_res
17270  30.132162
2674   24.791801
653    47.424383
19443  46.708213
19431  56.981677
2: X_train und x_test:  [[4 3 5 2 1 1]
 [9 5 2 1 3 1]
 [3 8 9 1 3 1]
 [9 4 5 3 1 2]
 [3 5 8 3 3 3]
 [2 9 0 1 1 0]
 [2 9 0 2 1 0]
 [7 9 0 3 1 0]
 [6 9 0 3 1 0]
 [8 9 0 3 1 0]
 [8 9 1 1 1 3]
 [1 9 1 3 1 3]
 [0 9 1 0 3 3]
 [9 9 1 3 1 3]
 [9 9 1 1 3 3]] [[21.77640058]
 [32.42999101]
 [70.01193148]
 [47.55676866]
 [99.62364481]
 [18.17373089]
 [20.45614113]
 [35.41160861]
 [34.44934449]
 [36.56735443]
 [30.13216229]
 [24.79180078]
 [47.4243835 ]
 [46.70821291]
 [56.98167728]]
Query step: 3
3:        x_0  x_1  x_2  y_0  y_1  y_2
760      1    1    1    3    3    3
15605    8    1    9    1    3    1
74       0    1    8    0    3    3
15606    8    1    9    1    3    2
15607    8    1    9    1    3    3            f_res
760    11.882643
15605  41.871887
74     64.222905
15606  63.162204
15607  71.632688
3: X_train und x_test:  [[4 3 5 2 1 1]
 [9 5 2 1 3 1]
 [3 8 9 1 3 1]
 [9 4 5 3 1 2]
 [3 5 8 3 3 3]
 [2 9 0 1 1 0]
 [2 9 0 2 1 0]
 [7 9 0 3 1 0]
 [6 9 0 3 1 0]
 [8 9 0 3 1 0]
 [8 9 1 1 1 3]
 [1 9 1 3 1 3]
 [0 9 1 0 3 3]
 [9 9 1 3 1 3]
 [9 9 1 1 3 3]
 [1 1 1 3 3 3]
 [8 1 9 1 3 1]
 [0 1 8 0 3 3]
 [8 1 9 1 3 2]
 [8 1 9 1 3 3]] [[21.77640058]
 [32.42999101]
 [70.01193148]
 [47.55676866]
 [99.62364481]
 [18.17373089]
 [20.45614113]
 [35.41160861]
 [34.44934449]
 [36.56735443]
 [30.13216229]
 [24.79180078]
 [47.4243835 ]
 [46.70821291]
 [56.98167728]
 [11.88264274]
 [41.87188682]
 [64.22290523]
 [63.16220445]
 [71.63268787]]
Query step: 4
4:       x_0  x_1  x_2  y_0  y_1  y_2
551     0    7    9    0    1    3
2879    1    9    9    3    1    3
4945    2    9    9    2    1    3
6988    3    9    9    2    1    3
9052    4    9    9    2    1    3           f_res
551   78.607558
2879  85.677417
4945  89.603540
6988  94.436010
9052  98.014613
4: X_train und x_test:  [[4 3 5 2 1 1]
 [9 5 2 1 3 1]
 [3 8 9 1 3 1]
 [9 4 5 3 1 2]
 [3 5 8 3 3 3]
 [2 9 0 1 1 0]
 [2 9 0 2 1 0]
 [7 9 0 3 1 0]
 [6 9 0 3 1 0]
 [8 9 0 3 1 0]
 [8 9 1 1 1 3]
 [1 9 1 3 1 3]
 [0 9 1 0 3 3]
 [9 9 1 3 1 3]
 [9 9 1 1 3 3]
 [1 1 1 3 3 3]
 [8 1 9 1 3 1]
 [0 1 8 0 3 3]
 [8 1 9 1 3 2]
 [8 1 9 1 3 3]
 [0 7 9 0 1 3]
 [1 9 9 3 1 3]
 [2 9 9 2 1 3]
 [3 9 9 2 1 3]
 [4 9 9 2 1 3]] [[21.77640058]
 [32.42999101]
 [70.01193148]
 [47.55676866]
 [99.62364481]
 [18.17373089]
 [20.45614113]
 [35.41160861]
 [34.44934449]
 [36.56735443]
 [30.13216229]
 [24.79180078]
 [47.4243835 ]
 [46.70821291]
 [56.98167728]
 [11.88264274]
 [41.87188682]
 [64.22290523]
 [63.16220445]
 [71.63268787]
 [78.60755755]
 [85.67741697]
 [89.60353956]
 [94.4360103 ]
 [98.01461294]]
Query step: 5
5:        x_0  x_1  x_2  y_0  y_1  y_2
1        0    1    0    0    2    0
731      1    1    0    2    3    0
13257    7    1    0    1    1    0
13263    7    1    0    3    1    0
0        0    1    0    0    1    0             f_res
1        3.578906
731      7.280364
13257  126.782271
13263   22.207100
0        1.497983
5: X_train und x_test:  [[4 3 5 2 1 1]
 [9 5 2 1 3 1]
 [3 8 9 1 3 1]
 [9 4 5 3 1 2]
 [3 5 8 3 3 3]
 [2 9 0 1 1 0]
 [2 9 0 2 1 0]
 [7 9 0 3 1 0]
 [6 9 0 3 1 0]
 [8 9 0 3 1 0]
 [8 9 1 1 1 3]
 [1 9 1 3 1 3]
 [0 9 1 0 3 3]
 [9 9 1 3 1 3]
 [9 9 1 1 3 3]
 [1 1 1 3 3 3]
 [8 1 9 1 3 1]
 [0 1 8 0 3 3]
 [8 1 9 1 3 2]
 [8 1 9 1 3 3]
 [0 7 9 0 1 3]
 [1 9 9 3 1 3]
 [2 9 9 2 1 3]
 [3 9 9 2 1 3]
 [4 9 9 2 1 3]
 [0 1 0 0 2 0]
 [1 1 0 2 3 0]
 [7 1 0 1 1 0]
 [7 1 0 3 1 0]
 [0 1 0 0 1 0]] [[ 21.77640058]
 [ 32.42999101]
 [ 70.01193148]
 [ 47.55676866]
 [ 99.62364481]
 [ 18.17373089]
 [ 20.45614113]
 [ 35.41160861]
 [ 34.44934449]
 [ 36.56735443]
 [ 30.13216229]
 [ 24.79180078]
 [ 47.4243835 ]
 [ 46.70821291]
 [ 56.98167728]
 [ 11.88264274]
 [ 41.87188682]
 [ 64.22290523]
 [ 63.16220445]
 [ 71.63268787]
 [ 78.60755755]
 [ 85.67741697]
 [ 89.60353956]
 [ 94.4360103 ]
 [ 98.01461294]
 [  3.57890576]
 [  7.28036412]
 [126.78227076]
 [ 22.20709952]
 [  1.49798303]]
Query step: 6
6:        x_0  x_1  x_2  y_0  y_1  y_2
183      0    3    2    0    2    1
19632    9    9    9    1    2    1
19633    9    9    9    1    2    2
19634    9    9    9    1    2    3
19625    9    9    8    3    2    3             f_res
183     16.134784
19632   57.516251
19633   87.641487
19634   99.660853
19625  116.937487
6: X_train und x_test:  [[4 3 5 2 1 1]
 [9 5 2 1 3 1]
 [3 8 9 1 3 1]
 [9 4 5 3 1 2]
 [3 5 8 3 3 3]
 [2 9 0 1 1 0]
 [2 9 0 2 1 0]
 [7 9 0 3 1 0]
 [6 9 0 3 1 0]
 [8 9 0 3 1 0]
 [8 9 1 1 1 3]
 [1 9 1 3 1 3]
 [0 9 1 0 3 3]
 [9 9 1 3 1 3]
 [9 9 1 1 3 3]
 [1 1 1 3 3 3]
 [8 1 9 1 3 1]
 [0 1 8 0 3 3]
 [8 1 9 1 3 2]
 [8 1 9 1 3 3]
 [0 7 9 0 1 3]
 [1 9 9 3 1 3]
 [2 9 9 2 1 3]
 [3 9 9 2 1 3]
 [4 9 9 2 1 3]
 [0 1 0 0 2 0]
 [1 1 0 2 3 0]
 [7 1 0 1 1 0]
 [7 1 0 3 1 0]
 [0 1 0 0 1 0]
 [0 3 2 0 2 1]
 [9 9 9 1 2 1]
 [9 9 9 1 2 2]
 [9 9 9 1 2 3]
 [9 9 8 3 2 3]] [[ 21.77640058]
 [ 32.42999101]
 [ 70.01193148]
 [ 47.55676866]
 [ 99.62364481]
 [ 18.17373089]
 [ 20.45614113]
 [ 35.41160861]
 [ 34.44934449]
 [ 36.56735443]
 [ 30.13216229]
 [ 24.79180078]
 [ 47.4243835 ]
 [ 46.70821291]
 [ 56.98167728]
 [ 11.88264274]
 [ 41.87188682]
 [ 64.22290523]
 [ 63.16220445]
 [ 71.63268787]
 [ 78.60755755]
 [ 85.67741697]
 [ 89.60353956]
 [ 94.4360103 ]
 [ 98.01461294]
 [  3.57890576]
 [  7.28036412]
 [126.78227076]
 [ 22.20709952]
 [  1.49798303]
 [ 16.13478382]
 [ 57.51625051]
 [ 87.64148738]
 [ 99.66085279]
 [116.93748665]]
Query step: 7
7:        x_0  x_1  x_2  y_0  y_1  y_2
7224     4    1    9    3    1    1
11382    6    1    9    3    1    1
13488    7    1    9    3    1    1
17746    9    1    9    3    2    1
6871     3    9    4    3    3    1            f_res
7224   39.230909
11382  42.232800
13488  43.844011
17746  54.049323
6871   63.478225
7: X_train und x_test:  [[4 3 5 2 1 1]
 [9 5 2 1 3 1]
 [3 8 9 1 3 1]
 [9 4 5 3 1 2]
 [3 5 8 3 3 3]
 [2 9 0 1 1 0]
 [2 9 0 2 1 0]
 [7 9 0 3 1 0]
 [6 9 0 3 1 0]
 [8 9 0 3 1 0]
 [8 9 1 1 1 3]
 [1 9 1 3 1 3]
 [0 9 1 0 3 3]
 [9 9 1 3 1 3]
 [9 9 1 1 3 3]
 [1 1 1 3 3 3]
 [8 1 9 1 3 1]
 [0 1 8 0 3 3]
 [8 1 9 1 3 2]
 [8 1 9 1 3 3]
 [0 7 9 0 1 3]
 [1 9 9 3 1 3]
 [2 9 9 2 1 3]
 [3 9 9 2 1 3]
 [4 9 9 2 1 3]
 [0 1 0 0 2 0]
 [1 1 0 2 3 0]
 [7 1 0 1 1 0]
 [7 1 0 3 1 0]
 [0 1 0 0 1 0]
 [0 3 2 0 2 1]
 [9 9 9 1 2 1]
 [9 9 9 1 2 2]
 [9 9 9 1 2 3]
 [9 9 8 3 2 3]
 [4 1 9 3 1 1]
 [6 1 9 3 1 1]
 [7 1 9 3 1 1]
 [9 1 9 3 2 1]
 [3 9 4 3 3 1]] [[ 21.77640058]
 [ 32.42999101]
 [ 70.01193148]
 [ 47.55676866]
 [ 99.62364481]
 [ 18.17373089]
 [ 20.45614113]
 [ 35.41160861]
 [ 34.44934449]
 [ 36.56735443]
 [ 30.13216229]
 [ 24.79180078]
 [ 47.4243835 ]
 [ 46.70821291]
 [ 56.98167728]
 [ 11.88264274]
 [ 41.87188682]
 [ 64.22290523]
 [ 63.16220445]
 [ 71.63268787]
 [ 78.60755755]
 [ 85.67741697]
 [ 89.60353956]
 [ 94.4360103 ]
 [ 98.01461294]
 [  3.57890576]
 [  7.28036412]
 [126.78227076]
 [ 22.20709952]
 [  1.49798303]
 [ 16.13478382]
 [ 57.51625051]
 [ 87.64148738]
 [ 99.66085279]
 [116.93748665]
 [ 39.23090915]
 [ 42.23279962]
 [ 43.8440112 ]
 [ 54.04932253]
 [ 63.47822487]]
Query step: 8
8:        x_0  x_1  x_2  y_0  y_1  y_2
14311    7    5    6    1    2    1
6505     3    7    9    1    2    1
14312    7    5    6    1    2    2
14313    7    5    6    1    2    3
14320    7    5    6    2    2    2            f_res
14311  31.760642
6505   51.940168
14312  49.721630
14313  76.222078
14320  53.716901
8: X_train und x_test:  [[4 3 5 2 1 1]
 [9 5 2 1 3 1]
 [3 8 9 1 3 1]
 [9 4 5 3 1 2]
 [3 5 8 3 3 3]
 [2 9 0 1 1 0]
 [2 9 0 2 1 0]
 [7 9 0 3 1 0]
 [6 9 0 3 1 0]
 [8 9 0 3 1 0]
 [8 9 1 1 1 3]
 [1 9 1 3 1 3]
 [0 9 1 0 3 3]
 [9 9 1 3 1 3]
 [9 9 1 1 3 3]
 [1 1 1 3 3 3]
 [8 1 9 1 3 1]
 [0 1 8 0 3 3]
 [8 1 9 1 3 2]
 [8 1 9 1 3 3]
 [0 7 9 0 1 3]
 [1 9 9 3 1 3]
 [2 9 9 2 1 3]
 [3 9 9 2 1 3]
 [4 9 9 2 1 3]
 [0 1 0 0 2 0]
 [1 1 0 2 3 0]
 [7 1 0 1 1 0]
 [7 1 0 3 1 0]
 [0 1 0 0 1 0]
 [0 3 2 0 2 1]
 [9 9 9 1 2 1]
 [9 9 9 1 2 2]
 [9 9 9 1 2 3]
 [9 9 8 3 2 3]
 [4 1 9 3 1 1]
 [6 1 9 3 1 1]
 [7 1 9 3 1 1]
 [9 1 9 3 2 1]
 [3 9 4 3 3 1]
 [7 5 6 1 2 1]
 [3 7 9 1 2 1]
 [7 5 6 1 2 2]
 [7 5 6 1 2 3]
 [7 5 6 2 2 2]] [[ 21.77640058]
 [ 32.42999101]
 [ 70.01193148]
 [ 47.55676866]
 [ 99.62364481]
 [ 18.17373089]
 [ 20.45614113]
 [ 35.41160861]
 [ 34.44934449]
 [ 36.56735443]
 [ 30.13216229]
 [ 24.79180078]
 [ 47.4243835 ]
 [ 46.70821291]
 [ 56.98167728]
 [ 11.88264274]
 [ 41.87188682]
 [ 64.22290523]
 [ 63.16220445]
 [ 71.63268787]
 [ 78.60755755]
 [ 85.67741697]
 [ 89.60353956]
 [ 94.4360103 ]
 [ 98.01461294]
 [  3.57890576]
 [  7.28036412]
 [126.78227076]
 [ 22.20709952]
 [  1.49798303]
 [ 16.13478382]
 [ 57.51625051]
 [ 87.64148738]
 [ 99.66085279]
 [116.93748665]
 [ 39.23090915]
 [ 42.23279962]
 [ 43.8440112 ]
 [ 54.04932253]
 [ 63.47822487]
 [ 31.76064222]
 [ 51.9401677 ]
 [ 49.7216301 ]
 [ 76.22207811]
 [ 53.7169013 ]]
Query step: 9
9:       x_0  x_1  x_2  y_0  y_1  y_2
5477    3    3    3    2    3    2
5484    3    3    3    3    3    1
5485    3    3    3    3    3    2
5478    3    3    3    2    3    3
5486    3    3    3    3    3    3           f_res
5477  33.590453
5484  29.492658
5485  36.635918
5478  37.446827
5486  40.784765
9: X_train und x_test:  [[4 3 5 2 1 1]
 [9 5 2 1 3 1]
 [3 8 9 1 3 1]
 [9 4 5 3 1 2]
 [3 5 8 3 3 3]
 [2 9 0 1 1 0]
 [2 9 0 2 1 0]
 [7 9 0 3 1 0]
 [6 9 0 3 1 0]
 [8 9 0 3 1 0]
 [8 9 1 1 1 3]
 [1 9 1 3 1 3]
 [0 9 1 0 3 3]
 [9 9 1 3 1 3]
 [9 9 1 1 3 3]
 [1 1 1 3 3 3]
 [8 1 9 1 3 1]
 [0 1 8 0 3 3]
 [8 1 9 1 3 2]
 [8 1 9 1 3 3]
 [0 7 9 0 1 3]
 [1 9 9 3 1 3]
 [2 9 9 2 1 3]
 [3 9 9 2 1 3]
 [4 9 9 2 1 3]
 [0 1 0 0 2 0]
 [1 1 0 2 3 0]
 [7 1 0 1 1 0]
 [7 1 0 3 1 0]
 [0 1 0 0 1 0]
 [0 3 2 0 2 1]
 [9 9 9 1 2 1]
 [9 9 9 1 2 2]
 [9 9 9 1 2 3]
 [9 9 8 3 2 3]
 [4 1 9 3 1 1]
 [6 1 9 3 1 1]
 [7 1 9 3 1 1]
 [9 1 9 3 2 1]
 [3 9 4 3 3 1]
 [7 5 6 1 2 1]
 [3 7 9 1 2 1]
 [7 5 6 1 2 2]
 [7 5 6 1 2 3]
 [7 5 6 2 2 2]
 [3 3 3 2 3 2]
 [3 3 3 3 3 1]
 [3 3 3 3 3 2]
 [3 3 3 2 3 3]
 [3 3 3 3 3 3]] [[ 21.77640058]
 [ 32.42999101]
 [ 70.01193148]
 [ 47.55676866]
 [ 99.62364481]
 [ 18.17373089]
 [ 20.45614113]
 [ 35.41160861]
 [ 34.44934449]
 [ 36.56735443]
 [ 30.13216229]
 [ 24.79180078]
 [ 47.4243835 ]
 [ 46.70821291]
 [ 56.98167728]
 [ 11.88264274]
 [ 41.87188682]
 [ 64.22290523]
 [ 63.16220445]
 [ 71.63268787]
 [ 78.60755755]
 [ 85.67741697]
 [ 89.60353956]
 [ 94.4360103 ]
 [ 98.01461294]
 [  3.57890576]
 [  7.28036412]
 [126.78227076]
 [ 22.20709952]
 [  1.49798303]
 [ 16.13478382]
 [ 57.51625051]
 [ 87.64148738]
 [ 99.66085279]
 [116.93748665]
 [ 39.23090915]
 [ 42.23279962]
 [ 43.8440112 ]
 [ 54.04932253]
 [ 63.47822487]
 [ 31.76064222]
 [ 51.9401677 ]
 [ 49.7216301 ]
 [ 76.22207811]
 [ 53.7169013 ]
 [ 33.59045282]
 [ 29.49265786]
 [ 36.63591772]
 [ 37.44682695]
 [ 40.78476548]]
Query step: 10
10:        x_0  x_1  x_2  y_0  y_1  y_2
2288     1    7    4    3    3    1
2289     1    7    4    3    3    2
6425     3    7    5    3    3    3
10635    5    7    7    3    3    3
10659    5    7    8    3    3    3             f_res
2288    45.750262
2289    56.791508
6425    84.328845
10635  109.683487
10659  114.161455
10: X_train und x_test:  [[4 3 5 2 1 1]
 [9 5 2 1 3 1]
 [3 8 9 1 3 1]
 [9 4 5 3 1 2]
 [3 5 8 3 3 3]
 [2 9 0 1 1 0]
 [2 9 0 2 1 0]
 [7 9 0 3 1 0]
 [6 9 0 3 1 0]
 [8 9 0 3 1 0]
 [8 9 1 1 1 3]
 [1 9 1 3 1 3]
 [0 9 1 0 3 3]
 [9 9 1 3 1 3]
 [9 9 1 1 3 3]
 [1 1 1 3 3 3]
 [8 1 9 1 3 1]
 [0 1 8 0 3 3]
 [8 1 9 1 3 2]
 [8 1 9 1 3 3]
 [0 7 9 0 1 3]
 [1 9 9 3 1 3]
 [2 9 9 2 1 3]
 [3 9 9 2 1 3]
 [4 9 9 2 1 3]
 [0 1 0 0 2 0]
 [1 1 0 2 3 0]
 [7 1 0 1 1 0]
 [7 1 0 3 1 0]
 [0 1 0 0 1 0]
 [0 3 2 0 2 1]
 [9 9 9 1 2 1]
 [9 9 9 1 2 2]
 [9 9 9 1 2 3]
 [9 9 8 3 2 3]
 [4 1 9 3 1 1]
 [6 1 9 3 1 1]
 [7 1 9 3 1 1]
 [9 1 9 3 2 1]
 [3 9 4 3 3 1]
 [7 5 6 1 2 1]
 [3 7 9 1 2 1]
 [7 5 6 1 2 2]
 [7 5 6 1 2 3]
 [7 5 6 2 2 2]
 [3 3 3 2 3 2]
 [3 3 3 3 3 1]
 [3 3 3 3 3 2]
 [3 3 3 2 3 3]
 [3 3 3 3 3 3]
 [1 7 4 3 3 1]
 [1 7 4 3 3 2]
 [3 7 5 3 3 3]
 [5 7 7 3 3 3]
 [5 7 8 3 3 3]] [[ 21.77640058]
 [ 32.42999101]
 [ 70.01193148]
 [ 47.55676866]
 [ 99.62364481]
 [ 18.17373089]
 [ 20.45614113]
 [ 35.41160861]
 [ 34.44934449]
 [ 36.56735443]
 [ 30.13216229]
 [ 24.79180078]
 [ 47.4243835 ]
 [ 46.70821291]
 [ 56.98167728]
 [ 11.88264274]
 [ 41.87188682]
 [ 64.22290523]
 [ 63.16220445]
 [ 71.63268787]
 [ 78.60755755]
 [ 85.67741697]
 [ 89.60353956]
 [ 94.4360103 ]
 [ 98.01461294]
 [  3.57890576]
 [  7.28036412]
 [126.78227076]
 [ 22.20709952]
 [  1.49798303]
 [ 16.13478382]
 [ 57.51625051]
 [ 87.64148738]
 [ 99.66085279]
 [116.93748665]
 [ 39.23090915]
 [ 42.23279962]
 [ 43.8440112 ]
 [ 54.04932253]
 [ 63.47822487]
 [ 31.76064222]
 [ 51.9401677 ]
 [ 49.7216301 ]
 [ 76.22207811]
 [ 53.7169013 ]
 [ 33.59045282]
 [ 29.49265786]
 [ 36.63591772]
 [ 37.44682695]
 [ 40.78476548]
 [ 45.75026156]
 [ 56.79150824]
 [ 84.32884467]
 [109.68348677]
 [114.16145452]]
Query step: 11
11:      x_0  x_1  x_2  y_0  y_1  y_2
589    0    8    4    0    1    2
592    0    8    4    0    2    2
550    0    7    9    0    1    2
586    0    8    3    0    3    2
595    0    8    4    0    3    2          f_res
589  27.517802
592  40.375554
550  57.085209
586  50.437858
595  56.050365
11: X_train und x_test:  [[4 3 5 2 1 1]
 [9 5 2 1 3 1]
 [3 8 9 1 3 1]
 [9 4 5 3 1 2]
 [3 5 8 3 3 3]
 [2 9 0 1 1 0]
 [2 9 0 2 1 0]
 [7 9 0 3 1 0]
 [6 9 0 3 1 0]
 [8 9 0 3 1 0]
 [8 9 1 1 1 3]
 [1 9 1 3 1 3]
 [0 9 1 0 3 3]
 [9 9 1 3 1 3]
 [9 9 1 1 3 3]
 [1 1 1 3 3 3]
 [8 1 9 1 3 1]
 [0 1 8 0 3 3]
 [8 1 9 1 3 2]
 [8 1 9 1 3 3]
 [0 7 9 0 1 3]
 [1 9 9 3 1 3]
 [2 9 9 2 1 3]
 [3 9 9 2 1 3]
 [4 9 9 2 1 3]
 [0 1 0 0 2 0]
 [1 1 0 2 3 0]
 [7 1 0 1 1 0]
 [7 1 0 3 1 0]
 [0 1 0 0 1 0]
 [0 3 2 0 2 1]
 [9 9 9 1 2 1]
 [9 9 9 1 2 2]
 [9 9 9 1 2 3]
 [9 9 8 3 2 3]
 [4 1 9 3 1 1]
 [6 1 9 3 1 1]
 [7 1 9 3 1 1]
 [9 1 9 3 2 1]
 [3 9 4 3 3 1]
 [7 5 6 1 2 1]
 [3 7 9 1 2 1]
 [7 5 6 1 2 2]
 [7 5 6 1 2 3]
 [7 5 6 2 2 2]
 [3 3 3 2 3 2]
 [3 3 3 3 3 1]
 [3 3 3 3 3 2]
 [3 3 3 2 3 3]
 [3 3 3 3 3 3]
 [1 7 4 3 3 1]
 [1 7 4 3 3 2]
 [3 7 5 3 3 3]
 [5 7 7 3 3 3]
 [5 7 8 3 3 3]
 [0 8 4 0 1 2]
 [0 8 4 0 2 2]
 [0 7 9 0 1 2]
 [0 8 3 0 3 2]
 [0 8 4 0 3 2]] [[ 21.77640058]
 [ 32.42999101]
 [ 70.01193148]
 [ 47.55676866]
 [ 99.62364481]
 [ 18.17373089]
 [ 20.45614113]
 [ 35.41160861]
 [ 34.44934449]
 [ 36.56735443]
 [ 30.13216229]
 [ 24.79180078]
 [ 47.4243835 ]
 [ 46.70821291]
 [ 56.98167728]
 [ 11.88264274]
 [ 41.87188682]
 [ 64.22290523]
 [ 63.16220445]
 [ 71.63268787]
 [ 78.60755755]
 [ 85.67741697]
 [ 89.60353956]
 [ 94.4360103 ]
 [ 98.01461294]
 [  3.57890576]
 [  7.28036412]
 [126.78227076]
 [ 22.20709952]
 [  1.49798303]
 [ 16.13478382]
 [ 57.51625051]
 [ 87.64148738]
 [ 99.66085279]
 [116.93748665]
 [ 39.23090915]
 [ 42.23279962]
 [ 43.8440112 ]
 [ 54.04932253]
 [ 63.47822487]
 [ 31.76064222]
 [ 51.9401677 ]
 [ 49.7216301 ]
 [ 76.22207811]
 [ 53.7169013 ]
 [ 33.59045282]
 [ 29.49265786]
 [ 36.63591772]
 [ 37.44682695]
 [ 40.78476548]
 [ 45.75026156]
 [ 56.79150824]
 [ 84.32884467]
 [109.68348677]
 [114.16145452]
 [ 27.5178023 ]
 [ 40.3755538 ]
 [ 57.085209  ]
 [ 50.43785814]
 [ 56.05036476]]
Query step: 12
12:        x_0  x_1  x_2  y_0  y_1  y_2
100      0    2    2    0    2    2
102      0    2    2    0    3    1
101      0    2    2    0    2    3
10015    5    5    1    3    1    1
10016    5    5    1    3    1    2            f_res
100    16.148459
102    15.416911
101    17.985328
10015  25.626150
10016  28.483606
12: X_train und x_test:  [[4 3 5 2 1 1]
 [9 5 2 1 3 1]
 [3 8 9 1 3 1]
 [9 4 5 3 1 2]
 [3 5 8 3 3 3]
 [2 9 0 1 1 0]
 [2 9 0 2 1 0]
 [7 9 0 3 1 0]
 [6 9 0 3 1 0]
 [8 9 0 3 1 0]
 [8 9 1 1 1 3]
 [1 9 1 3 1 3]
 [0 9 1 0 3 3]
 [9 9 1 3 1 3]
 [9 9 1 1 3 3]
 [1 1 1 3 3 3]
 [8 1 9 1 3 1]
 [0 1 8 0 3 3]
 [8 1 9 1 3 2]
 [8 1 9 1 3 3]
 [0 7 9 0 1 3]
 [1 9 9 3 1 3]
 [2 9 9 2 1 3]
 [3 9 9 2 1 3]
 [4 9 9 2 1 3]
 [0 1 0 0 2 0]
 [1 1 0 2 3 0]
 [7 1 0 1 1 0]
 [7 1 0 3 1 0]
 [0 1 0 0 1 0]
 [0 3 2 0 2 1]
 [9 9 9 1 2 1]
 [9 9 9 1 2 2]
 [9 9 9 1 2 3]
 [9 9 8 3 2 3]
 [4 1 9 3 1 1]
 [6 1 9 3 1 1]
 [7 1 9 3 1 1]
 [9 1 9 3 2 1]
 [3 9 4 3 3 1]
 [7 5 6 1 2 1]
 [3 7 9 1 2 1]
 [7 5 6 1 2 2]
 [7 5 6 1 2 3]
 [7 5 6 2 2 2]
 [3 3 3 2 3 2]
 [3 3 3 3 3 1]
 [3 3 3 3 3 2]
 [3 3 3 2 3 3]
 [3 3 3 3 3 3]
 [1 7 4 3 3 1]
 [1 7 4 3 3 2]
 [3 7 5 3 3 3]
 [5 7 7 3 3 3]
 [5 7 8 3 3 3]
 [0 8 4 0 1 2]
 [0 8 4 0 2 2]
 [0 7 9 0 1 2]
 [0 8 3 0 3 2]
 [0 8 4 0 3 2]
 [0 2 2 0 2 2]
 [0 2 2 0 3 1]
 [0 2 2 0 2 3]
 [5 5 1 3 1 1]
 [5 5 1 3 1 2]] [[ 21.77640058]
 [ 32.42999101]
 [ 70.01193148]
 [ 47.55676866]
 [ 99.62364481]
 [ 18.17373089]
 [ 20.45614113]
 [ 35.41160861]
 [ 34.44934449]
 [ 36.56735443]
 [ 30.13216229]
 [ 24.79180078]
 [ 47.4243835 ]
 [ 46.70821291]
 [ 56.98167728]
 [ 11.88264274]
 [ 41.87188682]
 [ 64.22290523]
 [ 63.16220445]
 [ 71.63268787]
 [ 78.60755755]
 [ 85.67741697]
 [ 89.60353956]
 [ 94.4360103 ]
 [ 98.01461294]
 [  3.57890576]
 [  7.28036412]
 [126.78227076]
 [ 22.20709952]
 [  1.49798303]
 [ 16.13478382]
 [ 57.51625051]
 [ 87.64148738]
 [ 99.66085279]
 [116.93748665]
 [ 39.23090915]
 [ 42.23279962]
 [ 43.8440112 ]
 [ 54.04932253]
 [ 63.47822487]
 [ 31.76064222]
 [ 51.9401677 ]
 [ 49.7216301 ]
 [ 76.22207811]
 [ 53.7169013 ]
 [ 33.59045282]
 [ 29.49265786]
 [ 36.63591772]
 [ 37.44682695]
 [ 40.78476548]
 [ 45.75026156]
 [ 56.79150824]
 [ 84.32884467]
 [109.68348677]
 [114.16145452]
 [ 27.5178023 ]
 [ 40.3755538 ]
 [ 57.085209  ]
 [ 50.43785814]
 [ 56.05036476]
 [ 16.14845909]
 [ 15.41691063]
 [ 17.9853283 ]
 [ 25.62614963]
 [ 28.48360569]]
Query step: 13
13:        x_0  x_1  x_2  y_0  y_1  y_2
12472    6    6    7    1    1    1
12475    6    6    7    1    2    1
12473    6    6    7    1    1    2
12476    6    6    7    1    2    2
12474    6    6    7    1    1    3            f_res
12472  31.668292
12475  38.213344
12473  48.528501
12476  65.889780
12474  81.212403
13: X_train und x_test:  [[4 3 5 2 1 1]
 [9 5 2 1 3 1]
 [3 8 9 1 3 1]
 [9 4 5 3 1 2]
 [3 5 8 3 3 3]
 [2 9 0 1 1 0]
 [2 9 0 2 1 0]
 [7 9 0 3 1 0]
 [6 9 0 3 1 0]
 [8 9 0 3 1 0]
 [8 9 1 1 1 3]
 [1 9 1 3 1 3]
 [0 9 1 0 3 3]
 [9 9 1 3 1 3]
 [9 9 1 1 3 3]
 [1 1 1 3 3 3]
 [8 1 9 1 3 1]
 [0 1 8 0 3 3]
 [8 1 9 1 3 2]
 [8 1 9 1 3 3]
 [0 7 9 0 1 3]
 [1 9 9 3 1 3]
 [2 9 9 2 1 3]
 [3 9 9 2 1 3]
 [4 9 9 2 1 3]
 [0 1 0 0 2 0]
 [1 1 0 2 3 0]
 [7 1 0 1 1 0]
 [7 1 0 3 1 0]
 [0 1 0 0 1 0]
 [0 3 2 0 2 1]
 [9 9 9 1 2 1]
 [9 9 9 1 2 2]
 [9 9 9 1 2 3]
 [9 9 8 3 2 3]
 [4 1 9 3 1 1]
 [6 1 9 3 1 1]
 [7 1 9 3 1 1]
 [9 1 9 3 2 1]
 [3 9 4 3 3 1]
 [7 5 6 1 2 1]
 [3 7 9 1 2 1]
 [7 5 6 1 2 2]
 [7 5 6 1 2 3]
 [7 5 6 2 2 2]
 [3 3 3 2 3 2]
 [3 3 3 3 3 1]
 [3 3 3 3 3 2]
 [3 3 3 2 3 3]
 [3 3 3 3 3 3]
 [1 7 4 3 3 1]
 [1 7 4 3 3 2]
 [3 7 5 3 3 3]
 [5 7 7 3 3 3]
 [5 7 8 3 3 3]
 [0 8 4 0 1 2]
 [0 8 4 0 2 2]
 [0 7 9 0 1 2]
 [0 8 3 0 3 2]
 [0 8 4 0 3 2]
 [0 2 2 0 2 2]
 [0 2 2 0 3 1]
 [0 2 2 0 2 3]
 [5 5 1 3 1 1]
 [5 5 1 3 1 2]
 [6 6 7 1 1 1]
 [6 6 7 1 2 1]
 [6 6 7 1 1 2]
 [6 6 7 1 2 2]
 [6 6 7 1 1 3]] [[ 21.77640058]
 [ 32.42999101]
 [ 70.01193148]
 [ 47.55676866]
 [ 99.62364481]
 [ 18.17373089]
 [ 20.45614113]
 [ 35.41160861]
 [ 34.44934449]
 [ 36.56735443]
 [ 30.13216229]
 [ 24.79180078]
 [ 47.4243835 ]
 [ 46.70821291]
 [ 56.98167728]
 [ 11.88264274]
 [ 41.87188682]
 [ 64.22290523]
 [ 63.16220445]
 [ 71.63268787]
 [ 78.60755755]
 [ 85.67741697]
 [ 89.60353956]
 [ 94.4360103 ]
 [ 98.01461294]
 [  3.57890576]
 [  7.28036412]
 [126.78227076]
 [ 22.20709952]
 [  1.49798303]
 [ 16.13478382]
 [ 57.51625051]
 [ 87.64148738]
 [ 99.66085279]
 [116.93748665]
 [ 39.23090915]
 [ 42.23279962]
 [ 43.8440112 ]
 [ 54.04932253]
 [ 63.47822487]
 [ 31.76064222]
 [ 51.9401677 ]
 [ 49.7216301 ]
 [ 76.22207811]
 [ 53.7169013 ]
 [ 33.59045282]
 [ 29.49265786]
 [ 36.63591772]
 [ 37.44682695]
 [ 40.78476548]
 [ 45.75026156]
 [ 56.79150824]
 [ 84.32884467]
 [109.68348677]
 [114.16145452]
 [ 27.5178023 ]
 [ 40.3755538 ]
 [ 57.085209  ]
 [ 50.43785814]
 [ 56.05036476]
 [ 16.14845909]
 [ 15.41691063]
 [ 17.9853283 ]
 [ 25.62614963]
 [ 28.48360569]
 [ 31.668292  ]
 [ 38.2133436 ]
 [ 48.52850119]
 [ 65.8897798 ]
 [ 81.21240344]]
Query step: 14
14:        x_0  x_1  x_2  y_0  y_1  y_2
87       0    2    1    0    1    1
89       0    2    1    0    1    3
13669    7    2    7    3    1    2
13694    7    2    8    3    1    3
13670    7    2    7    3    1    3            f_res
87      6.392810
89      8.345973
13669  53.341435
13694  95.103510
13670  88.139976
14: X_train und x_test:  [[4 3 5 2 1 1]
 [9 5 2 1 3 1]
 [3 8 9 1 3 1]
 [9 4 5 3 1 2]
 [3 5 8 3 3 3]
 [2 9 0 1 1 0]
 [2 9 0 2 1 0]
 [7 9 0 3 1 0]
 [6 9 0 3 1 0]
 [8 9 0 3 1 0]
 [8 9 1 1 1 3]
 [1 9 1 3 1 3]
 [0 9 1 0 3 3]
 [9 9 1 3 1 3]
 [9 9 1 1 3 3]
 [1 1 1 3 3 3]
 [8 1 9 1 3 1]
 [0 1 8 0 3 3]
 [8 1 9 1 3 2]
 [8 1 9 1 3 3]
 [0 7 9 0 1 3]
 [1 9 9 3 1 3]
 [2 9 9 2 1 3]
 [3 9 9 2 1 3]
 [4 9 9 2 1 3]
 [0 1 0 0 2 0]
 [1 1 0 2 3 0]
 [7 1 0 1 1 0]
 [7 1 0 3 1 0]
 [0 1 0 0 1 0]
 [0 3 2 0 2 1]
 [9 9 9 1 2 1]
 [9 9 9 1 2 2]
 [9 9 9 1 2 3]
 [9 9 8 3 2 3]
 [4 1 9 3 1 1]
 [6 1 9 3 1 1]
 [7 1 9 3 1 1]
 [9 1 9 3 2 1]
 [3 9 4 3 3 1]
 [7 5 6 1 2 1]
 [3 7 9 1 2 1]
 [7 5 6 1 2 2]
 [7 5 6 1 2 3]
 [7 5 6 2 2 2]
 [3 3 3 2 3 2]
 [3 3 3 3 3 1]
 [3 3 3 3 3 2]
 [3 3 3 2 3 3]
 [3 3 3 3 3 3]
 [1 7 4 3 3 1]
 [1 7 4 3 3 2]
 [3 7 5 3 3 3]
 [5 7 7 3 3 3]
 [5 7 8 3 3 3]
 [0 8 4 0 1 2]
 [0 8 4 0 2 2]
 [0 7 9 0 1 2]
 [0 8 3 0 3 2]
 [0 8 4 0 3 2]
 [0 2 2 0 2 2]
 [0 2 2 0 3 1]
 [0 2 2 0 2 3]
 [5 5 1 3 1 1]
 [5 5 1 3 1 2]
 [6 6 7 1 1 1]
 [6 6 7 1 2 1]
 [6 6 7 1 1 2]
 [6 6 7 1 2 2]
 [6 6 7 1 1 3]
 [0 2 1 0 1 1]
 [0 2 1 0 1 3]
 [7 2 7 3 1 2]
 [7 2 8 3 1 3]
 [7 2 7 3 1 3]] [[ 21.77640058]
 [ 32.42999101]
 [ 70.01193148]
 [ 47.55676866]
 [ 99.62364481]
 [ 18.17373089]
 [ 20.45614113]
 [ 35.41160861]
 [ 34.44934449]
 [ 36.56735443]
 [ 30.13216229]
 [ 24.79180078]
 [ 47.4243835 ]
 [ 46.70821291]
 [ 56.98167728]
 [ 11.88264274]
 [ 41.87188682]
 [ 64.22290523]
 [ 63.16220445]
 [ 71.63268787]
 [ 78.60755755]
 [ 85.67741697]
 [ 89.60353956]
 [ 94.4360103 ]
 [ 98.01461294]
 [  3.57890576]
 [  7.28036412]
 [126.78227076]
 [ 22.20709952]
 [  1.49798303]
 [ 16.13478382]
 [ 57.51625051]
 [ 87.64148738]
 [ 99.66085279]
 [116.93748665]
 [ 39.23090915]
 [ 42.23279962]
 [ 43.8440112 ]
 [ 54.04932253]
 [ 63.47822487]
 [ 31.76064222]
 [ 51.9401677 ]
 [ 49.7216301 ]
 [ 76.22207811]
 [ 53.7169013 ]
 [ 33.59045282]
 [ 29.49265786]
 [ 36.63591772]
 [ 37.44682695]
 [ 40.78476548]
 [ 45.75026156]
 [ 56.79150824]
 [ 84.32884467]
 [109.68348677]
 [114.16145452]
 [ 27.5178023 ]
 [ 40.3755538 ]
 [ 57.085209  ]
 [ 50.43785814]
 [ 56.05036476]
 [ 16.14845909]
 [ 15.41691063]
 [ 17.9853283 ]
 [ 25.62614963]
 [ 28.48360569]
 [ 31.668292  ]
 [ 38.2133436 ]
 [ 48.52850119]
 [ 65.8897798 ]
 [ 81.21240344]
 [  6.39281047]
 [  8.345973  ]
 [ 53.34143506]
 [ 95.10350995]
 [ 88.13997557]]
Query step: 15
15:      x_0  x_1  x_2  y_0  y_1  y_2
256    0    4    1    0    2    3
257    0    4    1    0    3    1
258    0    4    1    0    3    2
259    0    4    1    0    3    3
265    0    4    2    0    2    3          f_res
256  19.428278
257  32.424041
258  25.175617
259  25.647369
265  23.992465
15: X_train und x_test:  [[4 3 5 2 1 1]
 [9 5 2 1 3 1]
 [3 8 9 1 3 1]
 [9 4 5 3 1 2]
 [3 5 8 3 3 3]
 [2 9 0 1 1 0]
 [2 9 0 2 1 0]
 [7 9 0 3 1 0]
 [6 9 0 3 1 0]
 [8 9 0 3 1 0]
 [8 9 1 1 1 3]
 [1 9 1 3 1 3]
 [0 9 1 0 3 3]
 [9 9 1 3 1 3]
 [9 9 1 1 3 3]
 [1 1 1 3 3 3]
 [8 1 9 1 3 1]
 [0 1 8 0 3 3]
 [8 1 9 1 3 2]
 [8 1 9 1 3 3]
 [0 7 9 0 1 3]
 [1 9 9 3 1 3]
 [2 9 9 2 1 3]
 [3 9 9 2 1 3]
 [4 9 9 2 1 3]
 [0 1 0 0 2 0]
 [1 1 0 2 3 0]
 [7 1 0 1 1 0]
 [7 1 0 3 1 0]
 [0 1 0 0 1 0]
 [0 3 2 0 2 1]
 [9 9 9 1 2 1]
 [9 9 9 1 2 2]
 [9 9 9 1 2 3]
 [9 9 8 3 2 3]
 [4 1 9 3 1 1]
 [6 1 9 3 1 1]
 [7 1 9 3 1 1]
 [9 1 9 3 2 1]
 [3 9 4 3 3 1]
 [7 5 6 1 2 1]
 [3 7 9 1 2 1]
 [7 5 6 1 2 2]
 [7 5 6 1 2 3]
 [7 5 6 2 2 2]
 [3 3 3 2 3 2]
 [3 3 3 3 3 1]
 [3 3 3 3 3 2]
 [3 3 3 2 3 3]
 [3 3 3 3 3 3]
 [1 7 4 3 3 1]
 [1 7 4 3 3 2]
 [3 7 5 3 3 3]
 [5 7 7 3 3 3]
 [5 7 8 3 3 3]
 [0 8 4 0 1 2]
 [0 8 4 0 2 2]
 [0 7 9 0 1 2]
 [0 8 3 0 3 2]
 [0 8 4 0 3 2]
 [0 2 2 0 2 2]
 [0 2 2 0 3 1]
 [0 2 2 0 2 3]
 [5 5 1 3 1 1]
 [5 5 1 3 1 2]
 [6 6 7 1 1 1]
 [6 6 7 1 2 1]
 [6 6 7 1 1 2]
 [6 6 7 1 2 2]
 [6 6 7 1 1 3]
 [0 2 1 0 1 1]
 [0 2 1 0 1 3]
 [7 2 7 3 1 2]
 [7 2 8 3 1 3]
 [7 2 7 3 1 3]
 [0 4 1 0 2 3]
 [0 4 1 0 3 1]
 [0 4 1 0 3 2]
 [0 4 1 0 3 3]
 [0 4 2 0 2 3]] [[ 21.77640058]
 [ 32.42999101]
 [ 70.01193148]
 [ 47.55676866]
 [ 99.62364481]
 [ 18.17373089]
 [ 20.45614113]
 [ 35.41160861]
 [ 34.44934449]
 [ 36.56735443]
 [ 30.13216229]
 [ 24.79180078]
 [ 47.4243835 ]
 [ 46.70821291]
 [ 56.98167728]
 [ 11.88264274]
 [ 41.87188682]
 [ 64.22290523]
 [ 63.16220445]
 [ 71.63268787]
 [ 78.60755755]
 [ 85.67741697]
 [ 89.60353956]
 [ 94.4360103 ]
 [ 98.01461294]
 [  3.57890576]
 [  7.28036412]
 [126.78227076]
 [ 22.20709952]
 [  1.49798303]
 [ 16.13478382]
 [ 57.51625051]
 [ 87.64148738]
 [ 99.66085279]
 [116.93748665]
 [ 39.23090915]
 [ 42.23279962]
 [ 43.8440112 ]
 [ 54.04932253]
 [ 63.47822487]
 [ 31.76064222]
 [ 51.9401677 ]
 [ 49.7216301 ]
 [ 76.22207811]
 [ 53.7169013 ]
 [ 33.59045282]
 [ 29.49265786]
 [ 36.63591772]
 [ 37.44682695]
 [ 40.78476548]
 [ 45.75026156]
 [ 56.79150824]
 [ 84.32884467]
 [109.68348677]
 [114.16145452]
 [ 27.5178023 ]
 [ 40.3755538 ]
 [ 57.085209  ]
 [ 50.43785814]
 [ 56.05036476]
 [ 16.14845909]
 [ 15.41691063]
 [ 17.9853283 ]
 [ 25.62614963]
 [ 28.48360569]
 [ 31.668292  ]
 [ 38.2133436 ]
 [ 48.52850119]
 [ 65.8897798 ]
 [ 81.21240344]
 [  6.39281047]
 [  8.345973  ]
 [ 53.34143506]
 [ 95.10350995]
 [ 88.13997557]
 [ 19.42827761]
 [ 32.42404113]
 [ 25.17561716]
 [ 25.64736928]
 [ 23.99246539]]
Query step: 16
16:        x_0  x_1  x_2  y_0  y_1  y_2
75       0    1    9    0    1    1
9059     4    9    9    3    1    1
19620    9    9    8    3    1    1
19407    9    8    9    3    1    1
19650    9    9    9    3    2    1            f_res
75     20.467454
9059   50.199277
19620  54.648831
19407  55.723117
19650  73.277532
16: X_train und x_test:  [[4 3 5 2 1 1]
 [9 5 2 1 3 1]
 [3 8 9 1 3 1]
 [9 4 5 3 1 2]
 [3 5 8 3 3 3]
 [2 9 0 1 1 0]
 [2 9 0 2 1 0]
 [7 9 0 3 1 0]
 [6 9 0 3 1 0]
 [8 9 0 3 1 0]
 [8 9 1 1 1 3]
 [1 9 1 3 1 3]
 [0 9 1 0 3 3]
 [9 9 1 3 1 3]
 [9 9 1 1 3 3]
 [1 1 1 3 3 3]
 [8 1 9 1 3 1]
 [0 1 8 0 3 3]
 [8 1 9 1 3 2]
 [8 1 9 1 3 3]
 [0 7 9 0 1 3]
 [1 9 9 3 1 3]
 [2 9 9 2 1 3]
 [3 9 9 2 1 3]
 [4 9 9 2 1 3]
 [0 1 0 0 2 0]
 [1 1 0 2 3 0]
 [7 1 0 1 1 0]
 [7 1 0 3 1 0]
 [0 1 0 0 1 0]
 [0 3 2 0 2 1]
 [9 9 9 1 2 1]
 [9 9 9 1 2 2]
 [9 9 9 1 2 3]
 [9 9 8 3 2 3]
 [4 1 9 3 1 1]
 [6 1 9 3 1 1]
 [7 1 9 3 1 1]
 [9 1 9 3 2 1]
 [3 9 4 3 3 1]
 [7 5 6 1 2 1]
 [3 7 9 1 2 1]
 [7 5 6 1 2 2]
 [7 5 6 1 2 3]
 [7 5 6 2 2 2]
 [3 3 3 2 3 2]
 [3 3 3 3 3 1]
 [3 3 3 3 3 2]
 [3 3 3 2 3 3]
 [3 3 3 3 3 3]
 [1 7 4 3 3 1]
 [1 7 4 3 3 2]
 [3 7 5 3 3 3]
 [5 7 7 3 3 3]
 [5 7 8 3 3 3]
 [0 8 4 0 1 2]
 [0 8 4 0 2 2]
 [0 7 9 0 1 2]
 [0 8 3 0 3 2]
 [0 8 4 0 3 2]
 [0 2 2 0 2 2]
 [0 2 2 0 3 1]
 [0 2 2 0 2 3]
 [5 5 1 3 1 1]
 [5 5 1 3 1 2]
 [6 6 7 1 1 1]
 [6 6 7 1 2 1]
 [6 6 7 1 1 2]
 [6 6 7 1 2 2]
 [6 6 7 1 1 3]
 [0 2 1 0 1 1]
 [0 2 1 0 1 3]
 [7 2 7 3 1 2]
 [7 2 8 3 1 3]
 [7 2 7 3 1 3]
 [0 4 1 0 2 3]
 [0 4 1 0 3 1]
 [0 4 1 0 3 2]
 [0 4 1 0 3 3]
 [0 4 2 0 2 3]
 [0 1 9 0 1 1]
 [4 9 9 3 1 1]
 [9 9 8 3 1 1]
 [9 8 9 3 1 1]
 [9 9 9 3 2 1]] [[ 21.77640058]
 [ 32.42999101]
 [ 70.01193148]
 [ 47.55676866]
 [ 99.62364481]
 [ 18.17373089]
 [ 20.45614113]
 [ 35.41160861]
 [ 34.44934449]
 [ 36.56735443]
 [ 30.13216229]
 [ 24.79180078]
 [ 47.4243835 ]
 [ 46.70821291]
 [ 56.98167728]
 [ 11.88264274]
 [ 41.87188682]
 [ 64.22290523]
 [ 63.16220445]
 [ 71.63268787]
 [ 78.60755755]
 [ 85.67741697]
 [ 89.60353956]
 [ 94.4360103 ]
 [ 98.01461294]
 [  3.57890576]
 [  7.28036412]
 [126.78227076]
 [ 22.20709952]
 [  1.49798303]
 [ 16.13478382]
 [ 57.51625051]
 [ 87.64148738]
 [ 99.66085279]
 [116.93748665]
 [ 39.23090915]
 [ 42.23279962]
 [ 43.8440112 ]
 [ 54.04932253]
 [ 63.47822487]
 [ 31.76064222]
 [ 51.9401677 ]
 [ 49.7216301 ]
 [ 76.22207811]
 [ 53.7169013 ]
 [ 33.59045282]
 [ 29.49265786]
 [ 36.63591772]
 [ 37.44682695]
 [ 40.78476548]
 [ 45.75026156]
 [ 56.79150824]
 [ 84.32884467]
 [109.68348677]
 [114.16145452]
 [ 27.5178023 ]
 [ 40.3755538 ]
 [ 57.085209  ]
 [ 50.43785814]
 [ 56.05036476]
 [ 16.14845909]
 [ 15.41691063]
 [ 17.9853283 ]
 [ 25.62614963]
 [ 28.48360569]
 [ 31.668292  ]
 [ 38.2133436 ]
 [ 48.52850119]
 [ 65.8897798 ]
 [ 81.21240344]
 [  6.39281047]
 [  8.345973  ]
 [ 53.34143506]
 [ 95.10350995]
 [ 88.13997557]
 [ 19.42827761]
 [ 32.42404113]
 [ 25.17561716]
 [ 25.64736928]
 [ 23.99246539]
 [ 20.46745449]
 [ 50.19927738]
 [ 54.64883053]
 [ 55.72311729]
 [ 73.27753215]]
Query step: 17
17:        x_0  x_1  x_2  y_0  y_1  y_2
67       0    1    8    0    1    2
70       0    1    8    0    2    2
14737    7    7    4    1    1    3
4596     2    8    4    3    1    3
4599     2    8    4    3    2    3            f_res
67     44.225589
70     52.297091
14737  43.302327
4596   46.375314
4599   60.663783
17: X_train und x_test:  [[4 3 5 2 1 1]
 [9 5 2 1 3 1]
 [3 8 9 1 3 1]
 [9 4 5 3 1 2]
 [3 5 8 3 3 3]
 [2 9 0 1 1 0]
 [2 9 0 2 1 0]
 [7 9 0 3 1 0]
 [6 9 0 3 1 0]
 [8 9 0 3 1 0]
 [8 9 1 1 1 3]
 [1 9 1 3 1 3]
 [0 9 1 0 3 3]
 [9 9 1 3 1 3]
 [9 9 1 1 3 3]
 [1 1 1 3 3 3]
 [8 1 9 1 3 1]
 [0 1 8 0 3 3]
 [8 1 9 1 3 2]
 [8 1 9 1 3 3]
 [0 7 9 0 1 3]
 [1 9 9 3 1 3]
 [2 9 9 2 1 3]
 [3 9 9 2 1 3]
 [4 9 9 2 1 3]
 [0 1 0 0 2 0]
 [1 1 0 2 3 0]
 [7 1 0 1 1 0]
 [7 1 0 3 1 0]
 [0 1 0 0 1 0]
 [0 3 2 0 2 1]
 [9 9 9 1 2 1]
 [9 9 9 1 2 2]
 [9 9 9 1 2 3]
 [9 9 8 3 2 3]
 [4 1 9 3 1 1]
 [6 1 9 3 1 1]
 [7 1 9 3 1 1]
 [9 1 9 3 2 1]
 [3 9 4 3 3 1]
 [7 5 6 1 2 1]
 [3 7 9 1 2 1]
 [7 5 6 1 2 2]
 [7 5 6 1 2 3]
 [7 5 6 2 2 2]
 [3 3 3 2 3 2]
 [3 3 3 3 3 1]
 [3 3 3 3 3 2]
 [3 3 3 2 3 3]
 [3 3 3 3 3 3]
 [1 7 4 3 3 1]
 [1 7 4 3 3 2]
 [3 7 5 3 3 3]
 [5 7 7 3 3 3]
 [5 7 8 3 3 3]
 [0 8 4 0 1 2]
 [0 8 4 0 2 2]
 [0 7 9 0 1 2]
 [0 8 3 0 3 2]
 [0 8 4 0 3 2]
 [0 2 2 0 2 2]
 [0 2 2 0 3 1]
 [0 2 2 0 2 3]
 [5 5 1 3 1 1]
 [5 5 1 3 1 2]
 [6 6 7 1 1 1]
 [6 6 7 1 2 1]
 [6 6 7 1 1 2]
 [6 6 7 1 2 2]
 [6 6 7 1 1 3]
 [0 2 1 0 1 1]
 [0 2 1 0 1 3]
 [7 2 7 3 1 2]
 [7 2 8 3 1 3]
 [7 2 7 3 1 3]
 [0 4 1 0 2 3]
 [0 4 1 0 3 1]
 [0 4 1 0 3 2]
 [0 4 1 0 3 3]
 [0 4 2 0 2 3]
 [0 1 9 0 1 1]
 [4 9 9 3 1 1]
 [9 9 8 3 1 1]
 [9 8 9 3 1 1]
 [9 9 9 3 2 1]
 [0 1 8 0 1 2]
 [0 1 8 0 2 2]
 [7 7 4 1 1 3]
 [2 8 4 3 1 3]
 [2 8 4 3 2 3]] [[ 21.77640058]
 [ 32.42999101]
 [ 70.01193148]
 [ 47.55676866]
 [ 99.62364481]
 [ 18.17373089]
 [ 20.45614113]
 [ 35.41160861]
 [ 34.44934449]
 [ 36.56735443]
 [ 30.13216229]
 [ 24.79180078]
 [ 47.4243835 ]
 [ 46.70821291]
 [ 56.98167728]
 [ 11.88264274]
 [ 41.87188682]
 [ 64.22290523]
 [ 63.16220445]
 [ 71.63268787]
 [ 78.60755755]
 [ 85.67741697]
 [ 89.60353956]
 [ 94.4360103 ]
 [ 98.01461294]
 [  3.57890576]
 [  7.28036412]
 [126.78227076]
 [ 22.20709952]
 [  1.49798303]
 [ 16.13478382]
 [ 57.51625051]
 [ 87.64148738]
 [ 99.66085279]
 [116.93748665]
 [ 39.23090915]
 [ 42.23279962]
 [ 43.8440112 ]
 [ 54.04932253]
 [ 63.47822487]
 [ 31.76064222]
 [ 51.9401677 ]
 [ 49.7216301 ]
 [ 76.22207811]
 [ 53.7169013 ]
 [ 33.59045282]
 [ 29.49265786]
 [ 36.63591772]
 [ 37.44682695]
 [ 40.78476548]
 [ 45.75026156]
 [ 56.79150824]
 [ 84.32884467]
 [109.68348677]
 [114.16145452]
 [ 27.5178023 ]
 [ 40.3755538 ]
 [ 57.085209  ]
 [ 50.43785814]
 [ 56.05036476]
 [ 16.14845909]
 [ 15.41691063]
 [ 17.9853283 ]
 [ 25.62614963]
 [ 28.48360569]
 [ 31.668292  ]
 [ 38.2133436 ]
 [ 48.52850119]
 [ 65.8897798 ]
 [ 81.21240344]
 [  6.39281047]
 [  8.345973  ]
 [ 53.34143506]
 [ 95.10350995]
 [ 88.13997557]
 [ 19.42827761]
 [ 32.42404113]
 [ 25.17561716]
 [ 25.64736928]
 [ 23.99246539]
 [ 20.46745449]
 [ 50.19927738]
 [ 54.64883053]
 [ 55.72311729]
 [ 73.27753215]
 [ 44.22558913]
 [ 52.29709103]
 [ 43.30232651]
 [ 46.375314  ]
 [ 60.66378274]]
Query step: 18
18:        x_0  x_1  x_2  y_0  y_1  y_2
153      0    2    8    0    2    1
389      0    5    8    0    3    1
604      0    8    5    0    3    2
19469    9    9    2    3    1    2
19475    9    9    2    3    3    2            f_res
153    32.453060
389    46.774785
604    63.589842
19469  46.449655
19475  77.403375
18: X_train und x_test:  [[4 3 5 2 1 1]
 [9 5 2 1 3 1]
 [3 8 9 1 3 1]
 [9 4 5 3 1 2]
 [3 5 8 3 3 3]
 [2 9 0 1 1 0]
 [2 9 0 2 1 0]
 [7 9 0 3 1 0]
 [6 9 0 3 1 0]
 [8 9 0 3 1 0]
 [8 9 1 1 1 3]
 [1 9 1 3 1 3]
 [0 9 1 0 3 3]
 [9 9 1 3 1 3]
 [9 9 1 1 3 3]
 [1 1 1 3 3 3]
 [8 1 9 1 3 1]
 [0 1 8 0 3 3]
 [8 1 9 1 3 2]
 [8 1 9 1 3 3]
 [0 7 9 0 1 3]
 [1 9 9 3 1 3]
 [2 9 9 2 1 3]
 [3 9 9 2 1 3]
 [4 9 9 2 1 3]
 [0 1 0 0 2 0]
 [1 1 0 2 3 0]
 [7 1 0 1 1 0]
 [7 1 0 3 1 0]
 [0 1 0 0 1 0]
 [0 3 2 0 2 1]
 [9 9 9 1 2 1]
 [9 9 9 1 2 2]
 [9 9 9 1 2 3]
 [9 9 8 3 2 3]
 [4 1 9 3 1 1]
 [6 1 9 3 1 1]
 [7 1 9 3 1 1]
 [9 1 9 3 2 1]
 [3 9 4 3 3 1]
 [7 5 6 1 2 1]
 [3 7 9 1 2 1]
 [7 5 6 1 2 2]
 [7 5 6 1 2 3]
 [7 5 6 2 2 2]
 [3 3 3 2 3 2]
 [3 3 3 3 3 1]
 [3 3 3 3 3 2]
 [3 3 3 2 3 3]
 [3 3 3 3 3 3]
 [1 7 4 3 3 1]
 [1 7 4 3 3 2]
 [3 7 5 3 3 3]
 [5 7 7 3 3 3]
 [5 7 8 3 3 3]
 [0 8 4 0 1 2]
 [0 8 4 0 2 2]
 [0 7 9 0 1 2]
 [0 8 3 0 3 2]
 [0 8 4 0 3 2]
 [0 2 2 0 2 2]
 [0 2 2 0 3 1]
 [0 2 2 0 2 3]
 [5 5 1 3 1 1]
 [5 5 1 3 1 2]
 [6 6 7 1 1 1]
 [6 6 7 1 2 1]
 [6 6 7 1 1 2]
 [6 6 7 1 2 2]
 [6 6 7 1 1 3]
 [0 2 1 0 1 1]
 [0 2 1 0 1 3]
 [7 2 7 3 1 2]
 [7 2 8 3 1 3]
 [7 2 7 3 1 3]
 [0 4 1 0 2 3]
 [0 4 1 0 3 1]
 [0 4 1 0 3 2]
 [0 4 1 0 3 3]
 [0 4 2 0 2 3]
 [0 1 9 0 1 1]
 [4 9 9 3 1 1]
 [9 9 8 3 1 1]
 [9 8 9 3 1 1]
 [9 9 9 3 2 1]
 [0 1 8 0 1 2]
 [0 1 8 0 2 2]
 [7 7 4 1 1 3]
 [2 8 4 3 1 3]
 [2 8 4 3 2 3]
 [0 2 8 0 2 1]
 [0 5 8 0 3 1]
 [0 8 5 0 3 2]
 [9 9 2 3 1 2]
 [9 9 2 3 3 2]] [[ 21.77640058]
 [ 32.42999101]
 [ 70.01193148]
 [ 47.55676866]
 [ 99.62364481]
 [ 18.17373089]
 [ 20.45614113]
 [ 35.41160861]
 [ 34.44934449]
 [ 36.56735443]
 [ 30.13216229]
 [ 24.79180078]
 [ 47.4243835 ]
 [ 46.70821291]
 [ 56.98167728]
 [ 11.88264274]
 [ 41.87188682]
 [ 64.22290523]
 [ 63.16220445]
 [ 71.63268787]
 [ 78.60755755]
 [ 85.67741697]
 [ 89.60353956]
 [ 94.4360103 ]
 [ 98.01461294]
 [  3.57890576]
 [  7.28036412]
 [126.78227076]
 [ 22.20709952]
 [  1.49798303]
 [ 16.13478382]
 [ 57.51625051]
 [ 87.64148738]
 [ 99.66085279]
 [116.93748665]
 [ 39.23090915]
 [ 42.23279962]
 [ 43.8440112 ]
 [ 54.04932253]
 [ 63.47822487]
 [ 31.76064222]
 [ 51.9401677 ]
 [ 49.7216301 ]
 [ 76.22207811]
 [ 53.7169013 ]
 [ 33.59045282]
 [ 29.49265786]
 [ 36.63591772]
 [ 37.44682695]
 [ 40.78476548]
 [ 45.75026156]
 [ 56.79150824]
 [ 84.32884467]
 [109.68348677]
 [114.16145452]
 [ 27.5178023 ]
 [ 40.3755538 ]
 [ 57.085209  ]
 [ 50.43785814]
 [ 56.05036476]
 [ 16.14845909]
 [ 15.41691063]
 [ 17.9853283 ]
 [ 25.62614963]
 [ 28.48360569]
 [ 31.668292  ]
 [ 38.2133436 ]
 [ 48.52850119]
 [ 65.8897798 ]
 [ 81.21240344]
 [  6.39281047]
 [  8.345973  ]
 [ 53.34143506]
 [ 95.10350995]
 [ 88.13997557]
 [ 19.42827761]
 [ 32.42404113]
 [ 25.17561716]
 [ 25.64736928]
 [ 23.99246539]
 [ 20.46745449]
 [ 50.19927738]
 [ 54.64883053]
 [ 55.72311729]
 [ 73.27753215]
 [ 44.22558913]
 [ 52.29709103]
 [ 43.30232651]
 [ 46.375314  ]
 [ 60.66378274]
 [ 32.45306028]
 [ 46.77478515]
 [ 63.58984166]
 [ 46.44965453]
 [ 77.40337479]]
Query step: 19
19:        x_0  x_1  x_2  y_0  y_1  y_2
2160     1    6    9    1    3    1
2161     1    6    9    1    3    2
12509    6    6    8    2    3    1
12510    6    6    8    2    3    2
12511    6    6    8    2    3    3             f_res
2160    59.741087
2161    90.498986
12509   58.538474
12510   99.752002
12511  104.880746
19: X_train und x_test:  [[4 3 5 2 1 1]
 [9 5 2 1 3 1]
 [3 8 9 1 3 1]
 [9 4 5 3 1 2]
 [3 5 8 3 3 3]
 [2 9 0 1 1 0]
 [2 9 0 2 1 0]
 [7 9 0 3 1 0]
 [6 9 0 3 1 0]
 [8 9 0 3 1 0]
 [8 9 1 1 1 3]
 [1 9 1 3 1 3]
 [0 9 1 0 3 3]
 [9 9 1 3 1 3]
 [9 9 1 1 3 3]
 [1 1 1 3 3 3]
 [8 1 9 1 3 1]
 [0 1 8 0 3 3]
 [8 1 9 1 3 2]
 [8 1 9 1 3 3]
 [0 7 9 0 1 3]
 [1 9 9 3 1 3]
 [2 9 9 2 1 3]
 [3 9 9 2 1 3]
 [4 9 9 2 1 3]
 [0 1 0 0 2 0]
 [1 1 0 2 3 0]
 [7 1 0 1 1 0]
 [7 1 0 3 1 0]
 [0 1 0 0 1 0]
 [0 3 2 0 2 1]
 [9 9 9 1 2 1]
 [9 9 9 1 2 2]
 [9 9 9 1 2 3]
 [9 9 8 3 2 3]
 [4 1 9 3 1 1]
 [6 1 9 3 1 1]
 [7 1 9 3 1 1]
 [9 1 9 3 2 1]
 [3 9 4 3 3 1]
 [7 5 6 1 2 1]
 [3 7 9 1 2 1]
 [7 5 6 1 2 2]
 [7 5 6 1 2 3]
 [7 5 6 2 2 2]
 [3 3 3 2 3 2]
 [3 3 3 3 3 1]
 [3 3 3 3 3 2]
 [3 3 3 2 3 3]
 [3 3 3 3 3 3]
 [1 7 4 3 3 1]
 [1 7 4 3 3 2]
 [3 7 5 3 3 3]
 [5 7 7 3 3 3]
 [5 7 8 3 3 3]
 [0 8 4 0 1 2]
 [0 8 4 0 2 2]
 [0 7 9 0 1 2]
 [0 8 3 0 3 2]
 [0 8 4 0 3 2]
 [0 2 2 0 2 2]
 [0 2 2 0 3 1]
 [0 2 2 0 2 3]
 [5 5 1 3 1 1]
 [5 5 1 3 1 2]
 [6 6 7 1 1 1]
 [6 6 7 1 2 1]
 [6 6 7 1 1 2]
 [6 6 7 1 2 2]
 [6 6 7 1 1 3]
 [0 2 1 0 1 1]
 [0 2 1 0 1 3]
 [7 2 7 3 1 2]
 [7 2 8 3 1 3]
 [7 2 7 3 1 3]
 [0 4 1 0 2 3]
 [0 4 1 0 3 1]
 [0 4 1 0 3 2]
 [0 4 1 0 3 3]
 [0 4 2 0 2 3]
 [0 1 9 0 1 1]
 [4 9 9 3 1 1]
 [9 9 8 3 1 1]
 [9 8 9 3 1 1]
 [9 9 9 3 2 1]
 [0 1 8 0 1 2]
 [0 1 8 0 2 2]
 [7 7 4 1 1 3]
 [2 8 4 3 1 3]
 [2 8 4 3 2 3]
 [0 2 8 0 2 1]
 [0 5 8 0 3 1]
 [0 8 5 0 3 2]
 [9 9 2 3 1 2]
 [9 9 2 3 3 2]
 [1 6 9 1 3 1]
 [1 6 9 1 3 2]
 [6 6 8 2 3 1]
 [6 6 8 2 3 2]
 [6 6 8 2 3 3]] [[ 21.77640058]
 [ 32.42999101]
 [ 70.01193148]
 [ 47.55676866]
 [ 99.62364481]
 [ 18.17373089]
 [ 20.45614113]
 [ 35.41160861]
 [ 34.44934449]
 [ 36.56735443]
 [ 30.13216229]
 [ 24.79180078]
 [ 47.4243835 ]
 [ 46.70821291]
 [ 56.98167728]
 [ 11.88264274]
 [ 41.87188682]
 [ 64.22290523]
 [ 63.16220445]
 [ 71.63268787]
 [ 78.60755755]
 [ 85.67741697]
 [ 89.60353956]
 [ 94.4360103 ]
 [ 98.01461294]
 [  3.57890576]
 [  7.28036412]
 [126.78227076]
 [ 22.20709952]
 [  1.49798303]
 [ 16.13478382]
 [ 57.51625051]
 [ 87.64148738]
 [ 99.66085279]
 [116.93748665]
 [ 39.23090915]
 [ 42.23279962]
 [ 43.8440112 ]
 [ 54.04932253]
 [ 63.47822487]
 [ 31.76064222]
 [ 51.9401677 ]
 [ 49.7216301 ]
 [ 76.22207811]
 [ 53.7169013 ]
 [ 33.59045282]
 [ 29.49265786]
 [ 36.63591772]
 [ 37.44682695]
 [ 40.78476548]
 [ 45.75026156]
 [ 56.79150824]
 [ 84.32884467]
 [109.68348677]
 [114.16145452]
 [ 27.5178023 ]
 [ 40.3755538 ]
 [ 57.085209  ]
 [ 50.43785814]
 [ 56.05036476]
 [ 16.14845909]
 [ 15.41691063]
 [ 17.9853283 ]
 [ 25.62614963]
 [ 28.48360569]
 [ 31.668292  ]
 [ 38.2133436 ]
 [ 48.52850119]
 [ 65.8897798 ]
 [ 81.21240344]
 [  6.39281047]
 [  8.345973  ]
 [ 53.34143506]
 [ 95.10350995]
 [ 88.13997557]
 [ 19.42827761]
 [ 32.42404113]
 [ 25.17561716]
 [ 25.64736928]
 [ 23.99246539]
 [ 20.46745449]
 [ 50.19927738]
 [ 54.64883053]
 [ 55.72311729]
 [ 73.27753215]
 [ 44.22558913]
 [ 52.29709103]
 [ 43.30232651]
 [ 46.375314  ]
 [ 60.66378274]
 [ 32.45306028]
 [ 46.77478515]
 [ 63.58984166]
 [ 46.44965453]
 [ 77.40337479]
 [ 59.74108651]
 [ 90.49898593]
 [ 58.53847355]
 [ 99.75200153]
 [104.88074566]]
Query step: 20
20:        x_0  x_1  x_2  y_0  y_1  y_2
17807    9    2    2    3    1    3
17562    9    1    2    3    3    3
18534    9    5    2    3    1    3
17813    9    2    2    3    3    3
18302    9    4    2    3    3    3            f_res
17807  42.041456
17562  44.868527
18534  44.159591
17813  46.722664
18302  51.877955
20: X_train und x_test:  [[4 3 5 2 1 1]
 [9 5 2 1 3 1]
 [3 8 9 1 3 1]
 [9 4 5 3 1 2]
 [3 5 8 3 3 3]
 [2 9 0 1 1 0]
 [2 9 0 2 1 0]
 [7 9 0 3 1 0]
 [6 9 0 3 1 0]
 [8 9 0 3 1 0]
 [8 9 1 1 1 3]
 [1 9 1 3 1 3]
 [0 9 1 0 3 3]
 [9 9 1 3 1 3]
 [9 9 1 1 3 3]
 [1 1 1 3 3 3]
 [8 1 9 1 3 1]
 [0 1 8 0 3 3]
 [8 1 9 1 3 2]
 [8 1 9 1 3 3]
 [0 7 9 0 1 3]
 [1 9 9 3 1 3]
 [2 9 9 2 1 3]
 [3 9 9 2 1 3]
 [4 9 9 2 1 3]
 [0 1 0 0 2 0]
 [1 1 0 2 3 0]
 [7 1 0 1 1 0]
 [7 1 0 3 1 0]
 [0 1 0 0 1 0]
 [0 3 2 0 2 1]
 [9 9 9 1 2 1]
 [9 9 9 1 2 2]
 [9 9 9 1 2 3]
 [9 9 8 3 2 3]
 [4 1 9 3 1 1]
 [6 1 9 3 1 1]
 [7 1 9 3 1 1]
 [9 1 9 3 2 1]
 [3 9 4 3 3 1]
 [7 5 6 1 2 1]
 [3 7 9 1 2 1]
 [7 5 6 1 2 2]
 [7 5 6 1 2 3]
 [7 5 6 2 2 2]
 [3 3 3 2 3 2]
 [3 3 3 3 3 1]
 [3 3 3 3 3 2]
 [3 3 3 2 3 3]
 [3 3 3 3 3 3]
 [1 7 4 3 3 1]
 [1 7 4 3 3 2]
 [3 7 5 3 3 3]
 [5 7 7 3 3 3]
 [5 7 8 3 3 3]
 [0 8 4 0 1 2]
 [0 8 4 0 2 2]
 [0 7 9 0 1 2]
 [0 8 3 0 3 2]
 [0 8 4 0 3 2]
 [0 2 2 0 2 2]
 [0 2 2 0 3 1]
 [0 2 2 0 2 3]
 [5 5 1 3 1 1]
 [5 5 1 3 1 2]
 [6 6 7 1 1 1]
 [6 6 7 1 2 1]
 [6 6 7 1 1 2]
 [6 6 7 1 2 2]
 [6 6 7 1 1 3]
 [0 2 1 0 1 1]
 [0 2 1 0 1 3]
 [7 2 7 3 1 2]
 [7 2 8 3 1 3]
 [7 2 7 3 1 3]
 [0 4 1 0 2 3]
 [0 4 1 0 3 1]
 [0 4 1 0 3 2]
 [0 4 1 0 3 3]
 [0 4 2 0 2 3]
 [0 1 9 0 1 1]
 [4 9 9 3 1 1]
 [9 9 8 3 1 1]
 [9 8 9 3 1 1]
 [9 9 9 3 2 1]
 [0 1 8 0 1 2]
 [0 1 8 0 2 2]
 [7 7 4 1 1 3]
 [2 8 4 3 1 3]
 [2 8 4 3 2 3]
 [0 2 8 0 2 1]
 [0 5 8 0 3 1]
 [0 8 5 0 3 2]
 [9 9 2 3 1 2]
 [9 9 2 3 3 2]
 [1 6 9 1 3 1]
 [1 6 9 1 3 2]
 [6 6 8 2 3 1]
 [6 6 8 2 3 2]
 [6 6 8 2 3 3]
 [9 2 2 3 1 3]
 [9 1 2 3 3 3]
 [9 5 2 3 1 3]
 [9 2 2 3 3 3]
 [9 4 2 3 3 3]] [[ 21.77640058]
 [ 32.42999101]
 [ 70.01193148]
 [ 47.55676866]
 [ 99.62364481]
 [ 18.17373089]
 [ 20.45614113]
 [ 35.41160861]
 [ 34.44934449]
 [ 36.56735443]
 [ 30.13216229]
 [ 24.79180078]
 [ 47.4243835 ]
 [ 46.70821291]
 [ 56.98167728]
 [ 11.88264274]
 [ 41.87188682]
 [ 64.22290523]
 [ 63.16220445]
 [ 71.63268787]
 [ 78.60755755]
 [ 85.67741697]
 [ 89.60353956]
 [ 94.4360103 ]
 [ 98.01461294]
 [  3.57890576]
 [  7.28036412]
 [126.78227076]
 [ 22.20709952]
 [  1.49798303]
 [ 16.13478382]
 [ 57.51625051]
 [ 87.64148738]
 [ 99.66085279]
 [116.93748665]
 [ 39.23090915]
 [ 42.23279962]
 [ 43.8440112 ]
 [ 54.04932253]
 [ 63.47822487]
 [ 31.76064222]
 [ 51.9401677 ]
 [ 49.7216301 ]
 [ 76.22207811]
 [ 53.7169013 ]
 [ 33.59045282]
 [ 29.49265786]
 [ 36.63591772]
 [ 37.44682695]
 [ 40.78476548]
 [ 45.75026156]
 [ 56.79150824]
 [ 84.32884467]
 [109.68348677]
 [114.16145452]
 [ 27.5178023 ]
 [ 40.3755538 ]
 [ 57.085209  ]
 [ 50.43785814]
 [ 56.05036476]
 [ 16.14845909]
 [ 15.41691063]
 [ 17.9853283 ]
 [ 25.62614963]
 [ 28.48360569]
 [ 31.668292  ]
 [ 38.2133436 ]
 [ 48.52850119]
 [ 65.8897798 ]
 [ 81.21240344]
 [  6.39281047]
 [  8.345973  ]
 [ 53.34143506]
 [ 95.10350995]
 [ 88.13997557]
 [ 19.42827761]
 [ 32.42404113]
 [ 25.17561716]
 [ 25.64736928]
 [ 23.99246539]
 [ 20.46745449]
 [ 50.19927738]
 [ 54.64883053]
 [ 55.72311729]
 [ 73.27753215]
 [ 44.22558913]
 [ 52.29709103]
 [ 43.30232651]
 [ 46.375314  ]
 [ 60.66378274]
 [ 32.45306028]
 [ 46.77478515]
 [ 63.58984166]
 [ 46.44965453]
 [ 77.40337479]
 [ 59.74108651]
 [ 90.49898593]
 [ 58.53847355]
 [ 99.75200153]
 [104.88074566]
 [ 42.04145555]
 [ 44.86852701]
 [ 44.15959054]
 [ 46.72266376]
 [ 51.87795461]]
