(sim) PS C:\Users\Administrator\sim\ALinSim\src> uv run .\GP_Active_learning_trc.py --random_state 43
Total valid pool combinations (paper-consistent): 21168 (should be 21168)
Valid pool count (paper-consistent): 21168, should be 21168
delta = 0.2003  (=0.5 * median NN distance in normalized space)
Pool after removing test points: 21068
Pool kept after distance filtering: 19700 / 21068
Query step: 0
step == 0 [862, 11369, 7904, 12848, 9952]
0:        x_0  x_1  x_2  y_0  y_1  y_2
9952     5    4    4    1    1    2
862      1    1    5    2    3    3
7904     4    4    6    1    2    2
11369    6    1    4    3    1    3
12848    6    7    8    2    3    2             f_res
9952    27.609767
862     43.951747
7904   778.929581
11369   44.881104
12848  103.440248
0: X_train und x_test:  [[5 4 4 1 1 2]
 [1 1 5 2 3 3]
 [4 4 6 1 2 2]
 [6 1 4 3 1 3]
 [6 7 8 2 3 2]] [[ 27.6097675 ]
 [ 43.95174737]
 [778.92958132]
 [ 44.88110424]
 [103.44024814]]
Query step: 1
1:        x_0  x_1  x_2  y_0  y_1  y_2
17549    9    1    0    2    2    0
17786    9    2    0    2    2    0
18733    9    6    0    2    2    0
18967    9    7    0    2    2    0
19207    9    8    0    2    2    0            f_res
17549  21.075386
17786  23.115741
18733  32.167014
18967  35.938806
19207  39.631491
1: X_train und x_test:  [[5 4 4 1 1 2]
 [1 1 5 2 3 3]
 [4 4 6 1 2 2]
 [6 1 4 3 1 3]
 [6 7 8 2 3 2]
 [9 1 0 2 2 0]
 [9 2 0 2 2 0]
 [9 6 0 2 2 0]
 [9 7 0 2 2 0]
 [9 8 0 2 2 0]] [[ 27.6097675 ]
 [ 43.95174737]
 [778.92958132]
 [ 44.88110424]
 [103.44024814]
 [ 21.07538634]
 [ 23.1157412 ]
 [ 32.1670143 ]
 [ 35.93880556]
 [ 39.63149057]]
Query step: 2
2:        x_0  x_1  x_2  y_0  y_1  y_2
11041    5    9    1    1    3    1
19465    9    9    1    1    3    1
11058    5    9    1    3    3    1
13142    6    9    1    3    3    1
19482    9    9    1    3    3    1            f_res
11041  51.701811
19465  51.889841
11058  63.950905
13142  65.803317
19482  68.679315
2: X_train und x_test:  [[5 4 4 1 1 2]
 [1 1 5 2 3 3]
 [4 4 6 1 2 2]
 [6 1 4 3 1 3]
 [6 7 8 2 3 2]
 [9 1 0 2 2 0]
 [9 2 0 2 2 0]
 [9 6 0 2 2 0]
 [9 7 0 2 2 0]
 [9 8 0 2 2 0]
 [5 9 1 1 3 1]
 [9 9 1 1 3 1]
 [5 9 1 3 3 1]
 [6 9 1 3 3 1]
 [9 9 1 3 3 1]] [[ 27.6097675 ]
 [ 43.95174737]
 [778.92958132]
 [ 44.88110424]
 [103.44024814]
 [ 21.07538634]
 [ 23.1157412 ]
 [ 32.1670143 ]
 [ 35.93880556]
 [ 39.63149057]
 [ 51.70181113]
 [ 51.88984102]
 [ 63.95090452]
 [ 65.80331723]
 [ 68.6793147 ]]
Query step: 3
3:       x_0  x_1  x_2  y_0  y_1  y_2
82      0    2    0    0    1    0
2159    1    7    0    3    1    0
0       0    1    0    0    1    0
572     0    8    0    0    1    0
651     0    9    0    0    1    0           f_res
82     3.584220
2159  14.008350
0      1.497983
572   10.718236
651   11.884589
3: X_train und x_test:  [[5 4 4 1 1 2]
 [1 1 5 2 3 3]
 [4 4 6 1 2 2]
 [6 1 4 3 1 3]
 [6 7 8 2 3 2]
 [9 1 0 2 2 0]
 [9 2 0 2 2 0]
 [9 6 0 2 2 0]
 [9 7 0 2 2 0]
 [9 8 0 2 2 0]
 [5 9 1 1 3 1]
 [9 9 1 1 3 1]
 [5 9 1 3 3 1]
 [6 9 1 3 3 1]
 [9 9 1 3 3 1]
 [0 2 0 0 1 0]
 [1 7 0 3 1 0]
 [0 1 0 0 1 0]
 [0 8 0 0 1 0]
 [0 9 0 0 1 0]] [[ 27.6097675 ]
 [ 43.95174737]
 [778.92958132]
 [ 44.88110424]
 [103.44024814]
 [ 21.07538634]
 [ 23.1157412 ]
 [ 32.1670143 ]
 [ 35.93880556]
 [ 39.63149057]
 [ 51.70181113]
 [ 51.88984102]
 [ 63.95090452]
 [ 65.80331723]
 [ 68.6793147 ]
 [  3.58421987]
 [ 14.00835009]
 [  1.49798303]
 [ 10.71823617]
 [ 11.88458867]]
Query step: 4
4:     x_0  x_1  x_2  y_0  y_1  y_2
25    0    1    3    0    2    2
23    0    1    3    0    1    3
21    0    1    3    0    1    1
26    0    1    3    0    2    3
20    0    1    2    0    3    3         f_res
25  17.595143
23  23.668441
21   9.849780
26  24.455558
20  13.874713
4: X_train und x_test:  [[5 4 4 1 1 2]
 [1 1 5 2 3 3]
 [4 4 6 1 2 2]
 [6 1 4 3 1 3]
 [6 7 8 2 3 2]
 [9 1 0 2 2 0]
 [9 2 0 2 2 0]
 [9 6 0 2 2 0]
 [9 7 0 2 2 0]
 [9 8 0 2 2 0]
 [5 9 1 1 3 1]
 [9 9 1 1 3 1]
 [5 9 1 3 3 1]
 [6 9 1 3 3 1]
 [9 9 1 3 3 1]
 [0 2 0 0 1 0]
 [1 7 0 3 1 0]
 [0 1 0 0 1 0]
 [0 8 0 0 1 0]
 [0 9 0 0 1 0]
 [0 1 3 0 2 2]
 [0 1 3 0 1 3]
 [0 1 3 0 1 1]
 [0 1 3 0 2 3]
 [0 1 2 0 3 3]] [[ 27.6097675 ]
 [ 43.95174737]
 [778.92958132]
 [ 44.88110424]
 [103.44024814]
 [ 21.07538634]
 [ 23.1157412 ]
 [ 32.1670143 ]
 [ 35.93880556]
 [ 39.63149057]
 [ 51.70181113]
 [ 51.88984102]
 [ 63.95090452]
 [ 65.80331723]
 [ 68.6793147 ]
 [  3.58421987]
 [ 14.00835009]
 [  1.49798303]
 [ 10.71823617]
 [ 11.88458867]
 [ 17.5951426 ]
 [ 23.66844093]
 [  9.84978041]
 [ 24.45555786]
 [ 13.87471331]]
Query step: 5
5:        x_0  x_1  x_2  y_0  y_1  y_2
19676    9    9    9    1    2    1
19682    9    9    9    2    1    1
19679    9    9    9    1    3    1
19678    9    9    9    1    2    3
19681    9    9    9    1    3    3             f_res
19676   57.516251
19682   49.304418
19679   75.660651
19678   99.660853
19681  106.286810
5: X_train und x_test:  [[5 4 4 1 1 2]
 [1 1 5 2 3 3]
 [4 4 6 1 2 2]
 [6 1 4 3 1 3]
 [6 7 8 2 3 2]
 [9 1 0 2 2 0]
 [9 2 0 2 2 0]
 [9 6 0 2 2 0]
 [9 7 0 2 2 0]
 [9 8 0 2 2 0]
 [5 9 1 1 3 1]
 [9 9 1 1 3 1]
 [5 9 1 3 3 1]
 [6 9 1 3 3 1]
 [9 9 1 3 3 1]
 [0 2 0 0 1 0]
 [1 7 0 3 1 0]
 [0 1 0 0 1 0]
 [0 8 0 0 1 0]
 [0 9 0 0 1 0]
 [0 1 3 0 2 2]
 [0 1 3 0 1 3]
 [0 1 3 0 1 1]
 [0 1 3 0 2 3]
 [0 1 2 0 3 3]
 [9 9 9 1 2 1]
 [9 9 9 2 1 1]
 [9 9 9 1 3 1]
 [9 9 9 1 2 3]
 [9 9 9 1 3 3]] [[ 27.6097675 ]
 [ 43.95174737]
 [778.92958132]
 [ 44.88110424]
 [103.44024814]
 [ 21.07538634]
 [ 23.1157412 ]
 [ 32.1670143 ]
 [ 35.93880556]
 [ 39.63149057]
 [ 51.70181113]
 [ 51.88984102]
 [ 63.95090452]
 [ 65.80331723]
 [ 68.6793147 ]
 [  3.58421987]
 [ 14.00835009]
 [  1.49798303]
 [ 10.71823617]
 [ 11.88458867]
 [ 17.5951426 ]
 [ 23.66844093]
 [  9.84978041]
 [ 24.45555786]
 [ 13.87471331]
 [ 57.51625051]
 [ 49.30441803]
 [ 75.66065055]
 [ 99.66085279]
 [106.28680988]]
Query step: 6
6:        x_0  x_1  x_2  y_0  y_1  y_2
28       0    1    3    0    3    2
17       0    1    2    0    2    3
29       0    1    3    0    3    3
19692    9    9    9    3    1    2
19693    9    9    9    3    1    3             f_res
28      19.320901
17      14.678220
29      22.796313
19692   83.190034
19693  112.077068
6: X_train und x_test:  [[5 4 4 1 1 2]
 [1 1 5 2 3 3]
 [4 4 6 1 2 2]
 [6 1 4 3 1 3]
 [6 7 8 2 3 2]
 [9 1 0 2 2 0]
 [9 2 0 2 2 0]
 [9 6 0 2 2 0]
 [9 7 0 2 2 0]
 [9 8 0 2 2 0]
 [5 9 1 1 3 1]
 [9 9 1 1 3 1]
 [5 9 1 3 3 1]
 [6 9 1 3 3 1]
 [9 9 1 3 3 1]
 [0 2 0 0 1 0]
 [1 7 0 3 1 0]
 [0 1 0 0 1 0]
 [0 8 0 0 1 0]
 [0 9 0 0 1 0]
 [0 1 3 0 2 2]
 [0 1 3 0 1 3]
 [0 1 3 0 1 1]
 [0 1 3 0 2 3]
 [0 1 2 0 3 3]
 [9 9 9 1 2 1]
 [9 9 9 2 1 1]
 [9 9 9 1 3 1]
 [9 9 9 1 2 3]
 [9 9 9 1 3 3]
 [0 1 3 0 3 2]
 [0 1 2 0 2 3]
 [0 1 3 0 3 3]
 [9 9 9 3 1 2]
 [9 9 9 3 1 3]] [[ 27.6097675 ]
 [ 43.95174737]
 [778.92958132]
 [ 44.88110424]
 [103.44024814]
 [ 21.07538634]
 [ 23.1157412 ]
 [ 32.1670143 ]
 [ 35.93880556]
 [ 39.63149057]
 [ 51.70181113]
 [ 51.88984102]
 [ 63.95090452]
 [ 65.80331723]
 [ 68.6793147 ]
 [  3.58421987]
 [ 14.00835009]
 [  1.49798303]
 [ 10.71823617]
 [ 11.88458867]
 [ 17.5951426 ]
 [ 23.66844093]
 [  9.84978041]
 [ 24.45555786]
 [ 13.87471331]
 [ 57.51625051]
 [ 49.30441803]
 [ 75.66065055]
 [ 99.66085279]
 [106.28680988]
 [ 19.32090066]
 [ 14.67822036]
 [ 22.7963126 ]
 [ 83.19003366]
 [112.07706813]]
Query step: 7
7:        x_0  x_1  x_2  y_0  y_1  y_2
79       0    1    9    0    3    1
77       0    1    9    0    2    2
76       0    1    9    0    1    3
78       0    1    9    0    2    3
19664    9    9    8    3    1    1            f_res
79     35.399627
77     54.242645
76     67.537799
78     68.177248
19664  54.648831
7: X_train und x_test:  [[5 4 4 1 1 2]
 [1 1 5 2 3 3]
 [4 4 6 1 2 2]
 [6 1 4 3 1 3]
 [6 7 8 2 3 2]
 [9 1 0 2 2 0]
 [9 2 0 2 2 0]
 [9 6 0 2 2 0]
 [9 7 0 2 2 0]
 [9 8 0 2 2 0]
 [5 9 1 1 3 1]
 [9 9 1 1 3 1]
 [5 9 1 3 3 1]
 [6 9 1 3 3 1]
 [9 9 1 3 3 1]
 [0 2 0 0 1 0]
 [1 7 0 3 1 0]
 [0 1 0 0 1 0]
 [0 8 0 0 1 0]
 [0 9 0 0 1 0]
 [0 1 3 0 2 2]
 [0 1 3 0 1 3]
 [0 1 3 0 1 1]
 [0 1 3 0 2 3]
 [0 1 2 0 3 3]
 [9 9 9 1 2 1]
 [9 9 9 2 1 1]
 [9 9 9 1 3 1]
 [9 9 9 1 2 3]
 [9 9 9 1 3 3]
 [0 1 3 0 3 2]
 [0 1 2 0 2 3]
 [0 1 3 0 3 3]
 [9 9 9 3 1 2]
 [9 9 9 3 1 3]
 [0 1 9 0 3 1]
 [0 1 9 0 2 2]
 [0 1 9 0 1 3]
 [0 1 9 0 2 3]
 [9 9 8 3 1 1]] [[ 27.6097675 ]
 [ 43.95174737]
 [778.92958132]
 [ 44.88110424]
 [103.44024814]
 [ 21.07538634]
 [ 23.1157412 ]
 [ 32.1670143 ]
 [ 35.93880556]
 [ 39.63149057]
 [ 51.70181113]
 [ 51.88984102]
 [ 63.95090452]
 [ 65.80331723]
 [ 68.6793147 ]
 [  3.58421987]
 [ 14.00835009]
 [  1.49798303]
 [ 10.71823617]
 [ 11.88458867]
 [ 17.5951426 ]
 [ 23.66844093]
 [  9.84978041]
 [ 24.45555786]
 [ 13.87471331]
 [ 57.51625051]
 [ 49.30441803]
 [ 75.66065055]
 [ 99.66085279]
 [106.28680988]
 [ 19.32090066]
 [ 14.67822036]
 [ 22.7963126 ]
 [ 83.19003366]
 [112.07706813]
 [ 35.39962717]
 [ 54.24264534]
 [ 67.53779948]
 [ 68.17724845]
 [ 54.64883053]]
Query step: 8
8:      x_0  x_1  x_2  y_0  y_1  y_2
177    0    3    2    0    1    2
179    0    3    2    0    2    1
178    0    3    2    0    1    3
175    0    3    1    0    3    3
174    0    3    1    0    3    2          f_res
177  14.958521
179  16.134784
178  17.802839
175  20.489386
174  20.354754
8: X_train und x_test:  [[5 4 4 1 1 2]
 [1 1 5 2 3 3]
 [4 4 6 1 2 2]
 [6 1 4 3 1 3]
 [6 7 8 2 3 2]
 [9 1 0 2 2 0]
 [9 2 0 2 2 0]
 [9 6 0 2 2 0]
 [9 7 0 2 2 0]
 [9 8 0 2 2 0]
 [5 9 1 1 3 1]
 [9 9 1 1 3 1]
 [5 9 1 3 3 1]
 [6 9 1 3 3 1]
 [9 9 1 3 3 1]
 [0 2 0 0 1 0]
 [1 7 0 3 1 0]
 [0 1 0 0 1 0]
 [0 8 0 0 1 0]
 [0 9 0 0 1 0]
 [0 1 3 0 2 2]
 [0 1 3 0 1 3]
 [0 1 3 0 1 1]
 [0 1 3 0 2 3]
 [0 1 2 0 3 3]
 [9 9 9 1 2 1]
 [9 9 9 2 1 1]
 [9 9 9 1 3 1]
 [9 9 9 1 2 3]
 [9 9 9 1 3 3]
 [0 1 3 0 3 2]
 [0 1 2 0 2 3]
 [0 1 3 0 3 3]
 [9 9 9 3 1 2]
 [9 9 9 3 1 3]
 [0 1 9 0 3 1]
 [0 1 9 0 2 2]
 [0 1 9 0 1 3]
 [0 1 9 0 2 3]
 [9 9 8 3 1 1]
 [0 3 2 0 1 2]
 [0 3 2 0 2 1]
 [0 3 2 0 1 3]
 [0 3 1 0 3 3]
 [0 3 1 0 3 2]] [[ 27.6097675 ]
 [ 43.95174737]
 [778.92958132]
 [ 44.88110424]
 [103.44024814]
 [ 21.07538634]
 [ 23.1157412 ]
 [ 32.1670143 ]
 [ 35.93880556]
 [ 39.63149057]
 [ 51.70181113]
 [ 51.88984102]
 [ 63.95090452]
 [ 65.80331723]
 [ 68.6793147 ]
 [  3.58421987]
 [ 14.00835009]
 [  1.49798303]
 [ 10.71823617]
 [ 11.88458867]
 [ 17.5951426 ]
 [ 23.66844093]
 [  9.84978041]
 [ 24.45555786]
 [ 13.87471331]
 [ 57.51625051]
 [ 49.30441803]
 [ 75.66065055]
 [ 99.66085279]
 [106.28680988]
 [ 19.32090066]
 [ 14.67822036]
 [ 22.7963126 ]
 [ 83.19003366]
 [112.07706813]
 [ 35.39962717]
 [ 54.24264534]
 [ 67.53779948]
 [ 68.17724845]
 [ 54.64883053]
 [ 14.95852081]
 [ 16.13478382]
 [ 17.80283908]
 [ 20.48938628]
 [ 20.35475386]]
Query step: 9
9:      x_0  x_1  x_2  y_0  y_1  y_2
260    0    4    2    0    1    1
261    0    4    2    0    1    2
262    0    4    2    0    1    3
259    0    4    1    0    3    3
258    0    4    1    0    3    2          f_res
260  11.388631
261  15.970635
262  18.925214
259  25.647369
258  25.175617
9: X_train und x_test:  [[5 4 4 1 1 2]
 [1 1 5 2 3 3]
 [4 4 6 1 2 2]
 [6 1 4 3 1 3]
 [6 7 8 2 3 2]
 [9 1 0 2 2 0]
 [9 2 0 2 2 0]
 [9 6 0 2 2 0]
 [9 7 0 2 2 0]
 [9 8 0 2 2 0]
 [5 9 1 1 3 1]
 [9 9 1 1 3 1]
 [5 9 1 3 3 1]
 [6 9 1 3 3 1]
 [9 9 1 3 3 1]
 [0 2 0 0 1 0]
 [1 7 0 3 1 0]
 [0 1 0 0 1 0]
 [0 8 0 0 1 0]
 [0 9 0 0 1 0]
 [0 1 3 0 2 2]
 [0 1 3 0 1 3]
 [0 1 3 0 1 1]
 [0 1 3 0 2 3]
 [0 1 2 0 3 3]
 [9 9 9 1 2 1]
 [9 9 9 2 1 1]
 [9 9 9 1 3 1]
 [9 9 9 1 2 3]
 [9 9 9 1 3 3]
 [0 1 3 0 3 2]
 [0 1 2 0 2 3]
 [0 1 3 0 3 3]
 [9 9 9 3 1 2]
 [9 9 9 3 1 3]
 [0 1 9 0 3 1]
 [0 1 9 0 2 2]
 [0 1 9 0 1 3]
 [0 1 9 0 2 3]
 [9 9 8 3 1 1]
 [0 3 2 0 1 2]
 [0 3 2 0 2 1]
 [0 3 2 0 1 3]
 [0 3 1 0 3 3]
 [0 3 1 0 3 2]
 [0 4 2 0 1 1]
 [0 4 2 0 1 2]
 [0 4 2 0 1 3]
 [0 4 1 0 3 3]
 [0 4 1 0 3 2]] [[ 27.6097675 ]
 [ 43.95174737]
 [778.92958132]
 [ 44.88110424]
 [103.44024814]
 [ 21.07538634]
 [ 23.1157412 ]
 [ 32.1670143 ]
 [ 35.93880556]
 [ 39.63149057]
 [ 51.70181113]
 [ 51.88984102]
 [ 63.95090452]
 [ 65.80331723]
 [ 68.6793147 ]
 [  3.58421987]
 [ 14.00835009]
 [  1.49798303]
 [ 10.71823617]
 [ 11.88458867]
 [ 17.5951426 ]
 [ 23.66844093]
 [  9.84978041]
 [ 24.45555786]
 [ 13.87471331]
 [ 57.51625051]
 [ 49.30441803]
 [ 75.66065055]
 [ 99.66085279]
 [106.28680988]
 [ 19.32090066]
 [ 14.67822036]
 [ 22.7963126 ]
 [ 83.19003366]
 [112.07706813]
 [ 35.39962717]
 [ 54.24264534]
 [ 67.53779948]
 [ 68.17724845]
 [ 54.64883053]
 [ 14.95852081]
 [ 16.13478382]
 [ 17.80283908]
 [ 20.48938628]
 [ 20.35475386]
 [ 11.38863129]
 [ 15.97063545]
 [ 18.92521412]
 [ 25.64736928]
 [ 25.17561716]]
Query step: 10
10:      x_0  x_1  x_2  y_0  y_1  y_2
343    0    5    2    0    1    3
340    0    5    1    0    3    3
337    0    5    1    0    2    3
339    0    5    1    0    3    2
338    0    5    1    0    3    1          f_res
343  19.888830
340  30.384186
337  22.594081
339  29.519923
338  27.066560
10: X_train und x_test:  [[5 4 4 1 1 2]
 [1 1 5 2 3 3]
 [4 4 6 1 2 2]
 [6 1 4 3 1 3]
 [6 7 8 2 3 2]
 [9 1 0 2 2 0]
 [9 2 0 2 2 0]
 [9 6 0 2 2 0]
 [9 7 0 2 2 0]
 [9 8 0 2 2 0]
 [5 9 1 1 3 1]
 [9 9 1 1 3 1]
 [5 9 1 3 3 1]
 [6 9 1 3 3 1]
 [9 9 1 3 3 1]
 [0 2 0 0 1 0]
 [1 7 0 3 1 0]
 [0 1 0 0 1 0]
 [0 8 0 0 1 0]
 [0 9 0 0 1 0]
 [0 1 3 0 2 2]
 [0 1 3 0 1 3]
 [0 1 3 0 1 1]
 [0 1 3 0 2 3]
 [0 1 2 0 3 3]
 [9 9 9 1 2 1]
 [9 9 9 2 1 1]
 [9 9 9 1 3 1]
 [9 9 9 1 2 3]
 [9 9 9 1 3 3]
 [0 1 3 0 3 2]
 [0 1 2 0 2 3]
 [0 1 3 0 3 3]
 [9 9 9 3 1 2]
 [9 9 9 3 1 3]
 [0 1 9 0 3 1]
 [0 1 9 0 2 2]
 [0 1 9 0 1 3]
 [0 1 9 0 2 3]
 [9 9 8 3 1 1]
 [0 3 2 0 1 2]
 [0 3 2 0 2 1]
 [0 3 2 0 1 3]
 [0 3 1 0 3 3]
 [0 3 1 0 3 2]
 [0 4 2 0 1 1]
 [0 4 2 0 1 2]
 [0 4 2 0 1 3]
 [0 4 1 0 3 3]
 [0 4 1 0 3 2]
 [0 5 2 0 1 3]
 [0 5 1 0 3 3]
 [0 5 1 0 2 3]
 [0 5 1 0 3 2]
 [0 5 1 0 3 1]] [[ 27.6097675 ]
 [ 43.95174737]
 [778.92958132]
 [ 44.88110424]
 [103.44024814]
 [ 21.07538634]
 [ 23.1157412 ]
 [ 32.1670143 ]
 [ 35.93880556]
 [ 39.63149057]
 [ 51.70181113]
 [ 51.88984102]
 [ 63.95090452]
 [ 65.80331723]
 [ 68.6793147 ]
 [  3.58421987]
 [ 14.00835009]
 [  1.49798303]
 [ 10.71823617]
 [ 11.88458867]
 [ 17.5951426 ]
 [ 23.66844093]
 [  9.84978041]
 [ 24.45555786]
 [ 13.87471331]
 [ 57.51625051]
 [ 49.30441803]
 [ 75.66065055]
 [ 99.66085279]
 [106.28680988]
 [ 19.32090066]
 [ 14.67822036]
 [ 22.7963126 ]
 [ 83.19003366]
 [112.07706813]
 [ 35.39962717]
 [ 54.24264534]
 [ 67.53779948]
 [ 68.17724845]
 [ 54.64883053]
 [ 14.95852081]
 [ 16.13478382]
 [ 17.80283908]
 [ 20.48938628]
 [ 20.35475386]
 [ 11.38863129]
 [ 15.97063545]
 [ 18.92521412]
 [ 25.64736928]
 [ 25.17561716]
 [ 19.88883019]
 [ 30.38418577]
 [ 22.59408118]
 [ 29.51992306]
 [ 27.06655996]]
Query step: 11
11:      x_0  x_1  x_2  y_0  y_1  y_2
422    0    6    2    0    1    1
423    0    6    2    0    1    2
424    0    6    2    0    1    3
425    0    6    2    0    2    1
421    0    6    1    0    3    3          f_res
422  12.632057
423  17.403760
424  20.671745
425  23.218346
421  35.186184
11: X_train und x_test:  [[5 4 4 1 1 2]
 [1 1 5 2 3 3]
 [4 4 6 1 2 2]
 [6 1 4 3 1 3]
 [6 7 8 2 3 2]
 [9 1 0 2 2 0]
 [9 2 0 2 2 0]
 [9 6 0 2 2 0]
 [9 7 0 2 2 0]
 [9 8 0 2 2 0]
 [5 9 1 1 3 1]
 [9 9 1 1 3 1]
 [5 9 1 3 3 1]
 [6 9 1 3 3 1]
 [9 9 1 3 3 1]
 [0 2 0 0 1 0]
 [1 7 0 3 1 0]
 [0 1 0 0 1 0]
 [0 8 0 0 1 0]
 [0 9 0 0 1 0]
 [0 1 3 0 2 2]
 [0 1 3 0 1 3]
 [0 1 3 0 1 1]
 [0 1 3 0 2 3]
 [0 1 2 0 3 3]
 [9 9 9 1 2 1]
 [9 9 9 2 1 1]
 [9 9 9 1 3 1]
 [9 9 9 1 2 3]
 [9 9 9 1 3 3]
 [0 1 3 0 3 2]
 [0 1 2 0 2 3]
 [0 1 3 0 3 3]
 [9 9 9 3 1 2]
 [9 9 9 3 1 3]
 [0 1 9 0 3 1]
 [0 1 9 0 2 2]
 [0 1 9 0 1 3]
 [0 1 9 0 2 3]
 [9 9 8 3 1 1]
 [0 3 2 0 1 2]
 [0 3 2 0 2 1]
 [0 3 2 0 1 3]
 [0 3 1 0 3 3]
 [0 3 1 0 3 2]
 [0 4 2 0 1 1]
 [0 4 2 0 1 2]
 [0 4 2 0 1 3]
 [0 4 1 0 3 3]
 [0 4 1 0 3 2]
 [0 5 2 0 1 3]
 [0 5 1 0 3 3]
 [0 5 1 0 2 3]
 [0 5 1 0 3 2]
 [0 5 1 0 3 1]
 [0 6 2 0 1 1]
 [0 6 2 0 1 2]
 [0 6 2 0 1 3]
 [0 6 2 0 2 1]
 [0 6 1 0 3 3]] [[ 27.6097675 ]
 [ 43.95174737]
 [778.92958132]
 [ 44.88110424]
 [103.44024814]
 [ 21.07538634]
 [ 23.1157412 ]
 [ 32.1670143 ]
 [ 35.93880556]
 [ 39.63149057]
 [ 51.70181113]
 [ 51.88984102]
 [ 63.95090452]
 [ 65.80331723]
 [ 68.6793147 ]
 [  3.58421987]
 [ 14.00835009]
 [  1.49798303]
 [ 10.71823617]
 [ 11.88458867]
 [ 17.5951426 ]
 [ 23.66844093]
 [  9.84978041]
 [ 24.45555786]
 [ 13.87471331]
 [ 57.51625051]
 [ 49.30441803]
 [ 75.66065055]
 [ 99.66085279]
 [106.28680988]
 [ 19.32090066]
 [ 14.67822036]
 [ 22.7963126 ]
 [ 83.19003366]
 [112.07706813]
 [ 35.39962717]
 [ 54.24264534]
 [ 67.53779948]
 [ 68.17724845]
 [ 54.64883053]
 [ 14.95852081]
 [ 16.13478382]
 [ 17.80283908]
 [ 20.48938628]
 [ 20.35475386]
 [ 11.38863129]
 [ 15.97063545]
 [ 18.92521412]
 [ 25.64736928]
 [ 25.17561716]
 [ 19.88883019]
 [ 30.38418577]
 [ 22.59408118]
 [ 29.51992306]
 [ 27.06655996]
 [ 12.63205698]
 [ 17.40376016]
 [ 20.6717448 ]
 [ 23.21834584]
 [ 35.18618415]]
Query step: 12
12:        x_0  x_1  x_2  y_0  y_1  y_2
768      1    1    2    1    1    3
14769    7    7    2    2    1    2
741      1    1    1    1    1    3
14771    7    7    2    2    2    2
14770    7    7    2    2    2    1            f_res
768    15.136411
14769  32.897755
741     6.977948
14771  43.885265
14770  38.929155
12: X_train und x_test:  [[5 4 4 1 1 2]
 [1 1 5 2 3 3]
 [4 4 6 1 2 2]
 [6 1 4 3 1 3]
 [6 7 8 2 3 2]
 [9 1 0 2 2 0]
 [9 2 0 2 2 0]
 [9 6 0 2 2 0]
 [9 7 0 2 2 0]
 [9 8 0 2 2 0]
 [5 9 1 1 3 1]
 [9 9 1 1 3 1]
 [5 9 1 3 3 1]
 [6 9 1 3 3 1]
 [9 9 1 3 3 1]
 [0 2 0 0 1 0]
 [1 7 0 3 1 0]
 [0 1 0 0 1 0]
 [0 8 0 0 1 0]
 [0 9 0 0 1 0]
 [0 1 3 0 2 2]
 [0 1 3 0 1 3]
 [0 1 3 0 1 1]
 [0 1 3 0 2 3]
 [0 1 2 0 3 3]
 [9 9 9 1 2 1]
 [9 9 9 2 1 1]
 [9 9 9 1 3 1]
 [9 9 9 1 2 3]
 [9 9 9 1 3 3]
 [0 1 3 0 3 2]
 [0 1 2 0 2 3]
 [0 1 3 0 3 3]
 [9 9 9 3 1 2]
 [9 9 9 3 1 3]
 [0 1 9 0 3 1]
 [0 1 9 0 2 2]
 [0 1 9 0 1 3]
 [0 1 9 0 2 3]
 [9 9 8 3 1 1]
 [0 3 2 0 1 2]
 [0 3 2 0 2 1]
 [0 3 2 0 1 3]
 [0 3 1 0 3 3]
 [0 3 1 0 3 2]
 [0 4 2 0 1 1]
 [0 4 2 0 1 2]
 [0 4 2 0 1 3]
 [0 4 1 0 3 3]
 [0 4 1 0 3 2]
 [0 5 2 0 1 3]
 [0 5 1 0 3 3]
 [0 5 1 0 2 3]
 [0 5 1 0 3 2]
 [0 5 1 0 3 1]
 [0 6 2 0 1 1]
 [0 6 2 0 1 2]
 [0 6 2 0 1 3]
 [0 6 2 0 2 1]
 [0 6 1 0 3 3]
 [1 1 2 1 1 3]
 [7 7 2 2 1 2]
 [1 1 1 1 1 3]
 [7 7 2 2 2 2]
 [7 7 2 2 2 1]] [[ 27.6097675 ]
 [ 43.95174737]
 [778.92958132]
 [ 44.88110424]
 [103.44024814]
 [ 21.07538634]
 [ 23.1157412 ]
 [ 32.1670143 ]
 [ 35.93880556]
 [ 39.63149057]
 [ 51.70181113]
 [ 51.88984102]
 [ 63.95090452]
 [ 65.80331723]
 [ 68.6793147 ]
 [  3.58421987]
 [ 14.00835009]
 [  1.49798303]
 [ 10.71823617]
 [ 11.88458867]
 [ 17.5951426 ]
 [ 23.66844093]
 [  9.84978041]
 [ 24.45555786]
 [ 13.87471331]
 [ 57.51625051]
 [ 49.30441803]
 [ 75.66065055]
 [ 99.66085279]
 [106.28680988]
 [ 19.32090066]
 [ 14.67822036]
 [ 22.7963126 ]
 [ 83.19003366]
 [112.07706813]
 [ 35.39962717]
 [ 54.24264534]
 [ 67.53779948]
 [ 68.17724845]
 [ 54.64883053]
 [ 14.95852081]
 [ 16.13478382]
 [ 17.80283908]
 [ 20.48938628]
 [ 20.35475386]
 [ 11.38863129]
 [ 15.97063545]
 [ 18.92521412]
 [ 25.64736928]
 [ 25.17561716]
 [ 19.88883019]
 [ 30.38418577]
 [ 22.59408118]
 [ 29.51992306]
 [ 27.06655996]
 [ 12.63205698]
 [ 17.40376016]
 [ 20.6717448 ]
 [ 23.21834584]
 [ 35.18618415]
 [ 15.13641096]
 [ 32.89775463]
 [  6.97794835]
 [ 43.88526534]
 [ 38.92915459]]
Query step: 13
13:       x_0  x_1  x_2  y_0  y_1  y_2
3133    2    2    2    1    1    2
3134    2    2    2    1    1    3
3131    2    2    1    3    3    3
3136    2    2    2    1    2    2
3137    2    2    2    1    3    1           f_res
3133  15.416911
3134  18.178373
3131  21.450478
3136  17.808229
3137  17.056512
13: X_train und x_test:  [[5 4 4 1 1 2]
 [1 1 5 2 3 3]
 [4 4 6 1 2 2]
 [6 1 4 3 1 3]
 [6 7 8 2 3 2]
 [9 1 0 2 2 0]
 [9 2 0 2 2 0]
 [9 6 0 2 2 0]
 [9 7 0 2 2 0]
 [9 8 0 2 2 0]
 [5 9 1 1 3 1]
 [9 9 1 1 3 1]
 [5 9 1 3 3 1]
 [6 9 1 3 3 1]
 [9 9 1 3 3 1]
 [0 2 0 0 1 0]
 [1 7 0 3 1 0]
 [0 1 0 0 1 0]
 [0 8 0 0 1 0]
 [0 9 0 0 1 0]
 [0 1 3 0 2 2]
 [0 1 3 0 1 3]
 [0 1 3 0 1 1]
 [0 1 3 0 2 3]
 [0 1 2 0 3 3]
 [9 9 9 1 2 1]
 [9 9 9 2 1 1]
 [9 9 9 1 3 1]
 [9 9 9 1 2 3]
 [9 9 9 1 3 3]
 [0 1 3 0 3 2]
 [0 1 2 0 2 3]
 [0 1 3 0 3 3]
 [9 9 9 3 1 2]
 [9 9 9 3 1 3]
 [0 1 9 0 3 1]
 [0 1 9 0 2 2]
 [0 1 9 0 1 3]
 [0 1 9 0 2 3]
 [9 9 8 3 1 1]
 [0 3 2 0 1 2]
 [0 3 2 0 2 1]
 [0 3 2 0 1 3]
 [0 3 1 0 3 3]
 [0 3 1 0 3 2]
 [0 4 2 0 1 1]
 [0 4 2 0 1 2]
 [0 4 2 0 1 3]
 [0 4 1 0 3 3]
 [0 4 1 0 3 2]
 [0 5 2 0 1 3]
 [0 5 1 0 3 3]
 [0 5 1 0 2 3]
 [0 5 1 0 3 2]
 [0 5 1 0 3 1]
 [0 6 2 0 1 1]
 [0 6 2 0 1 2]
 [0 6 2 0 1 3]
 [0 6 2 0 2 1]
 [0 6 1 0 3 3]
 [1 1 2 1 1 3]
 [7 7 2 2 1 2]
 [1 1 1 1 1 3]
 [7 7 2 2 2 2]
 [7 7 2 2 2 1]
 [2 2 2 1 1 2]
 [2 2 2 1 1 3]
 [2 2 1 3 3 3]
 [2 2 2 1 2 2]
 [2 2 2 1 3 1]] [[ 27.6097675 ]
 [ 43.95174737]
 [778.92958132]
 [ 44.88110424]
 [103.44024814]
 [ 21.07538634]
 [ 23.1157412 ]
 [ 32.1670143 ]
 [ 35.93880556]
 [ 39.63149057]
 [ 51.70181113]
 [ 51.88984102]
 [ 63.95090452]
 [ 65.80331723]
 [ 68.6793147 ]
 [  3.58421987]
 [ 14.00835009]
 [  1.49798303]
 [ 10.71823617]
 [ 11.88458867]
 [ 17.5951426 ]
 [ 23.66844093]
 [  9.84978041]
 [ 24.45555786]
 [ 13.87471331]
 [ 57.51625051]
 [ 49.30441803]
 [ 75.66065055]
 [ 99.66085279]
 [106.28680988]
 [ 19.32090066]
 [ 14.67822036]
 [ 22.7963126 ]
 [ 83.19003366]
 [112.07706813]
 [ 35.39962717]
 [ 54.24264534]
 [ 67.53779948]
 [ 68.17724845]
 [ 54.64883053]
 [ 14.95852081]
 [ 16.13478382]
 [ 17.80283908]
 [ 20.48938628]
 [ 20.35475386]
 [ 11.38863129]
 [ 15.97063545]
 [ 18.92521412]
 [ 25.64736928]
 [ 25.17561716]
 [ 19.88883019]
 [ 30.38418577]
 [ 22.59408118]
 [ 29.51992306]
 [ 27.06655996]
 [ 12.63205698]
 [ 17.40376016]
 [ 20.6717448 ]
 [ 23.21834584]
 [ 35.18618415]
 [ 15.13641096]
 [ 32.89775463]
 [  6.97794835]
 [ 43.88526534]
 [ 38.92915459]
 [ 15.41691063]
 [ 18.17837266]
 [ 21.45047809]
 [ 17.80822917]
 [ 17.0565125 ]]
Query step: 14
14:       x_0  x_1  x_2  y_0  y_1  y_2
1088    1    2    5    1    1    1
1091    1    2    5    1    2    1
1092    1    2    5    1    2    2
1090    1    2    5    1    1    3
1093    1    2    5    1    3    1           f_res
1088  15.468892
1091  17.121930
1092  30.392774
1090  42.027071
1093  19.134796
14: X_train und x_test:  [[5 4 4 1 1 2]
 [1 1 5 2 3 3]
 [4 4 6 1 2 2]
 [6 1 4 3 1 3]
 [6 7 8 2 3 2]
 [9 1 0 2 2 0]
 [9 2 0 2 2 0]
 [9 6 0 2 2 0]
 [9 7 0 2 2 0]
 [9 8 0 2 2 0]
 [5 9 1 1 3 1]
 [9 9 1 1 3 1]
 [5 9 1 3 3 1]
 [6 9 1 3 3 1]
 [9 9 1 3 3 1]
 [0 2 0 0 1 0]
 [1 7 0 3 1 0]
 [0 1 0 0 1 0]
 [0 8 0 0 1 0]
 [0 9 0 0 1 0]
 [0 1 3 0 2 2]
 [0 1 3 0 1 3]
 [0 1 3 0 1 1]
 [0 1 3 0 2 3]
 [0 1 2 0 3 3]
 [9 9 9 1 2 1]
 [9 9 9 2 1 1]
 [9 9 9 1 3 1]
 [9 9 9 1 2 3]
 [9 9 9 1 3 3]
 [0 1 3 0 3 2]
 [0 1 2 0 2 3]
 [0 1 3 0 3 3]
 [9 9 9 3 1 2]
 [9 9 9 3 1 3]
 [0 1 9 0 3 1]
 [0 1 9 0 2 2]
 [0 1 9 0 1 3]
 [0 1 9 0 2 3]
 [9 9 8 3 1 1]
 [0 3 2 0 1 2]
 [0 3 2 0 2 1]
 [0 3 2 0 1 3]
 [0 3 1 0 3 3]
 [0 3 1 0 3 2]
 [0 4 2 0 1 1]
 [0 4 2 0 1 2]
 [0 4 2 0 1 3]
 [0 4 1 0 3 3]
 [0 4 1 0 3 2]
 [0 5 2 0 1 3]
 [0 5 1 0 3 3]
 [0 5 1 0 2 3]
 [0 5 1 0 3 2]
 [0 5 1 0 3 1]
 [0 6 2 0 1 1]
 [0 6 2 0 1 2]
 [0 6 2 0 1 3]
 [0 6 2 0 2 1]
 [0 6 1 0 3 3]
 [1 1 2 1 1 3]
 [7 7 2 2 1 2]
 [1 1 1 1 1 3]
 [7 7 2 2 2 2]
 [7 7 2 2 2 1]
 [2 2 2 1 1 2]
 [2 2 2 1 1 3]
 [2 2 1 3 3 3]
 [2 2 2 1 2 2]
 [2 2 2 1 3 1]
 [1 2 5 1 1 1]
 [1 2 5 1 2 1]
 [1 2 5 1 2 2]
 [1 2 5 1 1 3]
 [1 2 5 1 3 1]] [[ 27.6097675 ]
 [ 43.95174737]
 [778.92958132]
 [ 44.88110424]
 [103.44024814]
 [ 21.07538634]
 [ 23.1157412 ]
 [ 32.1670143 ]
 [ 35.93880556]
 [ 39.63149057]
 [ 51.70181113]
 [ 51.88984102]
 [ 63.95090452]
 [ 65.80331723]
 [ 68.6793147 ]
 [  3.58421987]
 [ 14.00835009]
 [  1.49798303]
 [ 10.71823617]
 [ 11.88458867]
 [ 17.5951426 ]
 [ 23.66844093]
 [  9.84978041]
 [ 24.45555786]
 [ 13.87471331]
 [ 57.51625051]
 [ 49.30441803]
 [ 75.66065055]
 [ 99.66085279]
 [106.28680988]
 [ 19.32090066]
 [ 14.67822036]
 [ 22.7963126 ]
 [ 83.19003366]
 [112.07706813]
 [ 35.39962717]
 [ 54.24264534]
 [ 67.53779948]
 [ 68.17724845]
 [ 54.64883053]
 [ 14.95852081]
 [ 16.13478382]
 [ 17.80283908]
 [ 20.48938628]
 [ 20.35475386]
 [ 11.38863129]
 [ 15.97063545]
 [ 18.92521412]
 [ 25.64736928]
 [ 25.17561716]
 [ 19.88883019]
 [ 30.38418577]
 [ 22.59408118]
 [ 29.51992306]
 [ 27.06655996]
 [ 12.63205698]
 [ 17.40376016]
 [ 20.6717448 ]
 [ 23.21834584]
 [ 35.18618415]
 [ 15.13641096]
 [ 32.89775463]
 [  6.97794835]
 [ 43.88526534]
 [ 38.92915459]
 [ 15.41691063]
 [ 18.17837266]
 [ 21.45047809]
 [ 17.80822917]
 [ 17.0565125 ]
 [ 15.4688925 ]
 [ 17.12192977]
 [ 30.39277417]
 [ 42.02707075]
 [ 19.13479583]]
Query step: 15
15:        x_0  x_1  x_2  y_0  y_1  y_2
4255     2    7    0    1    3    0
19674    9    9    9    1    1    2
19677    9    9    9    1    2    2
19644    9    9    7    3    3    2
19645    9    9    7    3    3    3             f_res
4255    36.603549
19674   67.544324
19677   87.641487
19644  115.588072
19645  121.166591
15: X_train und x_test:  [[5 4 4 1 1 2]
 [1 1 5 2 3 3]
 [4 4 6 1 2 2]
 [6 1 4 3 1 3]
 [6 7 8 2 3 2]
 [9 1 0 2 2 0]
 [9 2 0 2 2 0]
 [9 6 0 2 2 0]
 [9 7 0 2 2 0]
 [9 8 0 2 2 0]
 [5 9 1 1 3 1]
 [9 9 1 1 3 1]
 [5 9 1 3 3 1]
 [6 9 1 3 3 1]
 [9 9 1 3 3 1]
 [0 2 0 0 1 0]
 [1 7 0 3 1 0]
 [0 1 0 0 1 0]
 [0 8 0 0 1 0]
 [0 9 0 0 1 0]
 [0 1 3 0 2 2]
 [0 1 3 0 1 3]
 [0 1 3 0 1 1]
 [0 1 3 0 2 3]
 [0 1 2 0 3 3]
 [9 9 9 1 2 1]
 [9 9 9 2 1 1]
 [9 9 9 1 3 1]
 [9 9 9 1 2 3]
 [9 9 9 1 3 3]
 [0 1 3 0 3 2]
 [0 1 2 0 2 3]
 [0 1 3 0 3 3]
 [9 9 9 3 1 2]
 [9 9 9 3 1 3]
 [0 1 9 0 3 1]
 [0 1 9 0 2 2]
 [0 1 9 0 1 3]
 [0 1 9 0 2 3]
 [9 9 8 3 1 1]
 [0 3 2 0 1 2]
 [0 3 2 0 2 1]
 [0 3 2 0 1 3]
 [0 3 1 0 3 3]
 [0 3 1 0 3 2]
 [0 4 2 0 1 1]
 [0 4 2 0 1 2]
 [0 4 2 0 1 3]
 [0 4 1 0 3 3]
 [0 4 1 0 3 2]
 [0 5 2 0 1 3]
 [0 5 1 0 3 3]
 [0 5 1 0 2 3]
 [0 5 1 0 3 2]
 [0 5 1 0 3 1]
 [0 6 2 0 1 1]
 [0 6 2 0 1 2]
 [0 6 2 0 1 3]
 [0 6 2 0 2 1]
 [0 6 1 0 3 3]
 [1 1 2 1 1 3]
 [7 7 2 2 1 2]
 [1 1 1 1 1 3]
 [7 7 2 2 2 2]
 [7 7 2 2 2 1]
 [2 2 2 1 1 2]
 [2 2 2 1 1 3]
 [2 2 1 3 3 3]
 [2 2 2 1 2 2]
 [2 2 2 1 3 1]
 [1 2 5 1 1 1]
 [1 2 5 1 2 1]
 [1 2 5 1 2 2]
 [1 2 5 1 1 3]
 [1 2 5 1 3 1]
 [2 7 0 1 3 0]
 [9 9 9 1 1 2]
 [9 9 9 1 2 2]
 [9 9 7 3 3 2]
 [9 9 7 3 3 3]] [[ 27.6097675 ]
 [ 43.95174737]
 [778.92958132]
 [ 44.88110424]
 [103.44024814]
 [ 21.07538634]
 [ 23.1157412 ]
 [ 32.1670143 ]
 [ 35.93880556]
 [ 39.63149057]
 [ 51.70181113]
 [ 51.88984102]
 [ 63.95090452]
 [ 65.80331723]
 [ 68.6793147 ]
 [  3.58421987]
 [ 14.00835009]
 [  1.49798303]
 [ 10.71823617]
 [ 11.88458867]
 [ 17.5951426 ]
 [ 23.66844093]
 [  9.84978041]
 [ 24.45555786]
 [ 13.87471331]
 [ 57.51625051]
 [ 49.30441803]
 [ 75.66065055]
 [ 99.66085279]
 [106.28680988]
 [ 19.32090066]
 [ 14.67822036]
 [ 22.7963126 ]
 [ 83.19003366]
 [112.07706813]
 [ 35.39962717]
 [ 54.24264534]
 [ 67.53779948]
 [ 68.17724845]
 [ 54.64883053]
 [ 14.95852081]
 [ 16.13478382]
 [ 17.80283908]
 [ 20.48938628]
 [ 20.35475386]
 [ 11.38863129]
 [ 15.97063545]
 [ 18.92521412]
 [ 25.64736928]
 [ 25.17561716]
 [ 19.88883019]
 [ 30.38418577]
 [ 22.59408118]
 [ 29.51992306]
 [ 27.06655996]
 [ 12.63205698]
 [ 17.40376016]
 [ 20.6717448 ]
 [ 23.21834584]
 [ 35.18618415]
 [ 15.13641096]
 [ 32.89775463]
 [  6.97794835]
 [ 43.88526534]
 [ 38.92915459]
 [ 15.41691063]
 [ 18.17837266]
 [ 21.45047809]
 [ 17.80822917]
 [ 17.0565125 ]
 [ 15.4688925 ]
 [ 17.12192977]
 [ 30.39277417]
 [ 42.02707075]
 [ 19.13479583]
 [ 36.60354875]
 [ 67.54432395]
 [ 87.64148738]
 [115.58807209]
 [121.16659111]]
Query step: 16
16:       x_0  x_1  x_2  y_0  y_1  y_2
1454    1    4    0    2    1    0
1452    1    4    0    1    2    0
1453    1    4    0    1    3    0
1456    1    4    0    2    3    0
1457    1    4    0    3    1    0           f_res
1454  10.847578
1452  16.338227
1453  21.283794
1456  21.822922
1457  11.720069
16: X_train und x_test:  [[5 4 4 1 1 2]
 [1 1 5 2 3 3]
 [4 4 6 1 2 2]
 [6 1 4 3 1 3]
 [6 7 8 2 3 2]
 [9 1 0 2 2 0]
 [9 2 0 2 2 0]
 [9 6 0 2 2 0]
 [9 7 0 2 2 0]
 [9 8 0 2 2 0]
 [5 9 1 1 3 1]
 [9 9 1 1 3 1]
 [5 9 1 3 3 1]
 [6 9 1 3 3 1]
 [9 9 1 3 3 1]
 [0 2 0 0 1 0]
 [1 7 0 3 1 0]
 [0 1 0 0 1 0]
 [0 8 0 0 1 0]
 [0 9 0 0 1 0]
 [0 1 3 0 2 2]
 [0 1 3 0 1 3]
 [0 1 3 0 1 1]
 [0 1 3 0 2 3]
 [0 1 2 0 3 3]
 [9 9 9 1 2 1]
 [9 9 9 2 1 1]
 [9 9 9 1 3 1]
 [9 9 9 1 2 3]
 [9 9 9 1 3 3]
 [0 1 3 0 3 2]
 [0 1 2 0 2 3]
 [0 1 3 0 3 3]
 [9 9 9 3 1 2]
 [9 9 9 3 1 3]
 [0 1 9 0 3 1]
 [0 1 9 0 2 2]
 [0 1 9 0 1 3]
 [0 1 9 0 2 3]
 [9 9 8 3 1 1]
 [0 3 2 0 1 2]
 [0 3 2 0 2 1]
 [0 3 2 0 1 3]
 [0 3 1 0 3 3]
 [0 3 1 0 3 2]
 [0 4 2 0 1 1]
 [0 4 2 0 1 2]
 [0 4 2 0 1 3]
 [0 4 1 0 3 3]
 [0 4 1 0 3 2]
 [0 5 2 0 1 3]
 [0 5 1 0 3 3]
 [0 5 1 0 2 3]
 [0 5 1 0 3 2]
 [0 5 1 0 3 1]
 [0 6 2 0 1 1]
 [0 6 2 0 1 2]
 [0 6 2 0 1 3]
 [0 6 2 0 2 1]
 [0 6 1 0 3 3]
 [1 1 2 1 1 3]
 [7 7 2 2 1 2]
 [1 1 1 1 1 3]
 [7 7 2 2 2 2]
 [7 7 2 2 2 1]
 [2 2 2 1 1 2]
 [2 2 2 1 1 3]
 [2 2 1 3 3 3]
 [2 2 2 1 2 2]
 [2 2 2 1 3 1]
 [1 2 5 1 1 1]
 [1 2 5 1 2 1]
 [1 2 5 1 2 2]
 [1 2 5 1 1 3]
 [1 2 5 1 3 1]
 [2 7 0 1 3 0]
 [9 9 9 1 1 2]
 [9 9 9 1 2 2]
 [9 9 7 3 3 2]
 [9 9 7 3 3 3]
 [1 4 0 2 1 0]
 [1 4 0 1 2 0]
 [1 4 0 1 3 0]
 [1 4 0 2 3 0]
 [1 4 0 3 1 0]] [[ 27.6097675 ]
 [ 43.95174737]
 [778.92958132]
 [ 44.88110424]
 [103.44024814]
 [ 21.07538634]
 [ 23.1157412 ]
 [ 32.1670143 ]
 [ 35.93880556]
 [ 39.63149057]
 [ 51.70181113]
 [ 51.88984102]
 [ 63.95090452]
 [ 65.80331723]
 [ 68.6793147 ]
 [  3.58421987]
 [ 14.00835009]
 [  1.49798303]
 [ 10.71823617]
 [ 11.88458867]
 [ 17.5951426 ]
 [ 23.66844093]
 [  9.84978041]
 [ 24.45555786]
 [ 13.87471331]
 [ 57.51625051]
 [ 49.30441803]
 [ 75.66065055]
 [ 99.66085279]
 [106.28680988]
 [ 19.32090066]
 [ 14.67822036]
 [ 22.7963126 ]
 [ 83.19003366]
 [112.07706813]
 [ 35.39962717]
 [ 54.24264534]
 [ 67.53779948]
 [ 68.17724845]
 [ 54.64883053]
 [ 14.95852081]
 [ 16.13478382]
 [ 17.80283908]
 [ 20.48938628]
 [ 20.35475386]
 [ 11.38863129]
 [ 15.97063545]
 [ 18.92521412]
 [ 25.64736928]
 [ 25.17561716]
 [ 19.88883019]
 [ 30.38418577]
 [ 22.59408118]
 [ 29.51992306]
 [ 27.06655996]
 [ 12.63205698]
 [ 17.40376016]
 [ 20.6717448 ]
 [ 23.21834584]
 [ 35.18618415]
 [ 15.13641096]
 [ 32.89775463]
 [  6.97794835]
 [ 43.88526534]
 [ 38.92915459]
 [ 15.41691063]
 [ 18.17837266]
 [ 21.45047809]
 [ 17.80822917]
 [ 17.0565125 ]
 [ 15.4688925 ]
 [ 17.12192977]
 [ 30.39277417]
 [ 42.02707075]
 [ 19.13479583]
 [ 36.60354875]
 [ 67.54432395]
 [ 87.64148738]
 [115.58807209]
 [121.16659111]
 [ 10.84757829]
 [ 16.33822677]
 [ 21.28379369]
 [ 21.82292198]
 [ 11.72006926]]
Query step: 17
17:       x_0  x_1  x_2  y_0  y_1  y_2
1869    1    5    8    1    1    1
1870    1    5    8    1    1    2
1871    1    5    8    1    1    3
1867    1    5    7    3    3    2
1868    1    5    7    3    3    3           f_res
1869  30.293011
1870  54.634414
1871  77.864554
1867  78.790907
1868  86.423659
17: X_train und x_test:  [[5 4 4 1 1 2]
 [1 1 5 2 3 3]
 [4 4 6 1 2 2]
 [6 1 4 3 1 3]
 [6 7 8 2 3 2]
 [9 1 0 2 2 0]
 [9 2 0 2 2 0]
 [9 6 0 2 2 0]
 [9 7 0 2 2 0]
 [9 8 0 2 2 0]
 [5 9 1 1 3 1]
 [9 9 1 1 3 1]
 [5 9 1 3 3 1]
 [6 9 1 3 3 1]
 [9 9 1 3 3 1]
 [0 2 0 0 1 0]
 [1 7 0 3 1 0]
 [0 1 0 0 1 0]
 [0 8 0 0 1 0]
 [0 9 0 0 1 0]
 [0 1 3 0 2 2]
 [0 1 3 0 1 3]
 [0 1 3 0 1 1]
 [0 1 3 0 2 3]
 [0 1 2 0 3 3]
 [9 9 9 1 2 1]
 [9 9 9 2 1 1]
 [9 9 9 1 3 1]
 [9 9 9 1 2 3]
 [9 9 9 1 3 3]
 [0 1 3 0 3 2]
 [0 1 2 0 2 3]
 [0 1 3 0 3 3]
 [9 9 9 3 1 2]
 [9 9 9 3 1 3]
 [0 1 9 0 3 1]
 [0 1 9 0 2 2]
 [0 1 9 0 1 3]
 [0 1 9 0 2 3]
 [9 9 8 3 1 1]
 [0 3 2 0 1 2]
 [0 3 2 0 2 1]
 [0 3 2 0 1 3]
 [0 3 1 0 3 3]
 [0 3 1 0 3 2]
 [0 4 2 0 1 1]
 [0 4 2 0 1 2]
 [0 4 2 0 1 3]
 [0 4 1 0 3 3]
 [0 4 1 0 3 2]
 [0 5 2 0 1 3]
 [0 5 1 0 3 3]
 [0 5 1 0 2 3]
 [0 5 1 0 3 2]
 [0 5 1 0 3 1]
 [0 6 2 0 1 1]
 [0 6 2 0 1 2]
 [0 6 2 0 1 3]
 [0 6 2 0 2 1]
 [0 6 1 0 3 3]
 [1 1 2 1 1 3]
 [7 7 2 2 1 2]
 [1 1 1 1 1 3]
 [7 7 2 2 2 2]
 [7 7 2 2 2 1]
 [2 2 2 1 1 2]
 [2 2 2 1 1 3]
 [2 2 1 3 3 3]
 [2 2 2 1 2 2]
 [2 2 2 1 3 1]
 [1 2 5 1 1 1]
 [1 2 5 1 2 1]
 [1 2 5 1 2 2]
 [1 2 5 1 1 3]
 [1 2 5 1 3 1]
 [2 7 0 1 3 0]
 [9 9 9 1 1 2]
 [9 9 9 1 2 2]
 [9 9 7 3 3 2]
 [9 9 7 3 3 3]
 [1 4 0 2 1 0]
 [1 4 0 1 2 0]
 [1 4 0 1 3 0]
 [1 4 0 2 3 0]
 [1 4 0 3 1 0]
 [1 5 8 1 1 1]
 [1 5 8 1 1 2]
 [1 5 8 1 1 3]
 [1 5 7 3 3 2]
 [1 5 7 3 3 3]] [[ 27.6097675 ]
 [ 43.95174737]
 [778.92958132]
 [ 44.88110424]
 [103.44024814]
 [ 21.07538634]
 [ 23.1157412 ]
 [ 32.1670143 ]
 [ 35.93880556]
 [ 39.63149057]
 [ 51.70181113]
 [ 51.88984102]
 [ 63.95090452]
 [ 65.80331723]
 [ 68.6793147 ]
 [  3.58421987]
 [ 14.00835009]
 [  1.49798303]
 [ 10.71823617]
 [ 11.88458867]
 [ 17.5951426 ]
 [ 23.66844093]
 [  9.84978041]
 [ 24.45555786]
 [ 13.87471331]
 [ 57.51625051]
 [ 49.30441803]
 [ 75.66065055]
 [ 99.66085279]
 [106.28680988]
 [ 19.32090066]
 [ 14.67822036]
 [ 22.7963126 ]
 [ 83.19003366]
 [112.07706813]
 [ 35.39962717]
 [ 54.24264534]
 [ 67.53779948]
 [ 68.17724845]
 [ 54.64883053]
 [ 14.95852081]
 [ 16.13478382]
 [ 17.80283908]
 [ 20.48938628]
 [ 20.35475386]
 [ 11.38863129]
 [ 15.97063545]
 [ 18.92521412]
 [ 25.64736928]
 [ 25.17561716]
 [ 19.88883019]
 [ 30.38418577]
 [ 22.59408118]
 [ 29.51992306]
 [ 27.06655996]
 [ 12.63205698]
 [ 17.40376016]
 [ 20.6717448 ]
 [ 23.21834584]
 [ 35.18618415]
 [ 15.13641096]
 [ 32.89775463]
 [  6.97794835]
 [ 43.88526534]
 [ 38.92915459]
 [ 15.41691063]
 [ 18.17837266]
 [ 21.45047809]
 [ 17.80822917]
 [ 17.0565125 ]
 [ 15.4688925 ]
 [ 17.12192977]
 [ 30.39277417]
 [ 42.02707075]
 [ 19.13479583]
 [ 36.60354875]
 [ 67.54432395]
 [ 87.64148738]
 [115.58807209]
 [121.16659111]
 [ 10.84757829]
 [ 16.33822677]
 [ 21.28379369]
 [ 21.82292198]
 [ 11.72006926]
 [ 30.29301109]
 [ 54.63441392]
 [ 77.86455397]
 [ 78.7909067 ]
 [ 86.42365876]]
Query step: 18
18:       x_0  x_1  x_2  y_0  y_1  y_2
1984    1    6    3    1    1    2
1980    1    6    2    3    2    3
1985    1    6    3    1    1    3
1981    1    6    2    3    3    1
1982    1    6    2    3    3    3           f_res
1984  24.031838
1980  34.579033
1985  30.258284
1981  36.276529
1982  43.532477
18: X_train und x_test:  [[5 4 4 1 1 2]
 [1 1 5 2 3 3]
 [4 4 6 1 2 2]
 [6 1 4 3 1 3]
 [6 7 8 2 3 2]
 [9 1 0 2 2 0]
 [9 2 0 2 2 0]
 [9 6 0 2 2 0]
 [9 7 0 2 2 0]
 [9 8 0 2 2 0]
 [5 9 1 1 3 1]
 [9 9 1 1 3 1]
 [5 9 1 3 3 1]
 [6 9 1 3 3 1]
 [9 9 1 3 3 1]
 [0 2 0 0 1 0]
 [1 7 0 3 1 0]
 [0 1 0 0 1 0]
 [0 8 0 0 1 0]
 [0 9 0 0 1 0]
 [0 1 3 0 2 2]
 [0 1 3 0 1 3]
 [0 1 3 0 1 1]
 [0 1 3 0 2 3]
 [0 1 2 0 3 3]
 [9 9 9 1 2 1]
 [9 9 9 2 1 1]
 [9 9 9 1 3 1]
 [9 9 9 1 2 3]
 [9 9 9 1 3 3]
 [0 1 3 0 3 2]
 [0 1 2 0 2 3]
 [0 1 3 0 3 3]
 [9 9 9 3 1 2]
 [9 9 9 3 1 3]
 [0 1 9 0 3 1]
 [0 1 9 0 2 2]
 [0 1 9 0 1 3]
 [0 1 9 0 2 3]
 [9 9 8 3 1 1]
 [0 3 2 0 1 2]
 [0 3 2 0 2 1]
 [0 3 2 0 1 3]
 [0 3 1 0 3 3]
 [0 3 1 0 3 2]
 [0 4 2 0 1 1]
 [0 4 2 0 1 2]
 [0 4 2 0 1 3]
 [0 4 1 0 3 3]
 [0 4 1 0 3 2]
 [0 5 2 0 1 3]
 [0 5 1 0 3 3]
 [0 5 1 0 2 3]
 [0 5 1 0 3 2]
 [0 5 1 0 3 1]
 [0 6 2 0 1 1]
 [0 6 2 0 1 2]
 [0 6 2 0 1 3]
 [0 6 2 0 2 1]
 [0 6 1 0 3 3]
 [1 1 2 1 1 3]
 [7 7 2 2 1 2]
 [1 1 1 1 1 3]
 [7 7 2 2 2 2]
 [7 7 2 2 2 1]
 [2 2 2 1 1 2]
 [2 2 2 1 1 3]
 [2 2 1 3 3 3]
 [2 2 2 1 2 2]
 [2 2 2 1 3 1]
 [1 2 5 1 1 1]
 [1 2 5 1 2 1]
 [1 2 5 1 2 2]
 [1 2 5 1 1 3]
 [1 2 5 1 3 1]
 [2 7 0 1 3 0]
 [9 9 9 1 1 2]
 [9 9 9 1 2 2]
 [9 9 7 3 3 2]
 [9 9 7 3 3 3]
 [1 4 0 2 1 0]
 [1 4 0 1 2 0]
 [1 4 0 1 3 0]
 [1 4 0 2 3 0]
 [1 4 0 3 1 0]
 [1 5 8 1 1 1]
 [1 5 8 1 1 2]
 [1 5 8 1 1 3]
 [1 5 7 3 3 2]
 [1 5 7 3 3 3]
 [1 6 3 1 1 2]
 [1 6 2 3 2 3]
 [1 6 3 1 1 3]
 [1 6 2 3 3 1]
 [1 6 2 3 3 3]] [[ 27.6097675 ]
 [ 43.95174737]
 [778.92958132]
 [ 44.88110424]
 [103.44024814]
 [ 21.07538634]
 [ 23.1157412 ]
 [ 32.1670143 ]
 [ 35.93880556]
 [ 39.63149057]
 [ 51.70181113]
 [ 51.88984102]
 [ 63.95090452]
 [ 65.80331723]
 [ 68.6793147 ]
 [  3.58421987]
 [ 14.00835009]
 [  1.49798303]
 [ 10.71823617]
 [ 11.88458867]
 [ 17.5951426 ]
 [ 23.66844093]
 [  9.84978041]
 [ 24.45555786]
 [ 13.87471331]
 [ 57.51625051]
 [ 49.30441803]
 [ 75.66065055]
 [ 99.66085279]
 [106.28680988]
 [ 19.32090066]
 [ 14.67822036]
 [ 22.7963126 ]
 [ 83.19003366]
 [112.07706813]
 [ 35.39962717]
 [ 54.24264534]
 [ 67.53779948]
 [ 68.17724845]
 [ 54.64883053]
 [ 14.95852081]
 [ 16.13478382]
 [ 17.80283908]
 [ 20.48938628]
 [ 20.35475386]
 [ 11.38863129]
 [ 15.97063545]
 [ 18.92521412]
 [ 25.64736928]
 [ 25.17561716]
 [ 19.88883019]
 [ 30.38418577]
 [ 22.59408118]
 [ 29.51992306]
 [ 27.06655996]
 [ 12.63205698]
 [ 17.40376016]
 [ 20.6717448 ]
 [ 23.21834584]
 [ 35.18618415]
 [ 15.13641096]
 [ 32.89775463]
 [  6.97794835]
 [ 43.88526534]
 [ 38.92915459]
 [ 15.41691063]
 [ 18.17837266]
 [ 21.45047809]
 [ 17.80822917]
 [ 17.0565125 ]
 [ 15.4688925 ]
 [ 17.12192977]
 [ 30.39277417]
 [ 42.02707075]
 [ 19.13479583]
 [ 36.60354875]
 [ 67.54432395]
 [ 87.64148738]
 [115.58807209]
 [121.16659111]
 [ 10.84757829]
 [ 16.33822677]
 [ 21.28379369]
 [ 21.82292198]
 [ 11.72006926]
 [ 30.29301109]
 [ 54.63441392]
 [ 77.86455397]
 [ 78.7909067 ]
 [ 86.42365876]
 [ 24.03183811]
 [ 34.57903255]
 [ 30.25828382]
 [ 36.27652891]
 [ 43.53247659]]
Query step: 19
19:       x_0  x_1  x_2  y_0  y_1  y_2
2410    1    8    1    3    1    1
2411    1    8    1    3    1    2
2407    1    8    1    2    3    1
2408    1    8    1    2    3    2
2409    1    8    1    2    3    3           f_res
2410  17.584321
2411  21.238054
2407  43.585434
2408  46.654309
2409  48.354316
19: X_train und x_test:  [[5 4 4 1 1 2]
 [1 1 5 2 3 3]
 [4 4 6 1 2 2]
 [6 1 4 3 1 3]
 [6 7 8 2 3 2]
 [9 1 0 2 2 0]
 [9 2 0 2 2 0]
 [9 6 0 2 2 0]
 [9 7 0 2 2 0]
 [9 8 0 2 2 0]
 [5 9 1 1 3 1]
 [9 9 1 1 3 1]
 [5 9 1 3 3 1]
 [6 9 1 3 3 1]
 [9 9 1 3 3 1]
 [0 2 0 0 1 0]
 [1 7 0 3 1 0]
 [0 1 0 0 1 0]
 [0 8 0 0 1 0]
 [0 9 0 0 1 0]
 [0 1 3 0 2 2]
 [0 1 3 0 1 3]
 [0 1 3 0 1 1]
 [0 1 3 0 2 3]
 [0 1 2 0 3 3]
 [9 9 9 1 2 1]
 [9 9 9 2 1 1]
 [9 9 9 1 3 1]
 [9 9 9 1 2 3]
 [9 9 9 1 3 3]
 [0 1 3 0 3 2]
 [0 1 2 0 2 3]
 [0 1 3 0 3 3]
 [9 9 9 3 1 2]
 [9 9 9 3 1 3]
 [0 1 9 0 3 1]
 [0 1 9 0 2 2]
 [0 1 9 0 1 3]
 [0 1 9 0 2 3]
 [9 9 8 3 1 1]
 [0 3 2 0 1 2]
 [0 3 2 0 2 1]
 [0 3 2 0 1 3]
 [0 3 1 0 3 3]
 [0 3 1 0 3 2]
 [0 4 2 0 1 1]
 [0 4 2 0 1 2]
 [0 4 2 0 1 3]
 [0 4 1 0 3 3]
 [0 4 1 0 3 2]
 [0 5 2 0 1 3]
 [0 5 1 0 3 3]
 [0 5 1 0 2 3]
 [0 5 1 0 3 2]
 [0 5 1 0 3 1]
 [0 6 2 0 1 1]
 [0 6 2 0 1 2]
 [0 6 2 0 1 3]
 [0 6 2 0 2 1]
 [0 6 1 0 3 3]
 [1 1 2 1 1 3]
 [7 7 2 2 1 2]
 [1 1 1 1 1 3]
 [7 7 2 2 2 2]
 [7 7 2 2 2 1]
 [2 2 2 1 1 2]
 [2 2 2 1 1 3]
 [2 2 1 3 3 3]
 [2 2 2 1 2 2]
 [2 2 2 1 3 1]
 [1 2 5 1 1 1]
 [1 2 5 1 2 1]
 [1 2 5 1 2 2]
 [1 2 5 1 1 3]
 [1 2 5 1 3 1]
 [2 7 0 1 3 0]
 [9 9 9 1 1 2]
 [9 9 9 1 2 2]
 [9 9 7 3 3 2]
 [9 9 7 3 3 3]
 [1 4 0 2 1 0]
 [1 4 0 1 2 0]
 [1 4 0 1 3 0]
 [1 4 0 2 3 0]
 [1 4 0 3 1 0]
 [1 5 8 1 1 1]
 [1 5 8 1 1 2]
 [1 5 8 1 1 3]
 [1 5 7 3 3 2]
 [1 5 7 3 3 3]
 [1 6 3 1 1 2]
 [1 6 2 3 2 3]
 [1 6 3 1 1 3]
 [1 6 2 3 3 1]
 [1 6 2 3 3 3]
 [1 8 1 3 1 1]
 [1 8 1 3 1 2]
 [1 8 1 2 3 1]
 [1 8 1 2 3 2]
 [1 8 1 2 3 3]] [[ 27.6097675 ]
 [ 43.95174737]
 [778.92958132]
 [ 44.88110424]
 [103.44024814]
 [ 21.07538634]
 [ 23.1157412 ]
 [ 32.1670143 ]
 [ 35.93880556]
 [ 39.63149057]
 [ 51.70181113]
 [ 51.88984102]
 [ 63.95090452]
 [ 65.80331723]
 [ 68.6793147 ]
 [  3.58421987]
 [ 14.00835009]
 [  1.49798303]
 [ 10.71823617]
 [ 11.88458867]
 [ 17.5951426 ]
 [ 23.66844093]
 [  9.84978041]
 [ 24.45555786]
 [ 13.87471331]
 [ 57.51625051]
 [ 49.30441803]
 [ 75.66065055]
 [ 99.66085279]
 [106.28680988]
 [ 19.32090066]
 [ 14.67822036]
 [ 22.7963126 ]
 [ 83.19003366]
 [112.07706813]
 [ 35.39962717]
 [ 54.24264534]
 [ 67.53779948]
 [ 68.17724845]
 [ 54.64883053]
 [ 14.95852081]
 [ 16.13478382]
 [ 17.80283908]
 [ 20.48938628]
 [ 20.35475386]
 [ 11.38863129]
 [ 15.97063545]
 [ 18.92521412]
 [ 25.64736928]
 [ 25.17561716]
 [ 19.88883019]
 [ 30.38418577]
 [ 22.59408118]
 [ 29.51992306]
 [ 27.06655996]
 [ 12.63205698]
 [ 17.40376016]
 [ 20.6717448 ]
 [ 23.21834584]
 [ 35.18618415]
 [ 15.13641096]
 [ 32.89775463]
 [  6.97794835]
 [ 43.88526534]
 [ 38.92915459]
 [ 15.41691063]
 [ 18.17837266]
 [ 21.45047809]
 [ 17.80822917]
 [ 17.0565125 ]
 [ 15.4688925 ]
 [ 17.12192977]
 [ 30.39277417]
 [ 42.02707075]
 [ 19.13479583]
 [ 36.60354875]
 [ 67.54432395]
 [ 87.64148738]
 [115.58807209]
 [121.16659111]
 [ 10.84757829]
 [ 16.33822677]
 [ 21.28379369]
 [ 21.82292198]
 [ 11.72006926]
 [ 30.29301109]
 [ 54.63441392]
 [ 77.86455397]
 [ 78.7909067 ]
 [ 86.42365876]
 [ 24.03183811]
 [ 34.57903255]
 [ 30.25828382]
 [ 36.27652891]
 [ 43.53247659]
 [ 17.58432084]
 [ 21.23805363]
 [ 43.5854342 ]
 [ 46.65430923]
 [ 48.35431597]]
Query step: 20
20:       x_0  x_1  x_2  y_0  y_1  y_2
2632    1    9    1    2    1    2
2633    1    9    1    2    1    3
2634    1    9    1    2    2    1
2629    1    9    1    1    3    2
2630    1    9    1    1    3    3           f_res
2632  22.227328
2633  24.046684
2634  32.140517
2629  48.426714
2630  49.915766
20: X_train und x_test:  [[5 4 4 1 1 2]
 [1 1 5 2 3 3]
 [4 4 6 1 2 2]
 [6 1 4 3 1 3]
 [6 7 8 2 3 2]
 [9 1 0 2 2 0]
 [9 2 0 2 2 0]
 [9 6 0 2 2 0]
 [9 7 0 2 2 0]
 [9 8 0 2 2 0]
 [5 9 1 1 3 1]
 [9 9 1 1 3 1]
 [5 9 1 3 3 1]
 [6 9 1 3 3 1]
 [9 9 1 3 3 1]
 [0 2 0 0 1 0]
 [1 7 0 3 1 0]
 [0 1 0 0 1 0]
 [0 8 0 0 1 0]
 [0 9 0 0 1 0]
 [0 1 3 0 2 2]
 [0 1 3 0 1 3]
 [0 1 3 0 1 1]
 [0 1 3 0 2 3]
 [0 1 2 0 3 3]
 [9 9 9 1 2 1]
 [9 9 9 2 1 1]
 [9 9 9 1 3 1]
 [9 9 9 1 2 3]
 [9 9 9 1 3 3]
 [0 1 3 0 3 2]
 [0 1 2 0 2 3]
 [0 1 3 0 3 3]
 [9 9 9 3 1 2]
 [9 9 9 3 1 3]
 [0 1 9 0 3 1]
 [0 1 9 0 2 2]
 [0 1 9 0 1 3]
 [0 1 9 0 2 3]
 [9 9 8 3 1 1]
 [0 3 2 0 1 2]
 [0 3 2 0 2 1]
 [0 3 2 0 1 3]
 [0 3 1 0 3 3]
 [0 3 1 0 3 2]
 [0 4 2 0 1 1]
 [0 4 2 0 1 2]
 [0 4 2 0 1 3]
 [0 4 1 0 3 3]
 [0 4 1 0 3 2]
 [0 5 2 0 1 3]
 [0 5 1 0 3 3]
 [0 5 1 0 2 3]
 [0 5 1 0 3 2]
 [0 5 1 0 3 1]
 [0 6 2 0 1 1]
 [0 6 2 0 1 2]
 [0 6 2 0 1 3]
 [0 6 2 0 2 1]
 [0 6 1 0 3 3]
 [1 1 2 1 1 3]
 [7 7 2 2 1 2]
 [1 1 1 1 1 3]
 [7 7 2 2 2 2]
 [7 7 2 2 2 1]
 [2 2 2 1 1 2]
 [2 2 2 1 1 3]
 [2 2 1 3 3 3]
 [2 2 2 1 2 2]
 [2 2 2 1 3 1]
 [1 2 5 1 1 1]
 [1 2 5 1 2 1]
 [1 2 5 1 2 2]
 [1 2 5 1 1 3]
 [1 2 5 1 3 1]
 [2 7 0 1 3 0]
 [9 9 9 1 1 2]
 [9 9 9 1 2 2]
 [9 9 7 3 3 2]
 [9 9 7 3 3 3]
 [1 4 0 2 1 0]
 [1 4 0 1 2 0]
 [1 4 0 1 3 0]
 [1 4 0 2 3 0]
 [1 4 0 3 1 0]
 [1 5 8 1 1 1]
 [1 5 8 1 1 2]
 [1 5 8 1 1 3]
 [1 5 7 3 3 2]
 [1 5 7 3 3 3]
 [1 6 3 1 1 2]
 [1 6 2 3 2 3]
 [1 6 3 1 1 3]
 [1 6 2 3 3 1]
 [1 6 2 3 3 3]
 [1 8 1 3 1 1]
 [1 8 1 3 1 2]
 [1 8 1 2 3 1]
 [1 8 1 2 3 2]
 [1 8 1 2 3 3]
 [1 9 1 2 1 2]
 [1 9 1 2 1 3]
 [1 9 1 2 2 1]
 [1 9 1 1 3 2]
 [1 9 1 1 3 3]] [[ 27.6097675 ]
 [ 43.95174737]
 [778.92958132]
 [ 44.88110424]
 [103.44024814]
 [ 21.07538634]
 [ 23.1157412 ]
 [ 32.1670143 ]
 [ 35.93880556]
 [ 39.63149057]
 [ 51.70181113]
 [ 51.88984102]
 [ 63.95090452]
 [ 65.80331723]
 [ 68.6793147 ]
 [  3.58421987]
 [ 14.00835009]
 [  1.49798303]
 [ 10.71823617]
 [ 11.88458867]
 [ 17.5951426 ]
 [ 23.66844093]
 [  9.84978041]
 [ 24.45555786]
 [ 13.87471331]
 [ 57.51625051]
 [ 49.30441803]
 [ 75.66065055]
 [ 99.66085279]
 [106.28680988]
 [ 19.32090066]
 [ 14.67822036]
 [ 22.7963126 ]
 [ 83.19003366]
 [112.07706813]
 [ 35.39962717]
 [ 54.24264534]
 [ 67.53779948]
 [ 68.17724845]
 [ 54.64883053]
 [ 14.95852081]
 [ 16.13478382]
 [ 17.80283908]
 [ 20.48938628]
 [ 20.35475386]
 [ 11.38863129]
 [ 15.97063545]
 [ 18.92521412]
 [ 25.64736928]
 [ 25.17561716]
 [ 19.88883019]
 [ 30.38418577]
 [ 22.59408118]
 [ 29.51992306]
 [ 27.06655996]
 [ 12.63205698]
 [ 17.40376016]
 [ 20.6717448 ]
 [ 23.21834584]
 [ 35.18618415]
 [ 15.13641096]
 [ 32.89775463]
 [  6.97794835]
 [ 43.88526534]
 [ 38.92915459]
 [ 15.41691063]
 [ 18.17837266]
 [ 21.45047809]
 [ 17.80822917]
 [ 17.0565125 ]
 [ 15.4688925 ]
 [ 17.12192977]
 [ 30.39277417]
 [ 42.02707075]
 [ 19.13479583]
 [ 36.60354875]
 [ 67.54432395]
 [ 87.64148738]
 [115.58807209]
 [121.16659111]
 [ 10.84757829]
 [ 16.33822677]
 [ 21.28379369]
 [ 21.82292198]
 [ 11.72006926]
 [ 30.29301109]
 [ 54.63441392]
 [ 77.86455397]
 [ 78.7909067 ]
 [ 86.42365876]
 [ 24.03183811]
 [ 34.57903255]
 [ 30.25828382]
 [ 36.27652891]
 [ 43.53247659]
 [ 17.58432084]
 [ 21.23805363]
 [ 43.5854342 ]
 [ 46.65430923]
 [ 48.35431597]
 [ 22.22732841]
 [ 24.04668424]
 [ 32.14051669]
 [ 48.42671409]
 [ 49.91576596]]