(sim) C:\Users\Administrator\sim\ALinSim\src>uv run GP_active_learning_trc.py --random_state 46
Total valid pool combinations (paper-consistent): 21168 (should be 21168)
Valid pool count (paper-consistent): 21168, should be 21168
delta = 0.2156  (=0.5 * median NN distance in normalized space)
Pool after removing test points: 21068
Pool kept after distance filtering: 19225 / 21068
Query step: 0
step == 0 [4217, 1484, 10559, 9660, 17407]
0:        x_0  x_1  x_2  y_0  y_1  y_2
1484     1    4    2    3    3    1
4217     2    6    8    3    1    1
10559    5    8    6    1    1    2
17407    9    2    4    2    2    1
9660     5    4    5    2    2    2            f_res
1484   26.803706
4217   36.262041
10559  42.405291
17407  29.109478
9660   39.657403
0: X_train und x_test:  [[1 4 2 3 3 1]
 [2 6 8 3 1 1]
 [5 8 6 1 1 2]
 [9 2 4 2 2 1]
 [5 4 5 2 2 2]] [[26.80370579]
 [36.26204139]
 [42.40529137]
 [29.10947846]
 [39.65740275]]
Query step: 1
1:        x_0  x_1  x_2  y_0  y_1  y_2
16858    8    9    1    1    1    3
14774    7    9    1    2    1    3
10673    5    9    1    3    1    3
16877    8    9    1    3    2    3
19021    9    9    1    3    3    3            f_res
16858  30.132162
14774  37.436613
10673  41.396910
16877  59.086835
19021  75.102225
1: X_train und x_test:  [[1 4 2 3 3 1]
 [2 6 8 3 1 1]
 [5 8 6 1 1 2]
 [9 2 4 2 2 1]
 [5 4 5 2 2 2]
 [8 9 1 1 1 3]
 [7 9 1 2 1 3]
 [5 9 1 3 1 3]
 [8 9 1 3 2 3]
 [9 9 1 3 3 3]] [[26.80370579]
 [36.26204139]
 [42.40529137]
 [29.10947846]
 [39.65740275]
 [30.13216229]
 [37.43661332]
 [41.3969103 ]
 [59.08683485]
 [75.10222507]]
Query step: 2
2:     x_0  x_1  x_2  y_0  y_1  y_2
79    0    2    0    0    1    0
21    0    1    3    0    1    1
32    0    1    4    0    1    3
40    0    1    5    0    1    3
23    0    1    3    0    1    3         f_res
79   3.584220
21   9.849780
32  30.873160
40  41.023166
23  23.668441
2: X_train und x_test:  [[1 4 2 3 3 1]
 [2 6 8 3 1 1]
 [5 8 6 1 1 2]
 [9 2 4 2 2 1]
 [5 4 5 2 2 2]
 [8 9 1 1 1 3]
 [7 9 1 2 1 3]
 [5 9 1 3 1 3]
 [8 9 1 3 2 3]
 [9 9 1 3 3 3]
 [0 2 0 0 1 0]
 [0 1 3 0 1 1]
 [0 1 4 0 1 3]
 [0 1 5 0 1 3]
 [0 1 3 0 1 3]] [[26.80370579]
 [36.26204139]
 [42.40529137]
 [29.10947846]
 [39.65740275]
 [30.13216229]
 [37.43661332]
 [41.3969103 ]
 [59.08683485]
 [75.10222507]
 [ 3.58421987]
 [ 9.84978041]
 [30.87315998]
 [41.02316639]
 [23.66844093]]
Query step: 3
3:      x_0  x_1  x_2  y_0  y_1  y_2
68     0    1    8    0    3    1
144    0    2    8    0    3    1
545    0    7    8    0    3    1
623    0    8    8    0    3    1
701    0    9    8    0    3    1          f_res
68   34.227262
144  73.569535
545  56.989776
623  61.559280
701  64.183354
3: X_train und x_test:  [[1 4 2 3 3 1]
 [2 6 8 3 1 1]
 [5 8 6 1 1 2]
 [9 2 4 2 2 1]
 [5 4 5 2 2 2]
 [8 9 1 1 1 3]
 [7 9 1 2 1 3]
 [5 9 1 3 1 3]
 [8 9 1 3 2 3]
 [9 9 1 3 3 3]
 [0 2 0 0 1 0]
 [0 1 3 0 1 1]
 [0 1 4 0 1 3]
 [0 1 5 0 1 3]
 [0 1 3 0 1 3]
 [0 1 8 0 3 1]
 [0 2 8 0 3 1]
 [0 7 8 0 3 1]
 [0 8 8 0 3 1]
 [0 9 8 0 3 1]] [[26.80370579]
 [36.26204139]
 [42.40529137]
 [29.10947846]
 [39.65740275]
 [30.13216229]
 [37.43661332]
 [41.3969103 ]
 [59.08683485]
 [75.10222507]
 [ 3.58421987]
 [ 9.84978041]
 [30.87315998]
 [41.02316639]
 [23.66844093]
 [34.22726168]
 [73.56953469]
 [56.98977597]
 [61.55927987]
 [64.18335352]]
Query step: 4
4:        x_0  x_1  x_2  y_0  y_1  y_2
14054    7    5    9    3    2    1
14057    7    5    9    3    3    1
14055    7    5    9    3    2    2
14053    7    5    9    3    1    3
14056    7    5    9    3    2    3             f_res
14054   57.187634
14057   68.010695
14055   94.117878
14053  107.191418
14056  109.801721
4: X_train und x_test:  [[1 4 2 3 3 1]
 [2 6 8 3 1 1]
 [5 8 6 1 1 2]
 [9 2 4 2 2 1]
 [5 4 5 2 2 2]
 [8 9 1 1 1 3]
 [7 9 1 2 1 3]
 [5 9 1 3 1 3]
 [8 9 1 3 2 3]
 [9 9 1 3 3 3]
 [0 2 0 0 1 0]
 [0 1 3 0 1 1]
 [0 1 4 0 1 3]
 [0 1 5 0 1 3]
 [0 1 3 0 1 3]
 [0 1 8 0 3 1]
 [0 2 8 0 3 1]
 [0 7 8 0 3 1]
 [0 8 8 0 3 1]
 [0 9 8 0 3 1]
 [7 5 9 3 2 1]
 [7 5 9 3 3 1]
 [7 5 9 3 2 2]
 [7 5 9 3 1 3]
 [7 5 9 3 2 3]] [[ 26.80370579]
 [ 36.26204139]
 [ 42.40529137]
 [ 29.10947846]
 [ 39.65740275]
 [ 30.13216229]
 [ 37.43661332]
 [ 41.3969103 ]
 [ 59.08683485]
 [ 75.10222507]
 [  3.58421987]
 [  9.84978041]
 [ 30.87315998]
 [ 41.02316639]
 [ 23.66844093]
 [ 34.22726168]
 [ 73.56953469]
 [ 56.98977597]
 [ 61.55927987]
 [ 64.18335352]
 [ 57.18763393]
 [ 68.01069475]
 [ 94.11787809]
 [107.19141782]
 [109.80172091]]
Query step: 5
5:        x_0  x_1  x_2  y_0  y_1  y_2
12906    7    1    0    1    2    0
14992    8    1    0    1    2    0
6954     4    1    0    1    3    0
8906     5    1    0    1    3    0
17078    9    1    0    1    2    0            f_res
12906  11.747602
14992  12.520565
6954   10.121861
8906   11.020154
17078  43.831584
5: X_train und x_test:  [[1 4 2 3 3 1]
 [2 6 8 3 1 1]
 [5 8 6 1 1 2]
 [9 2 4 2 2 1]
 [5 4 5 2 2 2]
 [8 9 1 1 1 3]
 [7 9 1 2 1 3]
 [5 9 1 3 1 3]
 [8 9 1 3 2 3]
 [9 9 1 3 3 3]
 [0 2 0 0 1 0]
 [0 1 3 0 1 1]
 [0 1 4 0 1 3]
 [0 1 5 0 1 3]
 [0 1 3 0 1 3]
 [0 1 8 0 3 1]
 [0 2 8 0 3 1]
 [0 7 8 0 3 1]
 [0 8 8 0 3 1]
 [0 9 8 0 3 1]
 [7 5 9 3 2 1]
 [7 5 9 3 3 1]
 [7 5 9 3 2 2]
 [7 5 9 3 1 3]
 [7 5 9 3 2 3]
 [7 1 0 1 2 0]
 [8 1 0 1 2 0]
 [4 1 0 1 3 0]
 [5 1 0 1 3 0]
 [9 1 0 1 2 0]] [[ 26.80370579]
 [ 36.26204139]
 [ 42.40529137]
 [ 29.10947846]
 [ 39.65740275]
 [ 30.13216229]
 [ 37.43661332]
 [ 41.3969103 ]
 [ 59.08683485]
 [ 75.10222507]
 [  3.58421987]
 [  9.84978041]
 [ 30.87315998]
 [ 41.02316639]
 [ 23.66844093]
 [ 34.22726168]
 [ 73.56953469]
 [ 56.98977597]
 [ 61.55927987]
 [ 64.18335352]
 [ 57.18763393]
 [ 68.01069475]
 [ 94.11787809]
 [107.19141782]
 [109.80172091]
 [ 11.74760196]
 [ 12.52056464]
 [ 10.12186087]
 [ 11.02015398]
 [ 43.83158372]]
Query step: 6
6:       x_0  x_1  x_2  y_0  y_1  y_2
2640    1    9    1    2    2    1
2642    1    9    1    2    2    3
2848    1    9    9    2    2    1
2824    1    9    8    2    3    1
2849    1    9    9    2    2    3           f_res
2640  32.140517
2642  37.448419
2848  52.465166
2824  67.174531
2849  93.903138
6: X_train und x_test:  [[1 4 2 3 3 1]
 [2 6 8 3 1 1]
 [5 8 6 1 1 2]
 [9 2 4 2 2 1]
 [5 4 5 2 2 2]
 [8 9 1 1 1 3]
 [7 9 1 2 1 3]
 [5 9 1 3 1 3]
 [8 9 1 3 2 3]
 [9 9 1 3 3 3]
 [0 2 0 0 1 0]
 [0 1 3 0 1 1]
 [0 1 4 0 1 3]
 [0 1 5 0 1 3]
 [0 1 3 0 1 3]
 [0 1 8 0 3 1]
 [0 2 8 0 3 1]
 [0 7 8 0 3 1]
 [0 8 8 0 3 1]
 [0 9 8 0 3 1]
 [7 5 9 3 2 1]
 [7 5 9 3 3 1]
 [7 5 9 3 2 2]
 [7 5 9 3 1 3]
 [7 5 9 3 2 3]
 [7 1 0 1 2 0]
 [8 1 0 1 2 0]
 [4 1 0 1 3 0]
 [5 1 0 1 3 0]
 [9 1 0 1 2 0]
 [1 9 1 2 2 1]
 [1 9 1 2 2 3]
 [1 9 9 2 2 1]
 [1 9 8 2 3 1]
 [1 9 9 2 2 3]] [[ 26.80370579]
 [ 36.26204139]
 [ 42.40529137]
 [ 29.10947846]
 [ 39.65740275]
 [ 30.13216229]
 [ 37.43661332]
 [ 41.3969103 ]
 [ 59.08683485]
 [ 75.10222507]
 [  3.58421987]
 [  9.84978041]
 [ 30.87315998]
 [ 41.02316639]
 [ 23.66844093]
 [ 34.22726168]
 [ 73.56953469]
 [ 56.98977597]
 [ 61.55927987]
 [ 64.18335352]
 [ 57.18763393]
 [ 68.01069475]
 [ 94.11787809]
 [107.19141782]
 [109.80172091]
 [ 11.74760196]
 [ 12.52056464]
 [ 10.12186087]
 [ 11.02015398]
 [ 43.83158372]
 [ 32.14051669]
 [ 37.44841947]
 [ 52.46516643]
 [ 67.17453084]
 [ 93.90313812]]
Query step: 7
7:      x_0  x_1  x_2  y_0  y_1  y_2
938    1    1    9    2    2    1
935    1    1    9    2    1    1
940    1    1    9    2    2    3
937    1    1    9    2    1    3
943    1    1    9    2    3    3          f_res
938  31.532446
935  23.512332
940  73.166615
937  73.208068
943  70.064158
7: X_train und x_test:  [[1 4 2 3 3 1]
 [2 6 8 3 1 1]
 [5 8 6 1 1 2]
 [9 2 4 2 2 1]
 [5 4 5 2 2 2]
 [8 9 1 1 1 3]
 [7 9 1 2 1 3]
 [5 9 1 3 1 3]
 [8 9 1 3 2 3]
 [9 9 1 3 3 3]
 [0 2 0 0 1 0]
 [0 1 3 0 1 1]
 [0 1 4 0 1 3]
 [0 1 5 0 1 3]
 [0 1 3 0 1 3]
 [0 1 8 0 3 1]
 [0 2 8 0 3 1]
 [0 7 8 0 3 1]
 [0 8 8 0 3 1]
 [0 9 8 0 3 1]
 [7 5 9 3 2 1]
 [7 5 9 3 3 1]
 [7 5 9 3 2 2]
 [7 5 9 3 1 3]
 [7 5 9 3 2 3]
 [7 1 0 1 2 0]
 [8 1 0 1 2 0]
 [4 1 0 1 3 0]
 [5 1 0 1 3 0]
 [9 1 0 1 2 0]
 [1 9 1 2 2 1]
 [1 9 1 2 2 3]
 [1 9 9 2 2 1]
 [1 9 8 2 3 1]
 [1 9 9 2 2 3]
 [1 1 9 2 2 1]
 [1 1 9 2 1 1]
 [1 1 9 2 2 3]
 [1 1 9 2 1 3]
 [1 1 9 2 3 3]] [[ 26.80370579]
 [ 36.26204139]
 [ 42.40529137]
 [ 29.10947846]
 [ 39.65740275]
 [ 30.13216229]
 [ 37.43661332]
 [ 41.3969103 ]
 [ 59.08683485]
 [ 75.10222507]
 [  3.58421987]
 [  9.84978041]
 [ 30.87315998]
 [ 41.02316639]
 [ 23.66844093]
 [ 34.22726168]
 [ 73.56953469]
 [ 56.98977597]
 [ 61.55927987]
 [ 64.18335352]
 [ 57.18763393]
 [ 68.01069475]
 [ 94.11787809]
 [107.19141782]
 [109.80172091]
 [ 11.74760196]
 [ 12.52056464]
 [ 10.12186087]
 [ 11.02015398]
 [ 43.83158372]
 [ 32.14051669]
 [ 37.44841947]
 [ 52.46516643]
 [ 67.17453084]
 [ 93.90313812]
 [ 31.53244645]
 [ 23.51233152]
 [ 73.16661536]
 [ 73.20806796]
 [ 70.0641575 ]]
Query step: 8
8:       x_0  x_1  x_2  y_0  y_1  y_2
2144    1    7    0    1    1    0
2146    1    7    0    1    3    0
1646    1    4    9    1    2    3
1649    1    4    9    1    3    3
1865    1    5    8    1    3    3           f_res
2144  88.467560
2146  35.232206
1646  86.785050
1649  90.023763
1865  90.782525
8: X_train und x_test:  [[1 4 2 3 3 1]
 [2 6 8 3 1 1]
 [5 8 6 1 1 2]
 [9 2 4 2 2 1]
 [5 4 5 2 2 2]
 [8 9 1 1 1 3]
 [7 9 1 2 1 3]
 [5 9 1 3 1 3]
 [8 9 1 3 2 3]
 [9 9 1 3 3 3]
 [0 2 0 0 1 0]
 [0 1 3 0 1 1]
 [0 1 4 0 1 3]
 [0 1 5 0 1 3]
 [0 1 3 0 1 3]
 [0 1 8 0 3 1]
 [0 2 8 0 3 1]
 [0 7 8 0 3 1]
 [0 8 8 0 3 1]
 [0 9 8 0 3 1]
 [7 5 9 3 2 1]
 [7 5 9 3 3 1]
 [7 5 9 3 2 2]
 [7 5 9 3 1 3]
 [7 5 9 3 2 3]
 [7 1 0 1 2 0]
 [8 1 0 1 2 0]
 [4 1 0 1 3 0]
 [5 1 0 1 3 0]
 [9 1 0 1 2 0]
 [1 9 1 2 2 1]
 [1 9 1 2 2 3]
 [1 9 9 2 2 1]
 [1 9 8 2 3 1]
 [1 9 9 2 2 3]
 [1 1 9 2 2 1]
 [1 1 9 2 1 1]
 [1 1 9 2 2 3]
 [1 1 9 2 1 3]
 [1 1 9 2 3 3]
 [1 7 0 1 1 0]
 [1 7 0 1 3 0]
 [1 4 9 1 2 3]
 [1 4 9 1 3 3]
 [1 5 8 1 3 3]] [[ 26.80370579]
 [ 36.26204139]
 [ 42.40529137]
 [ 29.10947846]
 [ 39.65740275]
 [ 30.13216229]
 [ 37.43661332]
 [ 41.3969103 ]
 [ 59.08683485]
 [ 75.10222507]
 [  3.58421987]
 [  9.84978041]
 [ 30.87315998]
 [ 41.02316639]
 [ 23.66844093]
 [ 34.22726168]
 [ 73.56953469]
 [ 56.98977597]
 [ 61.55927987]
 [ 64.18335352]
 [ 57.18763393]
 [ 68.01069475]
 [ 94.11787809]
 [107.19141782]
 [109.80172091]
 [ 11.74760196]
 [ 12.52056464]
 [ 10.12186087]
 [ 11.02015398]
 [ 43.83158372]
 [ 32.14051669]
 [ 37.44841947]
 [ 52.46516643]
 [ 67.17453084]
 [ 93.90313812]
 [ 31.53244645]
 [ 23.51233152]
 [ 73.16661536]
 [ 73.20806796]
 [ 70.0641575 ]
 [ 88.46756001]
 [ 35.23220645]
 [ 86.7850504 ]
 [ 90.02376266]
 [ 90.78252472]]
Query step: 9
9:       x_0  x_1  x_2  y_0  y_1  y_2
8911    5    1    0    3    2    0
7007    4    1    2    3    2    3
7010    4    1    2    3    3    3
7031    4    1    3    3    2    3
7054    4    1    4    3    1    3           f_res
8911  18.518592
7007  26.974411
7010  27.328290
7031  33.666961
7054  39.830995
9: X_train und x_test:  [[1 4 2 3 3 1]
 [2 6 8 3 1 1]
 [5 8 6 1 1 2]
 [9 2 4 2 2 1]
 [5 4 5 2 2 2]
 [8 9 1 1 1 3]
 [7 9 1 2 1 3]
 [5 9 1 3 1 3]
 [8 9 1 3 2 3]
 [9 9 1 3 3 3]
 [0 2 0 0 1 0]
 [0 1 3 0 1 1]
 [0 1 4 0 1 3]
 [0 1 5 0 1 3]
 [0 1 3 0 1 3]
 [0 1 8 0 3 1]
 [0 2 8 0 3 1]
 [0 7 8 0 3 1]
 [0 8 8 0 3 1]
 [0 9 8 0 3 1]
 [7 5 9 3 2 1]
 [7 5 9 3 3 1]
 [7 5 9 3 2 2]
 [7 5 9 3 1 3]
 [7 5 9 3 2 3]
 [7 1 0 1 2 0]
 [8 1 0 1 2 0]
 [4 1 0 1 3 0]
 [5 1 0 1 3 0]
 [9 1 0 1 2 0]
 [1 9 1 2 2 1]
 [1 9 1 2 2 3]
 [1 9 9 2 2 1]
 [1 9 8 2 3 1]
 [1 9 9 2 2 3]
 [1 1 9 2 2 1]
 [1 1 9 2 1 1]
 [1 1 9 2 2 3]
 [1 1 9 2 1 3]
 [1 1 9 2 3 3]
 [1 7 0 1 1 0]
 [1 7 0 1 3 0]
 [1 4 9 1 2 3]
 [1 4 9 1 3 3]
 [1 5 8 1 3 3]
 [5 1 0 3 2 0]
 [4 1 2 3 2 3]
 [4 1 2 3 3 3]
 [4 1 3 3 2 3]
 [4 1 4 3 1 3]] [[ 26.80370579]
 [ 36.26204139]
 [ 42.40529137]
 [ 29.10947846]
 [ 39.65740275]
 [ 30.13216229]
 [ 37.43661332]
 [ 41.3969103 ]
 [ 59.08683485]
 [ 75.10222507]
 [  3.58421987]
 [  9.84978041]
 [ 30.87315998]
 [ 41.02316639]
 [ 23.66844093]
 [ 34.22726168]
 [ 73.56953469]
 [ 56.98977597]
 [ 61.55927987]
 [ 64.18335352]
 [ 57.18763393]
 [ 68.01069475]
 [ 94.11787809]
 [107.19141782]
 [109.80172091]
 [ 11.74760196]
 [ 12.52056464]
 [ 10.12186087]
 [ 11.02015398]
 [ 43.83158372]
 [ 32.14051669]
 [ 37.44841947]
 [ 52.46516643]
 [ 67.17453084]
 [ 93.90313812]
 [ 31.53244645]
 [ 23.51233152]
 [ 73.16661536]
 [ 73.20806796]
 [ 70.0641575 ]
 [ 88.46756001]
 [ 35.23220645]
 [ 86.7850504 ]
 [ 90.02376266]
 [ 90.78252472]
 [ 18.51859239]
 [ 26.97441063]
 [ 27.32828995]
 [ 33.66696109]
 [ 39.83099549]]
Query step: 10
10:        x_0  x_1  x_2  y_0  y_1  y_2
17105    9    1    1    3    2    1
17129    9    1    2    3    1    3
17134    9    1    2    3    3    2
17132    9    1    2    3    2    3
17135    9    1    2    3    3    3            f_res
17105  30.733148
17129  41.456301
17134  41.551737
17132  43.252149
17135  44.868527
10: X_train und x_test:  [[1 4 2 3 3 1]
 [2 6 8 3 1 1]
 [5 8 6 1 1 2]
 [9 2 4 2 2 1]
 [5 4 5 2 2 2]
 [8 9 1 1 1 3]
 [7 9 1 2 1 3]
 [5 9 1 3 1 3]
 [8 9 1 3 2 3]
 [9 9 1 3 3 3]
 [0 2 0 0 1 0]
 [0 1 3 0 1 1]
 [0 1 4 0 1 3]
 [0 1 5 0 1 3]
 [0 1 3 0 1 3]
 [0 1 8 0 3 1]
 [0 2 8 0 3 1]
 [0 7 8 0 3 1]
 [0 8 8 0 3 1]
 [0 9 8 0 3 1]
 [7 5 9 3 2 1]
 [7 5 9 3 3 1]
 [7 5 9 3 2 2]
 [7 5 9 3 1 3]
 [7 5 9 3 2 3]
 [7 1 0 1 2 0]
 [8 1 0 1 2 0]
 [4 1 0 1 3 0]
 [5 1 0 1 3 0]
 [9 1 0 1 2 0]
 [1 9 1 2 2 1]
 [1 9 1 2 2 3]
 [1 9 9 2 2 1]
 [1 9 8 2 3 1]
 [1 9 9 2 2 3]
 [1 1 9 2 2 1]
 [1 1 9 2 1 1]
 [1 1 9 2 2 3]
 [1 1 9 2 1 3]
 [1 1 9 2 3 3]
 [1 7 0 1 1 0]
 [1 7 0 1 3 0]
 [1 4 9 1 2 3]
 [1 4 9 1 3 3]
 [1 5 8 1 3 3]
 [5 1 0 3 2 0]
 [4 1 2 3 2 3]
 [4 1 2 3 3 3]
 [4 1 3 3 2 3]
 [4 1 4 3 1 3]
 [9 1 1 3 2 1]
 [9 1 2 3 1 3]
 [9 1 2 3 3 2]
 [9 1 2 3 2 3]
 [9 1 2 3 3 3]] [[ 26.80370579]
 [ 36.26204139]
 [ 42.40529137]
 [ 29.10947846]
 [ 39.65740275]
 [ 30.13216229]
 [ 37.43661332]
 [ 41.3969103 ]
 [ 59.08683485]
 [ 75.10222507]
 [  3.58421987]
 [  9.84978041]
 [ 30.87315998]
 [ 41.02316639]
 [ 23.66844093]
 [ 34.22726168]
 [ 73.56953469]
 [ 56.98977597]
 [ 61.55927987]
 [ 64.18335352]
 [ 57.18763393]
 [ 68.01069475]
 [ 94.11787809]
 [107.19141782]
 [109.80172091]
 [ 11.74760196]
 [ 12.52056464]
 [ 10.12186087]
 [ 11.02015398]
 [ 43.83158372]
 [ 32.14051669]
 [ 37.44841947]
 [ 52.46516643]
 [ 67.17453084]
 [ 93.90313812]
 [ 31.53244645]
 [ 23.51233152]
 [ 73.16661536]
 [ 73.20806796]
 [ 70.0641575 ]
 [ 88.46756001]
 [ 35.23220645]
 [ 86.7850504 ]
 [ 90.02376266]
 [ 90.78252472]
 [ 18.51859239]
 [ 26.97441063]
 [ 27.32828995]
 [ 33.66696109]
 [ 39.83099549]
 [ 30.73314846]
 [ 41.45630102]
 [ 41.55173733]
 [ 43.25214915]
 [ 44.86852701]]
Query step: 11
11:        x_0  x_1  x_2  y_0  y_1  y_2
18253    9    5    9    1    3    1
18249    9    5    9    1    1    3
17985    9    4    8    1    2    3
15878    8    4    8    1    3    3
18252    9    5    9    1    2    3            f_res
18253  58.929906
18249  88.735459
17985  86.882339
15878  88.200661
18252  94.272323
11: X_train und x_test:  [[1 4 2 3 3 1]
 [2 6 8 3 1 1]
 [5 8 6 1 1 2]
 [9 2 4 2 2 1]
 [5 4 5 2 2 2]
 [8 9 1 1 1 3]
 [7 9 1 2 1 3]
 [5 9 1 3 1 3]
 [8 9 1 3 2 3]
 [9 9 1 3 3 3]
 [0 2 0 0 1 0]
 [0 1 3 0 1 1]
 [0 1 4 0 1 3]
 [0 1 5 0 1 3]
 [0 1 3 0 1 3]
 [0 1 8 0 3 1]
 [0 2 8 0 3 1]
 [0 7 8 0 3 1]
 [0 8 8 0 3 1]
 [0 9 8 0 3 1]
 [7 5 9 3 2 1]
 [7 5 9 3 3 1]
 [7 5 9 3 2 2]
 [7 5 9 3 1 3]
 [7 5 9 3 2 3]
 [7 1 0 1 2 0]
 [8 1 0 1 2 0]
 [4 1 0 1 3 0]
 [5 1 0 1 3 0]
 [9 1 0 1 2 0]
 [1 9 1 2 2 1]
 [1 9 1 2 2 3]
 [1 9 9 2 2 1]
 [1 9 8 2 3 1]
 [1 9 9 2 2 3]
 [1 1 9 2 2 1]
 [1 1 9 2 1 1]
 [1 1 9 2 2 3]
 [1 1 9 2 1 3]
 [1 1 9 2 3 3]
 [1 7 0 1 1 0]
 [1 7 0 1 3 0]
 [1 4 9 1 2 3]
 [1 4 9 1 3 3]
 [1 5 8 1 3 3]
 [5 1 0 3 2 0]
 [4 1 2 3 2 3]
 [4 1 2 3 3 3]
 [4 1 3 3 2 3]
 [4 1 4 3 1 3]
 [9 1 1 3 2 1]
 [9 1 2 3 1 3]
 [9 1 2 3 3 2]
 [9 1 2 3 2 3]
 [9 1 2 3 3 3]
 [9 5 9 1 3 1]
 [9 5 9 1 1 3]
 [9 4 8 1 2 3]
 [8 4 8 1 3 3]
 [9 5 9 1 2 3]] [[ 26.80370579]
 [ 36.26204139]
 [ 42.40529137]
 [ 29.10947846]
 [ 39.65740275]
 [ 30.13216229]
 [ 37.43661332]
 [ 41.3969103 ]
 [ 59.08683485]
 [ 75.10222507]
 [  3.58421987]
 [  9.84978041]
 [ 30.87315998]
 [ 41.02316639]
 [ 23.66844093]
 [ 34.22726168]
 [ 73.56953469]
 [ 56.98977597]
 [ 61.55927987]
 [ 64.18335352]
 [ 57.18763393]
 [ 68.01069475]
 [ 94.11787809]
 [107.19141782]
 [109.80172091]
 [ 11.74760196]
 [ 12.52056464]
 [ 10.12186087]
 [ 11.02015398]
 [ 43.83158372]
 [ 32.14051669]
 [ 37.44841947]
 [ 52.46516643]
 [ 67.17453084]
 [ 93.90313812]
 [ 31.53244645]
 [ 23.51233152]
 [ 73.16661536]
 [ 73.20806796]
 [ 70.0641575 ]
 [ 88.46756001]
 [ 35.23220645]
 [ 86.7850504 ]
 [ 90.02376266]
 [ 90.78252472]
 [ 18.51859239]
 [ 26.97441063]
 [ 27.32828995]
 [ 33.66696109]
 [ 39.83099549]
 [ 30.73314846]
 [ 41.45630102]
 [ 41.55173733]
 [ 43.25214915]
 [ 44.86852701]
 [ 58.92990596]
 [ 88.73545856]
 [ 86.88233886]
 [ 88.20066126]
 [ 94.27232257]]
Query step: 12
12:      x_0  x_1  x_2  y_0  y_1  y_2
168    0    3    2    0    1    2
169    0    3    2    0    1    3
165    0    3    1    0    3    2
166    0    3    1    0    3    3
164    0    3    1    0    3    1          f_res
168  14.958521
169  17.802839
165  20.354754
166  20.489386
164  19.005297
12: X_train und x_test:  [[1 4 2 3 3 1]
 [2 6 8 3 1 1]
 [5 8 6 1 1 2]
 [9 2 4 2 2 1]
 [5 4 5 2 2 2]
 [8 9 1 1 1 3]
 [7 9 1 2 1 3]
 [5 9 1 3 1 3]
 [8 9 1 3 2 3]
 [9 9 1 3 3 3]
 [0 2 0 0 1 0]
 [0 1 3 0 1 1]
 [0 1 4 0 1 3]
 [0 1 5 0 1 3]
 [0 1 3 0 1 3]
 [0 1 8 0 3 1]
 [0 2 8 0 3 1]
 [0 7 8 0 3 1]
 [0 8 8 0 3 1]
 [0 9 8 0 3 1]
 [7 5 9 3 2 1]
 [7 5 9 3 3 1]
 [7 5 9 3 2 2]
 [7 5 9 3 1 3]
 [7 5 9 3 2 3]
 [7 1 0 1 2 0]
 [8 1 0 1 2 0]
 [4 1 0 1 3 0]
 [5 1 0 1 3 0]
 [9 1 0 1 2 0]
 [1 9 1 2 2 1]
 [1 9 1 2 2 3]
 [1 9 9 2 2 1]
 [1 9 8 2 3 1]
 [1 9 9 2 2 3]
 [1 1 9 2 2 1]
 [1 1 9 2 1 1]
 [1 1 9 2 2 3]
 [1 1 9 2 1 3]
 [1 1 9 2 3 3]
 [1 7 0 1 1 0]
 [1 7 0 1 3 0]
 [1 4 9 1 2 3]
 [1 4 9 1 3 3]
 [1 5 8 1 3 3]
 [5 1 0 3 2 0]
 [4 1 2 3 2 3]
 [4 1 2 3 3 3]
 [4 1 3 3 2 3]
 [4 1 4 3 1 3]
 [9 1 1 3 2 1]
 [9 1 2 3 1 3]
 [9 1 2 3 3 2]
 [9 1 2 3 2 3]
 [9 1 2 3 3 3]
 [9 5 9 1 3 1]
 [9 5 9 1 1 3]
 [9 4 8 1 2 3]
 [8 4 8 1 3 3]
 [9 5 9 1 2 3]
 [0 3 2 0 1 2]
 [0 3 2 0 1 3]
 [0 3 1 0 3 2]
 [0 3 1 0 3 3]
 [0 3 1 0 3 1]] [[ 26.80370579]
 [ 36.26204139]
 [ 42.40529137]
 [ 29.10947846]
 [ 39.65740275]
 [ 30.13216229]
 [ 37.43661332]
 [ 41.3969103 ]
 [ 59.08683485]
 [ 75.10222507]
 [  3.58421987]
 [  9.84978041]
 [ 30.87315998]
 [ 41.02316639]
 [ 23.66844093]
 [ 34.22726168]
 [ 73.56953469]
 [ 56.98977597]
 [ 61.55927987]
 [ 64.18335352]
 [ 57.18763393]
 [ 68.01069475]
 [ 94.11787809]
 [107.19141782]
 [109.80172091]
 [ 11.74760196]
 [ 12.52056464]
 [ 10.12186087]
 [ 11.02015398]
 [ 43.83158372]
 [ 32.14051669]
 [ 37.44841947]
 [ 52.46516643]
 [ 67.17453084]
 [ 93.90313812]
 [ 31.53244645]
 [ 23.51233152]
 [ 73.16661536]
 [ 73.20806796]
 [ 70.0641575 ]
 [ 88.46756001]
 [ 35.23220645]
 [ 86.7850504 ]
 [ 90.02376266]
 [ 90.78252472]
 [ 18.51859239]
 [ 26.97441063]
 [ 27.32828995]
 [ 33.66696109]
 [ 39.83099549]
 [ 30.73314846]
 [ 41.45630102]
 [ 41.55173733]
 [ 43.25214915]
 [ 44.86852701]
 [ 58.92990596]
 [ 88.73545856]
 [ 86.88233886]
 [ 88.20066126]
 [ 94.27232257]
 [ 14.95852081]
 [ 17.80283908]
 [ 20.35475386]
 [ 20.48938628]
 [ 19.00529679]]
Query step: 13
13:        x_0  x_1  x_2  y_0  y_1  y_2
9992     5    6    0    2    2    0
4018     2    6    0    2    1    0
10648    5    9    0    2    2    0
9993     5    6    0    2    3    0
10649    5    9    0    2    3    0            f_res
9992   29.777408
4018   17.556444
10648  41.727897
9993   36.683312
10649  55.578896
13: X_train und x_test:  [[1 4 2 3 3 1]
 [2 6 8 3 1 1]
 [5 8 6 1 1 2]
 [9 2 4 2 2 1]
 [5 4 5 2 2 2]
 [8 9 1 1 1 3]
 [7 9 1 2 1 3]
 [5 9 1 3 1 3]
 [8 9 1 3 2 3]
 [9 9 1 3 3 3]
 [0 2 0 0 1 0]
 [0 1 3 0 1 1]
 [0 1 4 0 1 3]
 [0 1 5 0 1 3]
 [0 1 3 0 1 3]
 [0 1 8 0 3 1]
 [0 2 8 0 3 1]
 [0 7 8 0 3 1]
 [0 8 8 0 3 1]
 [0 9 8 0 3 1]
 [7 5 9 3 2 1]
 [7 5 9 3 3 1]
 [7 5 9 3 2 2]
 [7 5 9 3 1 3]
 [7 5 9 3 2 3]
 [7 1 0 1 2 0]
 [8 1 0 1 2 0]
 [4 1 0 1 3 0]
 [5 1 0 1 3 0]
 [9 1 0 1 2 0]
 [1 9 1 2 2 1]
 [1 9 1 2 2 3]
 [1 9 9 2 2 1]
 [1 9 8 2 3 1]
 [1 9 9 2 2 3]
 [1 1 9 2 2 1]
 [1 1 9 2 1 1]
 [1 1 9 2 2 3]
 [1 1 9 2 1 3]
 [1 1 9 2 3 3]
 [1 7 0 1 1 0]
 [1 7 0 1 3 0]
 [1 4 9 1 2 3]
 [1 4 9 1 3 3]
 [1 5 8 1 3 3]
 [5 1 0 3 2 0]
 [4 1 2 3 2 3]
 [4 1 2 3 3 3]
 [4 1 3 3 2 3]
 [4 1 4 3 1 3]
 [9 1 1 3 2 1]
 [9 1 2 3 1 3]
 [9 1 2 3 3 2]
 [9 1 2 3 2 3]
 [9 1 2 3 3 3]
 [9 5 9 1 3 1]
 [9 5 9 1 1 3]
 [9 4 8 1 2 3]
 [8 4 8 1 3 3]
 [9 5 9 1 2 3]
 [0 3 2 0 1 2]
 [0 3 2 0 1 3]
 [0 3 1 0 3 2]
 [0 3 1 0 3 3]
 [0 3 1 0 3 1]
 [5 6 0 2 2 0]
 [2 6 0 2 1 0]
 [5 9 0 2 2 0]
 [5 6 0 2 3 0]
 [5 9 0 2 3 0]] [[ 26.80370579]
 [ 36.26204139]
 [ 42.40529137]
 [ 29.10947846]
 [ 39.65740275]
 [ 30.13216229]
 [ 37.43661332]
 [ 41.3969103 ]
 [ 59.08683485]
 [ 75.10222507]
 [  3.58421987]
 [  9.84978041]
 [ 30.87315998]
 [ 41.02316639]
 [ 23.66844093]
 [ 34.22726168]
 [ 73.56953469]
 [ 56.98977597]
 [ 61.55927987]
 [ 64.18335352]
 [ 57.18763393]
 [ 68.01069475]
 [ 94.11787809]
 [107.19141782]
 [109.80172091]
 [ 11.74760196]
 [ 12.52056464]
 [ 10.12186087]
 [ 11.02015398]
 [ 43.83158372]
 [ 32.14051669]
 [ 37.44841947]
 [ 52.46516643]
 [ 67.17453084]
 [ 93.90313812]
 [ 31.53244645]
 [ 23.51233152]
 [ 73.16661536]
 [ 73.20806796]
 [ 70.0641575 ]
 [ 88.46756001]
 [ 35.23220645]
 [ 86.7850504 ]
 [ 90.02376266]
 [ 90.78252472]
 [ 18.51859239]
 [ 26.97441063]
 [ 27.32828995]
 [ 33.66696109]
 [ 39.83099549]
 [ 30.73314846]
 [ 41.45630102]
 [ 41.55173733]
 [ 43.25214915]
 [ 44.86852701]
 [ 58.92990596]
 [ 88.73545856]
 [ 86.88233886]
 [ 88.20066126]
 [ 94.27232257]
 [ 14.95852081]
 [ 17.80283908]
 [ 20.35475386]
 [ 20.48938628]
 [ 19.00529679]
 [ 29.77740845]
 [ 17.55644365]
 [ 41.72789745]
 [ 36.68331166]
 [ 55.57889594]]
Query step: 14
14:      x_0  x_1  x_2  y_0  y_1  y_2
248    0    4    2    0    1    1
249    0    4    2    0    1    2
250    0    4    2    0    1    3
246    0    4    1    0    3    2
247    0    4    1    0    3    3          f_res
248  11.388631
249  15.970635
250  18.925214
246  25.175617
247  25.647369
14: X_train und x_test:  [[1 4 2 3 3 1]
 [2 6 8 3 1 1]
 [5 8 6 1 1 2]
 [9 2 4 2 2 1]
 [5 4 5 2 2 2]
 [8 9 1 1 1 3]
 [7 9 1 2 1 3]
 [5 9 1 3 1 3]
 [8 9 1 3 2 3]
 [9 9 1 3 3 3]
 [0 2 0 0 1 0]
 [0 1 3 0 1 1]
 [0 1 4 0 1 3]
 [0 1 5 0 1 3]
 [0 1 3 0 1 3]
 [0 1 8 0 3 1]
 [0 2 8 0 3 1]
 [0 7 8 0 3 1]
 [0 8 8 0 3 1]
 [0 9 8 0 3 1]
 [7 5 9 3 2 1]
 [7 5 9 3 3 1]
 [7 5 9 3 2 2]
 [7 5 9 3 1 3]
 [7 5 9 3 2 3]
 [7 1 0 1 2 0]
 [8 1 0 1 2 0]
 [4 1 0 1 3 0]
 [5 1 0 1 3 0]
 [9 1 0 1 2 0]
 [1 9 1 2 2 1]
 [1 9 1 2 2 3]
 [1 9 9 2 2 1]
 [1 9 8 2 3 1]
 [1 9 9 2 2 3]
 [1 1 9 2 2 1]
 [1 1 9 2 1 1]
 [1 1 9 2 2 3]
 [1 1 9 2 1 3]
 [1 1 9 2 3 3]
 [1 7 0 1 1 0]
 [1 7 0 1 3 0]
 [1 4 9 1 2 3]
 [1 4 9 1 3 3]
 [1 5 8 1 3 3]
 [5 1 0 3 2 0]
 [4 1 2 3 2 3]
 [4 1 2 3 3 3]
 [4 1 3 3 2 3]
 [4 1 4 3 1 3]
 [9 1 1 3 2 1]
 [9 1 2 3 1 3]
 [9 1 2 3 3 2]
 [9 1 2 3 2 3]
 [9 1 2 3 3 3]
 [9 5 9 1 3 1]
 [9 5 9 1 1 3]
 [9 4 8 1 2 3]
 [8 4 8 1 3 3]
 [9 5 9 1 2 3]
 [0 3 2 0 1 2]
 [0 3 2 0 1 3]
 [0 3 1 0 3 2]
 [0 3 1 0 3 3]
 [0 3 1 0 3 1]
 [5 6 0 2 2 0]
 [2 6 0 2 1 0]
 [5 9 0 2 2 0]
 [5 6 0 2 3 0]
 [5 9 0 2 3 0]
 [0 4 2 0 1 1]
 [0 4 2 0 1 2]
 [0 4 2 0 1 3]
 [0 4 1 0 3 2]
 [0 4 1 0 3 3]] [[ 26.80370579]
 [ 36.26204139]
 [ 42.40529137]
 [ 29.10947846]
 [ 39.65740275]
 [ 30.13216229]
 [ 37.43661332]
 [ 41.3969103 ]
 [ 59.08683485]
 [ 75.10222507]
 [  3.58421987]
 [  9.84978041]
 [ 30.87315998]
 [ 41.02316639]
 [ 23.66844093]
 [ 34.22726168]
 [ 73.56953469]
 [ 56.98977597]
 [ 61.55927987]
 [ 64.18335352]
 [ 57.18763393]
 [ 68.01069475]
 [ 94.11787809]
 [107.19141782]
 [109.80172091]
 [ 11.74760196]
 [ 12.52056464]
 [ 10.12186087]
 [ 11.02015398]
 [ 43.83158372]
 [ 32.14051669]
 [ 37.44841947]
 [ 52.46516643]
 [ 67.17453084]
 [ 93.90313812]
 [ 31.53244645]
 [ 23.51233152]
 [ 73.16661536]
 [ 73.20806796]
 [ 70.0641575 ]
 [ 88.46756001]
 [ 35.23220645]
 [ 86.7850504 ]
 [ 90.02376266]
 [ 90.78252472]
 [ 18.51859239]
 [ 26.97441063]
 [ 27.32828995]
 [ 33.66696109]
 [ 39.83099549]
 [ 30.73314846]
 [ 41.45630102]
 [ 41.55173733]
 [ 43.25214915]
 [ 44.86852701]
 [ 58.92990596]
 [ 88.73545856]
 [ 86.88233886]
 [ 88.20066126]
 [ 94.27232257]
 [ 14.95852081]
 [ 17.80283908]
 [ 20.35475386]
 [ 20.48938628]
 [ 19.00529679]
 [ 29.77740845]
 [ 17.55644365]
 [ 41.72789745]
 [ 36.68331166]
 [ 55.57889594]
 [ 11.38863129]
 [ 15.97063545]
 [ 18.92521412]
 [ 25.17561716]
 [ 25.64736928]]
Query step: 15
15:      x_0  x_1  x_2  y_0  y_1  y_2
331    0    5    2    0    1    3
327    0    5    1    0    3    2
328    0    5    1    0    3    3
325    0    5    1    0    2    3
326    0    5    1    0    3    1          f_res
331  19.888830
327  29.519923
328  30.384186
325  22.594081
326  27.066560
15: X_train und x_test:  [[1 4 2 3 3 1]
 [2 6 8 3 1 1]
 [5 8 6 1 1 2]
 [9 2 4 2 2 1]
 [5 4 5 2 2 2]
 [8 9 1 1 1 3]
 [7 9 1 2 1 3]
 [5 9 1 3 1 3]
 [8 9 1 3 2 3]
 [9 9 1 3 3 3]
 [0 2 0 0 1 0]
 [0 1 3 0 1 1]
 [0 1 4 0 1 3]
 [0 1 5 0 1 3]
 [0 1 3 0 1 3]
 [0 1 8 0 3 1]
 [0 2 8 0 3 1]
 [0 7 8 0 3 1]
 [0 8 8 0 3 1]
 [0 9 8 0 3 1]
 [7 5 9 3 2 1]
 [7 5 9 3 3 1]
 [7 5 9 3 2 2]
 [7 5 9 3 1 3]
 [7 5 9 3 2 3]
 [7 1 0 1 2 0]
 [8 1 0 1 2 0]
 [4 1 0 1 3 0]
 [5 1 0 1 3 0]
 [9 1 0 1 2 0]
 [1 9 1 2 2 1]
 [1 9 1 2 2 3]
 [1 9 9 2 2 1]
 [1 9 8 2 3 1]
 [1 9 9 2 2 3]
 [1 1 9 2 2 1]
 [1 1 9 2 1 1]
 [1 1 9 2 2 3]
 [1 1 9 2 1 3]
 [1 1 9 2 3 3]
 [1 7 0 1 1 0]
 [1 7 0 1 3 0]
 [1 4 9 1 2 3]
 [1 4 9 1 3 3]
 [1 5 8 1 3 3]
 [5 1 0 3 2 0]
 [4 1 2 3 2 3]
 [4 1 2 3 3 3]
 [4 1 3 3 2 3]
 [4 1 4 3 1 3]
 [9 1 1 3 2 1]
 [9 1 2 3 1 3]
 [9 1 2 3 3 2]
 [9 1 2 3 2 3]
 [9 1 2 3 3 3]
 [9 5 9 1 3 1]
 [9 5 9 1 1 3]
 [9 4 8 1 2 3]
 [8 4 8 1 3 3]
 [9 5 9 1 2 3]
 [0 3 2 0 1 2]
 [0 3 2 0 1 3]
 [0 3 1 0 3 2]
 [0 3 1 0 3 3]
 [0 3 1 0 3 1]
 [5 6 0 2 2 0]
 [2 6 0 2 1 0]
 [5 9 0 2 2 0]
 [5 6 0 2 3 0]
 [5 9 0 2 3 0]
 [0 4 2 0 1 1]
 [0 4 2 0 1 2]
 [0 4 2 0 1 3]
 [0 4 1 0 3 2]
 [0 4 1 0 3 3]
 [0 5 2 0 1 3]
 [0 5 1 0 3 2]
 [0 5 1 0 3 3]
 [0 5 1 0 2 3]
 [0 5 1 0 3 1]] [[ 26.80370579]
 [ 36.26204139]
 [ 42.40529137]
 [ 29.10947846]
 [ 39.65740275]
 [ 30.13216229]
 [ 37.43661332]
 [ 41.3969103 ]
 [ 59.08683485]
 [ 75.10222507]
 [  3.58421987]
 [  9.84978041]
 [ 30.87315998]
 [ 41.02316639]
 [ 23.66844093]
 [ 34.22726168]
 [ 73.56953469]
 [ 56.98977597]
 [ 61.55927987]
 [ 64.18335352]
 [ 57.18763393]
 [ 68.01069475]
 [ 94.11787809]
 [107.19141782]
 [109.80172091]
 [ 11.74760196]
 [ 12.52056464]
 [ 10.12186087]
 [ 11.02015398]
 [ 43.83158372]
 [ 32.14051669]
 [ 37.44841947]
 [ 52.46516643]
 [ 67.17453084]
 [ 93.90313812]
 [ 31.53244645]
 [ 23.51233152]
 [ 73.16661536]
 [ 73.20806796]
 [ 70.0641575 ]
 [ 88.46756001]
 [ 35.23220645]
 [ 86.7850504 ]
 [ 90.02376266]
 [ 90.78252472]
 [ 18.51859239]
 [ 26.97441063]
 [ 27.32828995]
 [ 33.66696109]
 [ 39.83099549]
 [ 30.73314846]
 [ 41.45630102]
 [ 41.55173733]
 [ 43.25214915]
 [ 44.86852701]
 [ 58.92990596]
 [ 88.73545856]
 [ 86.88233886]
 [ 88.20066126]
 [ 94.27232257]
 [ 14.95852081]
 [ 17.80283908]
 [ 20.35475386]
 [ 20.48938628]
 [ 19.00529679]
 [ 29.77740845]
 [ 17.55644365]
 [ 41.72789745]
 [ 36.68331166]
 [ 55.57889594]
 [ 11.38863129]
 [ 15.97063545]
 [ 18.92521412]
 [ 25.17561716]
 [ 25.64736928]
 [ 19.88883019]
 [ 29.51992306]
 [ 30.38418577]
 [ 22.59408118]
 [ 27.06655996]]
Query step: 16
16:        x_0  x_1  x_2  y_0  y_1  y_2
18972    9    8    9    2    1    2
19210    9    9    9    2    1    2
19190    9    9    8    2    3    1
18976    9    8    9    2    2    3
18740    9    7    9    2    3    3             f_res
18972   74.766083
19210   75.660651
19190   78.595106
18976  108.634859
18740  110.526181
16: X_train und x_test:  [[1 4 2 3 3 1]
 [2 6 8 3 1 1]
 [5 8 6 1 1 2]
 [9 2 4 2 2 1]
 [5 4 5 2 2 2]
 [8 9 1 1 1 3]
 [7 9 1 2 1 3]
 [5 9 1 3 1 3]
 [8 9 1 3 2 3]
 [9 9 1 3 3 3]
 [0 2 0 0 1 0]
 [0 1 3 0 1 1]
 [0 1 4 0 1 3]
 [0 1 5 0 1 3]
 [0 1 3 0 1 3]
 [0 1 8 0 3 1]
 [0 2 8 0 3 1]
 [0 7 8 0 3 1]
 [0 8 8 0 3 1]
 [0 9 8 0 3 1]
 [7 5 9 3 2 1]
 [7 5 9 3 3 1]
 [7 5 9 3 2 2]
 [7 5 9 3 1 3]
 [7 5 9 3 2 3]
 [7 1 0 1 2 0]
 [8 1 0 1 2 0]
 [4 1 0 1 3 0]
 [5 1 0 1 3 0]
 [9 1 0 1 2 0]
 [1 9 1 2 2 1]
 [1 9 1 2 2 3]
 [1 9 9 2 2 1]
 [1 9 8 2 3 1]
 [1 9 9 2 2 3]
 [1 1 9 2 2 1]
 [1 1 9 2 1 1]
 [1 1 9 2 2 3]
 [1 1 9 2 1 3]
 [1 1 9 2 3 3]
 [1 7 0 1 1 0]
 [1 7 0 1 3 0]
 [1 4 9 1 2 3]
 [1 4 9 1 3 3]
 [1 5 8 1 3 3]
 [5 1 0 3 2 0]
 [4 1 2 3 2 3]
 [4 1 2 3 3 3]
 [4 1 3 3 2 3]
 [4 1 4 3 1 3]
 [9 1 1 3 2 1]
 [9 1 2 3 1 3]
 [9 1 2 3 3 2]
 [9 1 2 3 2 3]
 [9 1 2 3 3 3]
 [9 5 9 1 3 1]
 [9 5 9 1 1 3]
 [9 4 8 1 2 3]
 [8 4 8 1 3 3]
 [9 5 9 1 2 3]
 [0 3 2 0 1 2]
 [0 3 2 0 1 3]
 [0 3 1 0 3 2]
 [0 3 1 0 3 3]
 [0 3 1 0 3 1]
 [5 6 0 2 2 0]
 [2 6 0 2 1 0]
 [5 9 0 2 2 0]
 [5 6 0 2 3 0]
 [5 9 0 2 3 0]
 [0 4 2 0 1 1]
 [0 4 2 0 1 2]
 [0 4 2 0 1 3]
 [0 4 1 0 3 2]
 [0 4 1 0 3 3]
 [0 5 2 0 1 3]
 [0 5 1 0 3 2]
 [0 5 1 0 3 3]
 [0 5 1 0 2 3]
 [0 5 1 0 3 1]
 [9 8 9 2 1 2]
 [9 9 9 2 1 2]
 [9 9 8 2 3 1]
 [9 8 9 2 2 3]
 [9 7 9 2 3 3]] [[ 26.80370579]
 [ 36.26204139]
 [ 42.40529137]
 [ 29.10947846]
 [ 39.65740275]
 [ 30.13216229]
 [ 37.43661332]
 [ 41.3969103 ]
 [ 59.08683485]
 [ 75.10222507]
 [  3.58421987]
 [  9.84978041]
 [ 30.87315998]
 [ 41.02316639]
 [ 23.66844093]
 [ 34.22726168]
 [ 73.56953469]
 [ 56.98977597]
 [ 61.55927987]
 [ 64.18335352]
 [ 57.18763393]
 [ 68.01069475]
 [ 94.11787809]
 [107.19141782]
 [109.80172091]
 [ 11.74760196]
 [ 12.52056464]
 [ 10.12186087]
 [ 11.02015398]
 [ 43.83158372]
 [ 32.14051669]
 [ 37.44841947]
 [ 52.46516643]
 [ 67.17453084]
 [ 93.90313812]
 [ 31.53244645]
 [ 23.51233152]
 [ 73.16661536]
 [ 73.20806796]
 [ 70.0641575 ]
 [ 88.46756001]
 [ 35.23220645]
 [ 86.7850504 ]
 [ 90.02376266]
 [ 90.78252472]
 [ 18.51859239]
 [ 26.97441063]
 [ 27.32828995]
 [ 33.66696109]
 [ 39.83099549]
 [ 30.73314846]
 [ 41.45630102]
 [ 41.55173733]
 [ 43.25214915]
 [ 44.86852701]
 [ 58.92990596]
 [ 88.73545856]
 [ 86.88233886]
 [ 88.20066126]
 [ 94.27232257]
 [ 14.95852081]
 [ 17.80283908]
 [ 20.35475386]
 [ 20.48938628]
 [ 19.00529679]
 [ 29.77740845]
 [ 17.55644365]
 [ 41.72789745]
 [ 36.68331166]
 [ 55.57889594]
 [ 11.38863129]
 [ 15.97063545]
 [ 18.92521412]
 [ 25.17561716]
 [ 25.64736928]
 [ 19.88883019]
 [ 29.51992306]
 [ 30.38418577]
 [ 22.59408118]
 [ 27.06655996]
 [ 74.76608269]
 [ 75.66065055]
 [ 78.59510568]
 [108.63485906]
 [110.5261814 ]]
Query step: 17
17:       x_0  x_1  x_2  y_0  y_1  y_2
2626    1    9    0    3    2    0
2651    1    9    1    3    2    3
7128    4    1    8    1    1    3
9084    5    1    8    1    1    3
9112    5    1    9    1    3    3           f_res
2626  29.642116
2651  38.107280
7128  76.434744
9084  77.314252
9112  73.915843
17: X_train und x_test:  [[1 4 2 3 3 1]
 [2 6 8 3 1 1]
 [5 8 6 1 1 2]
 [9 2 4 2 2 1]
 [5 4 5 2 2 2]
 [8 9 1 1 1 3]
 [7 9 1 2 1 3]
 [5 9 1 3 1 3]
 [8 9 1 3 2 3]
 [9 9 1 3 3 3]
 [0 2 0 0 1 0]
 [0 1 3 0 1 1]
 [0 1 4 0 1 3]
 [0 1 5 0 1 3]
 [0 1 3 0 1 3]
 [0 1 8 0 3 1]
 [0 2 8 0 3 1]
 [0 7 8 0 3 1]
 [0 8 8 0 3 1]
 [0 9 8 0 3 1]
 [7 5 9 3 2 1]
 [7 5 9 3 3 1]
 [7 5 9 3 2 2]
 [7 5 9 3 1 3]
 [7 5 9 3 2 3]
 [7 1 0 1 2 0]
 [8 1 0 1 2 0]
 [4 1 0 1 3 0]
 [5 1 0 1 3 0]
 [9 1 0 1 2 0]
 [1 9 1 2 2 1]
 [1 9 1 2 2 3]
 [1 9 9 2 2 1]
 [1 9 8 2 3 1]
 [1 9 9 2 2 3]
 [1 1 9 2 2 1]
 [1 1 9 2 1 1]
 [1 1 9 2 2 3]
 [1 1 9 2 1 3]
 [1 1 9 2 3 3]
 [1 7 0 1 1 0]
 [1 7 0 1 3 0]
 [1 4 9 1 2 3]
 [1 4 9 1 3 3]
 [1 5 8 1 3 3]
 [5 1 0 3 2 0]
 [4 1 2 3 2 3]
 [4 1 2 3 3 3]
 [4 1 3 3 2 3]
 [4 1 4 3 1 3]
 [9 1 1 3 2 1]
 [9 1 2 3 1 3]
 [9 1 2 3 3 2]
 [9 1 2 3 2 3]
 [9 1 2 3 3 3]
 [9 5 9 1 3 1]
 [9 5 9 1 1 3]
 [9 4 8 1 2 3]
 [8 4 8 1 3 3]
 [9 5 9 1 2 3]
 [0 3 2 0 1 2]
 [0 3 2 0 1 3]
 [0 3 1 0 3 2]
 [0 3 1 0 3 3]
 [0 3 1 0 3 1]
 [5 6 0 2 2 0]
 [2 6 0 2 1 0]
 [5 9 0 2 2 0]
 [5 6 0 2 3 0]
 [5 9 0 2 3 0]
 [0 4 2 0 1 1]
 [0 4 2 0 1 2]
 [0 4 2 0 1 3]
 [0 4 1 0 3 2]
 [0 4 1 0 3 3]
 [0 5 2 0 1 3]
 [0 5 1 0 3 2]
 [0 5 1 0 3 3]
 [0 5 1 0 2 3]
 [0 5 1 0 3 1]
 [9 8 9 2 1 2]
 [9 9 9 2 1 2]
 [9 9 8 2 3 1]
 [9 8 9 2 2 3]
 [9 7 9 2 3 3]
 [1 9 0 3 2 0]
 [1 9 1 3 2 3]
 [4 1 8 1 1 3]
 [5 1 8 1 1 3]
 [5 1 9 1 3 3]] [[ 26.80370579]
 [ 36.26204139]
 [ 42.40529137]
 [ 29.10947846]
 [ 39.65740275]
 [ 30.13216229]
 [ 37.43661332]
 [ 41.3969103 ]
 [ 59.08683485]
 [ 75.10222507]
 [  3.58421987]
 [  9.84978041]
 [ 30.87315998]
 [ 41.02316639]
 [ 23.66844093]
 [ 34.22726168]
 [ 73.56953469]
 [ 56.98977597]
 [ 61.55927987]
 [ 64.18335352]
 [ 57.18763393]
 [ 68.01069475]
 [ 94.11787809]
 [107.19141782]
 [109.80172091]
 [ 11.74760196]
 [ 12.52056464]
 [ 10.12186087]
 [ 11.02015398]
 [ 43.83158372]
 [ 32.14051669]
 [ 37.44841947]
 [ 52.46516643]
 [ 67.17453084]
 [ 93.90313812]
 [ 31.53244645]
 [ 23.51233152]
 [ 73.16661536]
 [ 73.20806796]
 [ 70.0641575 ]
 [ 88.46756001]
 [ 35.23220645]
 [ 86.7850504 ]
 [ 90.02376266]
 [ 90.78252472]
 [ 18.51859239]
 [ 26.97441063]
 [ 27.32828995]
 [ 33.66696109]
 [ 39.83099549]
 [ 30.73314846]
 [ 41.45630102]
 [ 41.55173733]
 [ 43.25214915]
 [ 44.86852701]
 [ 58.92990596]
 [ 88.73545856]
 [ 86.88233886]
 [ 88.20066126]
 [ 94.27232257]
 [ 14.95852081]
 [ 17.80283908]
 [ 20.35475386]
 [ 20.48938628]
 [ 19.00529679]
 [ 29.77740845]
 [ 17.55644365]
 [ 41.72789745]
 [ 36.68331166]
 [ 55.57889594]
 [ 11.38863129]
 [ 15.97063545]
 [ 18.92521412]
 [ 25.17561716]
 [ 25.64736928]
 [ 19.88883019]
 [ 29.51992306]
 [ 30.38418577]
 [ 22.59408118]
 [ 27.06655996]
 [ 74.76608269]
 [ 75.66065055]
 [ 78.59510568]
 [108.63485906]
 [110.5261814 ]
 [ 29.64211575]
 [ 38.10727984]
 [ 76.43474444]
 [ 77.31425186]
 [ 73.91584294]]
Query step: 18
18:        x_0  x_1  x_2  y_0  y_1  y_2
10872    6    1    0    2    1    0
944      1    1    9    3    1    1
10874    6    1    0    2    3    0
945      1    1    9    3    1    2
8894     4    9    9    2    3    3             f_res
10872   15.383858
944     24.072623
10874   17.541434
945     52.107752
8894   112.411735
18: X_train und x_test:  [[1 4 2 3 3 1]
 [2 6 8 3 1 1]
 [5 8 6 1 1 2]
 [9 2 4 2 2 1]
 [5 4 5 2 2 2]
 [8 9 1 1 1 3]
 [7 9 1 2 1 3]
 [5 9 1 3 1 3]
 [8 9 1 3 2 3]
 [9 9 1 3 3 3]
 [0 2 0 0 1 0]
 [0 1 3 0 1 1]
 [0 1 4 0 1 3]
 [0 1 5 0 1 3]
 [0 1 3 0 1 3]
 [0 1 8 0 3 1]
 [0 2 8 0 3 1]
 [0 7 8 0 3 1]
 [0 8 8 0 3 1]
 [0 9 8 0 3 1]
 [7 5 9 3 2 1]
 [7 5 9 3 3 1]
 [7 5 9 3 2 2]
 [7 5 9 3 1 3]
 [7 5 9 3 2 3]
 [7 1 0 1 2 0]
 [8 1 0 1 2 0]
 [4 1 0 1 3 0]
 [5 1 0 1 3 0]
 [9 1 0 1 2 0]
 [1 9 1 2 2 1]
 [1 9 1 2 2 3]
 [1 9 9 2 2 1]
 [1 9 8 2 3 1]
 [1 9 9 2 2 3]
 [1 1 9 2 2 1]
 [1 1 9 2 1 1]
 [1 1 9 2 2 3]
 [1 1 9 2 1 3]
 [1 1 9 2 3 3]
 [1 7 0 1 1 0]
 [1 7 0 1 3 0]
 [1 4 9 1 2 3]
 [1 4 9 1 3 3]
 [1 5 8 1 3 3]
 [5 1 0 3 2 0]
 [4 1 2 3 2 3]
 [4 1 2 3 3 3]
 [4 1 3 3 2 3]
 [4 1 4 3 1 3]
 [9 1 1 3 2 1]
 [9 1 2 3 1 3]
 [9 1 2 3 3 2]
 [9 1 2 3 2 3]
 [9 1 2 3 3 3]
 [9 5 9 1 3 1]
 [9 5 9 1 1 3]
 [9 4 8 1 2 3]
 [8 4 8 1 3 3]
 [9 5 9 1 2 3]
 [0 3 2 0 1 2]
 [0 3 2 0 1 3]
 [0 3 1 0 3 2]
 [0 3 1 0 3 3]
 [0 3 1 0 3 1]
 [5 6 0 2 2 0]
 [2 6 0 2 1 0]
 [5 9 0 2 2 0]
 [5 6 0 2 3 0]
 [5 9 0 2 3 0]
 [0 4 2 0 1 1]
 [0 4 2 0 1 2]
 [0 4 2 0 1 3]
 [0 4 1 0 3 2]
 [0 4 1 0 3 3]
 [0 5 2 0 1 3]
 [0 5 1 0 3 2]
 [0 5 1 0 3 3]
 [0 5 1 0 2 3]
 [0 5 1 0 3 1]
 [9 8 9 2 1 2]
 [9 9 9 2 1 2]
 [9 9 8 2 3 1]
 [9 8 9 2 2 3]
 [9 7 9 2 3 3]
 [1 9 0 3 2 0]
 [1 9 1 3 2 3]
 [4 1 8 1 1 3]
 [5 1 8 1 1 3]
 [5 1 9 1 3 3]
 [6 1 0 2 1 0]
 [1 1 9 3 1 1]
 [6 1 0 2 3 0]
 [1 1 9 3 1 2]
 [4 9 9 2 3 3]] [[ 26.80370579]
 [ 36.26204139]
 [ 42.40529137]
 [ 29.10947846]
 [ 39.65740275]
 [ 30.13216229]
 [ 37.43661332]
 [ 41.3969103 ]
 [ 59.08683485]
 [ 75.10222507]
 [  3.58421987]
 [  9.84978041]
 [ 30.87315998]
 [ 41.02316639]
 [ 23.66844093]
 [ 34.22726168]
 [ 73.56953469]
 [ 56.98977597]
 [ 61.55927987]
 [ 64.18335352]
 [ 57.18763393]
 [ 68.01069475]
 [ 94.11787809]
 [107.19141782]
 [109.80172091]
 [ 11.74760196]
 [ 12.52056464]
 [ 10.12186087]
 [ 11.02015398]
 [ 43.83158372]
 [ 32.14051669]
 [ 37.44841947]
 [ 52.46516643]
 [ 67.17453084]
 [ 93.90313812]
 [ 31.53244645]
 [ 23.51233152]
 [ 73.16661536]
 [ 73.20806796]
 [ 70.0641575 ]
 [ 88.46756001]
 [ 35.23220645]
 [ 86.7850504 ]
 [ 90.02376266]
 [ 90.78252472]
 [ 18.51859239]
 [ 26.97441063]
 [ 27.32828995]
 [ 33.66696109]
 [ 39.83099549]
 [ 30.73314846]
 [ 41.45630102]
 [ 41.55173733]
 [ 43.25214915]
 [ 44.86852701]
 [ 58.92990596]
 [ 88.73545856]
 [ 86.88233886]
 [ 88.20066126]
 [ 94.27232257]
 [ 14.95852081]
 [ 17.80283908]
 [ 20.35475386]
 [ 20.48938628]
 [ 19.00529679]
 [ 29.77740845]
 [ 17.55644365]
 [ 41.72789745]
 [ 36.68331166]
 [ 55.57889594]
 [ 11.38863129]
 [ 15.97063545]
 [ 18.92521412]
 [ 25.17561716]
 [ 25.64736928]
 [ 19.88883019]
 [ 29.51992306]
 [ 30.38418577]
 [ 22.59408118]
 [ 27.06655996]
 [ 74.76608269]
 [ 75.66065055]
 [ 78.59510568]
 [108.63485906]
 [110.5261814 ]
 [ 29.64211575]
 [ 38.10727984]
 [ 76.43474444]
 [ 77.31425186]
 [ 73.91584294]
 [ 15.38385826]
 [ 24.07262349]
 [ 17.54143427]
 [ 52.10775246]
 [112.41173506]]
Query step: 19
19:        x_0  x_1  x_2  y_0  y_1  y_2
14060    7    6    0    1    1    0
10216    5    7    0    3    3    0
18989    9    9    0    1    3    0
10866    5    9    9    3    3    1
19220    9    9    9    3    2    1            f_res
14060  17.167496
10216  47.529402
18989  49.304418
10866  84.791192
19220  73.277532
19: X_train und x_test:  [[1 4 2 3 3 1]
 [2 6 8 3 1 1]
 [5 8 6 1 1 2]
 [9 2 4 2 2 1]
 [5 4 5 2 2 2]
 [8 9 1 1 1 3]
 [7 9 1 2 1 3]
 [5 9 1 3 1 3]
 [8 9 1 3 2 3]
 [9 9 1 3 3 3]
 [0 2 0 0 1 0]
 [0 1 3 0 1 1]
 [0 1 4 0 1 3]
 [0 1 5 0 1 3]
 [0 1 3 0 1 3]
 [0 1 8 0 3 1]
 [0 2 8 0 3 1]
 [0 7 8 0 3 1]
 [0 8 8 0 3 1]
 [0 9 8 0 3 1]
 [7 5 9 3 2 1]
 [7 5 9 3 3 1]
 [7 5 9 3 2 2]
 [7 5 9 3 1 3]
 [7 5 9 3 2 3]
 [7 1 0 1 2 0]
 [8 1 0 1 2 0]
 [4 1 0 1 3 0]
 [5 1 0 1 3 0]
 [9 1 0 1 2 0]
 [1 9 1 2 2 1]
 [1 9 1 2 2 3]
 [1 9 9 2 2 1]
 [1 9 8 2 3 1]
 [1 9 9 2 2 3]
 [1 1 9 2 2 1]
 [1 1 9 2 1 1]
 [1 1 9 2 2 3]
 [1 1 9 2 1 3]
 [1 1 9 2 3 3]
 [1 7 0 1 1 0]
 [1 7 0 1 3 0]
 [1 4 9 1 2 3]
 [1 4 9 1 3 3]
 [1 5 8 1 3 3]
 [5 1 0 3 2 0]
 [4 1 2 3 2 3]
 [4 1 2 3 3 3]
 [4 1 3 3 2 3]
 [4 1 4 3 1 3]
 [9 1 1 3 2 1]
 [9 1 2 3 1 3]
 [9 1 2 3 3 2]
 [9 1 2 3 2 3]
 [9 1 2 3 3 3]
 [9 5 9 1 3 1]
 [9 5 9 1 1 3]
 [9 4 8 1 2 3]
 [8 4 8 1 3 3]
 [9 5 9 1 2 3]
 [0 3 2 0 1 2]
 [0 3 2 0 1 3]
 [0 3 1 0 3 2]
 [0 3 1 0 3 3]
 [0 3 1 0 3 1]
 [5 6 0 2 2 0]
 [2 6 0 2 1 0]
 [5 9 0 2 2 0]
 [5 6 0 2 3 0]
 [5 9 0 2 3 0]
 [0 4 2 0 1 1]
 [0 4 2 0 1 2]
 [0 4 2 0 1 3]
 [0 4 1 0 3 2]
 [0 4 1 0 3 3]
 [0 5 2 0 1 3]
 [0 5 1 0 3 2]
 [0 5 1 0 3 3]
 [0 5 1 0 2 3]
 [0 5 1 0 3 1]
 [9 8 9 2 1 2]
 [9 9 9 2 1 2]
 [9 9 8 2 3 1]
 [9 8 9 2 2 3]
 [9 7 9 2 3 3]
 [1 9 0 3 2 0]
 [1 9 1 3 2 3]
 [4 1 8 1 1 3]
 [5 1 8 1 1 3]
 [5 1 9 1 3 3]
 [6 1 0 2 1 0]
 [1 1 9 3 1 1]
 [6 1 0 2 3 0]
 [1 1 9 3 1 2]
 [4 9 9 2 3 3]
 [7 6 0 1 1 0]
 [5 7 0 3 3 0]
 [9 9 0 1 3 0]
 [5 9 9 3 3 1]
 [9 9 9 3 2 1]] [[ 26.80370579]
 [ 36.26204139]
 [ 42.40529137]
 [ 29.10947846]
 [ 39.65740275]
 [ 30.13216229]
 [ 37.43661332]
 [ 41.3969103 ]
 [ 59.08683485]
 [ 75.10222507]
 [  3.58421987]
 [  9.84978041]
 [ 30.87315998]
 [ 41.02316639]
 [ 23.66844093]
 [ 34.22726168]
 [ 73.56953469]
 [ 56.98977597]
 [ 61.55927987]
 [ 64.18335352]
 [ 57.18763393]
 [ 68.01069475]
 [ 94.11787809]
 [107.19141782]
 [109.80172091]
 [ 11.74760196]
 [ 12.52056464]
 [ 10.12186087]
 [ 11.02015398]
 [ 43.83158372]
 [ 32.14051669]
 [ 37.44841947]
 [ 52.46516643]
 [ 67.17453084]
 [ 93.90313812]
 [ 31.53244645]
 [ 23.51233152]
 [ 73.16661536]
 [ 73.20806796]
 [ 70.0641575 ]
 [ 88.46756001]
 [ 35.23220645]
 [ 86.7850504 ]
 [ 90.02376266]
 [ 90.78252472]
 [ 18.51859239]
 [ 26.97441063]
 [ 27.32828995]
 [ 33.66696109]
 [ 39.83099549]
 [ 30.73314846]
 [ 41.45630102]
 [ 41.55173733]
 [ 43.25214915]
 [ 44.86852701]
 [ 58.92990596]
 [ 88.73545856]
 [ 86.88233886]
 [ 88.20066126]
 [ 94.27232257]
 [ 14.95852081]
 [ 17.80283908]
 [ 20.35475386]
 [ 20.48938628]
 [ 19.00529679]
 [ 29.77740845]
 [ 17.55644365]
 [ 41.72789745]
 [ 36.68331166]
 [ 55.57889594]
 [ 11.38863129]
 [ 15.97063545]
 [ 18.92521412]
 [ 25.17561716]
 [ 25.64736928]
 [ 19.88883019]
 [ 29.51992306]
 [ 30.38418577]
 [ 22.59408118]
 [ 27.06655996]
 [ 74.76608269]
 [ 75.66065055]
 [ 78.59510568]
 [108.63485906]
 [110.5261814 ]
 [ 29.64211575]
 [ 38.10727984]
 [ 76.43474444]
 [ 77.31425186]
 [ 73.91584294]
 [ 15.38385826]
 [ 24.07262349]
 [ 17.54143427]
 [ 52.10775246]
 [112.41173506]
 [ 17.16749551]
 [ 47.52940216]
 [ 49.30441803]
 [ 84.79119243]
 [ 73.27753215]]
Query step: 20
20:        x_0  x_1  x_2  y_0  y_1  y_2
717      1    1    0    2    2    0
4957     3    1    1    2    1    3
4962     3    1    1    2    3    3
18519    9    7    0    3    1    0
13127    7    1    9    2    2    3            f_res
717     6.071781
4957   14.933710
4962   15.531148
18519  34.895685
13127  85.705794
20: X_train und x_test:  [[1 4 2 3 3 1]
 [2 6 8 3 1 1]
 [5 8 6 1 1 2]
 [9 2 4 2 2 1]
 [5 4 5 2 2 2]
 [8 9 1 1 1 3]
 [7 9 1 2 1 3]
 [5 9 1 3 1 3]
 [8 9 1 3 2 3]
 [9 9 1 3 3 3]
 [0 2 0 0 1 0]
 [0 1 3 0 1 1]
 [0 1 4 0 1 3]
 [0 1 5 0 1 3]
 [0 1 3 0 1 3]
 [0 1 8 0 3 1]
 [0 2 8 0 3 1]
 [0 7 8 0 3 1]
 [0 8 8 0 3 1]
 [0 9 8 0 3 1]
 [7 5 9 3 2 1]
 [7 5 9 3 3 1]
 [7 5 9 3 2 2]
 [7 5 9 3 1 3]
 [7 5 9 3 2 3]
 [7 1 0 1 2 0]
 [8 1 0 1 2 0]
 [4 1 0 1 3 0]
 [5 1 0 1 3 0]
 [9 1 0 1 2 0]
 [1 9 1 2 2 1]
 [1 9 1 2 2 3]
 [1 9 9 2 2 1]
 [1 9 8 2 3 1]
 [1 9 9 2 2 3]
 [1 1 9 2 2 1]
 [1 1 9 2 1 1]
 [1 1 9 2 2 3]
 [1 1 9 2 1 3]
 [1 1 9 2 3 3]
 [1 7 0 1 1 0]
 [1 7 0 1 3 0]
 [1 4 9 1 2 3]
 [1 4 9 1 3 3]
 [1 5 8 1 3 3]
 [5 1 0 3 2 0]
 [4 1 2 3 2 3]
 [4 1 2 3 3 3]
 [4 1 3 3 2 3]
 [4 1 4 3 1 3]
 [9 1 1 3 2 1]
 [9 1 2 3 1 3]
 [9 1 2 3 3 2]
 [9 1 2 3 2 3]
 [9 1 2 3 3 3]
 [9 5 9 1 3 1]
 [9 5 9 1 1 3]
 [9 4 8 1 2 3]
 [8 4 8 1 3 3]
 [9 5 9 1 2 3]
 [0 3 2 0 1 2]
 [0 3 2 0 1 3]
 [0 3 1 0 3 2]
 [0 3 1 0 3 3]
 [0 3 1 0 3 1]
 [5 6 0 2 2 0]
 [2 6 0 2 1 0]
 [5 9 0 2 2 0]
 [5 6 0 2 3 0]
 [5 9 0 2 3 0]
 [0 4 2 0 1 1]
 [0 4 2 0 1 2]
 [0 4 2 0 1 3]
 [0 4 1 0 3 2]
 [0 4 1 0 3 3]
 [0 5 2 0 1 3]
 [0 5 1 0 3 2]
 [0 5 1 0 3 3]
 [0 5 1 0 2 3]
 [0 5 1 0 3 1]
 [9 8 9 2 1 2]
 [9 9 9 2 1 2]
 [9 9 8 2 3 1]
 [9 8 9 2 2 3]
 [9 7 9 2 3 3]
 [1 9 0 3 2 0]
 [1 9 1 3 2 3]
 [4 1 8 1 1 3]
 [5 1 8 1 1 3]
 [5 1 9 1 3 3]
 [6 1 0 2 1 0]
 [1 1 9 3 1 1]
 [6 1 0 2 3 0]
 [1 1 9 3 1 2]
 [4 9 9 2 3 3]
 [7 6 0 1 1 0]
 [5 7 0 3 3 0]
 [9 9 0 1 3 0]
 [5 9 9 3 3 1]
 [9 9 9 3 2 1]
 [1 1 0 2 2 0]
 [3 1 1 2 1 3]
 [3 1 1 2 3 3]
 [9 7 0 3 1 0]
 [7 1 9 2 2 3]] [[ 26.80370579]
 [ 36.26204139]
 [ 42.40529137]
 [ 29.10947846]
 [ 39.65740275]
 [ 30.13216229]
 [ 37.43661332]
 [ 41.3969103 ]
 [ 59.08683485]
 [ 75.10222507]
 [  3.58421987]
 [  9.84978041]
 [ 30.87315998]
 [ 41.02316639]
 [ 23.66844093]
 [ 34.22726168]
 [ 73.56953469]
 [ 56.98977597]
 [ 61.55927987]
 [ 64.18335352]
 [ 57.18763393]
 [ 68.01069475]
 [ 94.11787809]
 [107.19141782]
 [109.80172091]
 [ 11.74760196]
 [ 12.52056464]
 [ 10.12186087]
 [ 11.02015398]
 [ 43.83158372]
 [ 32.14051669]
 [ 37.44841947]
 [ 52.46516643]
 [ 67.17453084]
 [ 93.90313812]
 [ 31.53244645]
 [ 23.51233152]
 [ 73.16661536]
 [ 73.20806796]
 [ 70.0641575 ]
 [ 88.46756001]
 [ 35.23220645]
 [ 86.7850504 ]
 [ 90.02376266]
 [ 90.78252472]
 [ 18.51859239]
 [ 26.97441063]
 [ 27.32828995]
 [ 33.66696109]
 [ 39.83099549]
 [ 30.73314846]
 [ 41.45630102]
 [ 41.55173733]
 [ 43.25214915]
 [ 44.86852701]
 [ 58.92990596]
 [ 88.73545856]
 [ 86.88233886]
 [ 88.20066126]
 [ 94.27232257]
 [ 14.95852081]
 [ 17.80283908]
 [ 20.35475386]
 [ 20.48938628]
 [ 19.00529679]
 [ 29.77740845]
 [ 17.55644365]
 [ 41.72789745]
 [ 36.68331166]
 [ 55.57889594]
 [ 11.38863129]
 [ 15.97063545]
 [ 18.92521412]
 [ 25.17561716]
 [ 25.64736928]
 [ 19.88883019]
 [ 29.51992306]
 [ 30.38418577]
 [ 22.59408118]
 [ 27.06655996]
 [ 74.76608269]
 [ 75.66065055]
 [ 78.59510568]
 [108.63485906]
 [110.5261814 ]
 [ 29.64211575]
 [ 38.10727984]
 [ 76.43474444]
 [ 77.31425186]
 [ 73.91584294]
 [ 15.38385826]
 [ 24.07262349]
 [ 17.54143427]
 [ 52.10775246]
 [112.41173506]
 [ 17.16749551]
 [ 47.52940216]
 [ 49.30441803]
 [ 84.79119243]
 [ 73.27753215]
 [  6.0717806 ]
 [ 14.93370989]
 [ 15.53114849]
 [ 34.89568452]
 [ 85.7057935 ]]