(sim) C:\Users\Administrator\sim\ALinSim\src>uv run GP_active_learning_trc.py --random_state 49
Total valid pool combinations (paper-consistent): 21168 (should be 21168)
Valid pool count (paper-consistent): 21168, should be 21168
delta = 0.2083  (=0.5 * median NN distance in normalized space)
Pool after removing test points: 21068
Pool kept after distance filtering: 19256 / 21068
Query step: 0
step == 0 [818, 11422, 894, 16399, 6986]
0:        x_0  x_1  x_2  y_0  y_1  y_2
894      1    1    8    1    1    1
818      1    1    4    3    2    2
6986     4    1    9    1    1    2
11422    6    3    3    3    1    1
16399    8    7    1    1    2    3            f_res
894    22.122753
818    24.281216
6986   56.729147
11422  26.754916
16399  36.234874
0: X_train und x_test:  [[1 1 8 1 1 1]
 [1 1 4 3 2 2]
 [4 1 9 1 1 2]
 [6 3 3 3 1 1]
 [8 7 1 1 2 3]] [[22.12275327]
 [24.28121631]
 [56.72914664]
 [26.7549162 ]
 [36.23487367]]
Query step: 1
1:      x_0  x_1  x_2  y_0  y_1  y_2
558    0    8    0    0    1    0
2      0    1    0    0    3    0
478    0    7    0    0    2    0
640    0    9    0    0    1    0
559    0    8    0    0    2    0          f_res
558  10.718236
2     5.053278
478  21.848765
640  11.884589
559  23.953232
1: X_train und x_test:  [[1 1 8 1 1 1]
 [1 1 4 3 2 2]
 [4 1 9 1 1 2]
 [6 3 3 3 1 1]
 [8 7 1 1 2 3]
 [0 8 0 0 1 0]
 [0 1 0 0 3 0]
 [0 7 0 0 2 0]
 [0 9 0 0 1 0]
 [0 8 0 0 2 0]] [[22.12275327]
 [24.28121631]
 [56.72914664]
 [26.7549162 ]
 [36.23487367]
 [10.71823617]
 [ 5.0532783 ]
 [21.84876511]
 [11.88458867]
 [23.95323197]]
Query step: 2
2:        x_0  x_1  x_2  y_0  y_1  y_2
17325    9    2    0    2    3    0
17081    9    1    0    3    3    0
17078    9    1    0    2    3    0
19023    9    9    0    2    3    0
19026    9    9    0    3    3    0             f_res
17325   25.488257
17081   29.147470
17078  175.517914
19023   57.243353
19026   65.615378
2: X_train und x_test:  [[1 1 8 1 1 1]
 [1 1 4 3 2 2]
 [4 1 9 1 1 2]
 [6 3 3 3 1 1]
 [8 7 1 1 2 3]
 [0 8 0 0 1 0]
 [0 1 0 0 3 0]
 [0 7 0 0 2 0]
 [0 9 0 0 1 0]
 [0 8 0 0 2 0]
 [9 2 0 2 3 0]
 [9 1 0 3 3 0]
 [9 1 0 2 3 0]
 [9 9 0 2 3 0]
 [9 9 0 3 3 0]] [[ 22.12275327]
 [ 24.28121631]
 [ 56.72914664]
 [ 26.7549162 ]
 [ 36.23487367]
 [ 10.71823617]
 [  5.0532783 ]
 [ 21.84876511]
 [ 11.88458867]
 [ 23.95323197]
 [ 25.48825718]
 [ 29.14746984]
 [175.51791364]
 [ 57.24335347]
 [ 65.61537777]]
Query step: 3
3:        x_0  x_1  x_2  y_0  y_1  y_2
26       0    1    3    0    3    2
20       0    1    3    0    1    1
22       0    1    3    0    1    3
19       0    1    2    0    3    3
19251    9    9    9    3    2    2             f_res
26      19.320901
20       9.849780
22      23.668441
19      13.874713
19251  106.026571
3: X_train und x_test:  [[1 1 8 1 1 1]
 [1 1 4 3 2 2]
 [4 1 9 1 1 2]
 [6 3 3 3 1 1]
 [8 7 1 1 2 3]
 [0 8 0 0 1 0]
 [0 1 0 0 3 0]
 [0 7 0 0 2 0]
 [0 9 0 0 1 0]
 [0 8 0 0 2 0]
 [9 2 0 2 3 0]
 [9 1 0 3 3 0]
 [9 1 0 2 3 0]
 [9 9 0 2 3 0]
 [9 9 0 3 3 0]
 [0 1 3 0 3 2]
 [0 1 3 0 1 1]
 [0 1 3 0 1 3]
 [0 1 2 0 3 3]
 [9 9 9 3 2 2]] [[ 22.12275327]
 [ 24.28121631]
 [ 56.72914664]
 [ 26.7549162 ]
 [ 36.23487367]
 [ 10.71823617]
 [  5.0532783 ]
 [ 21.84876511]
 [ 11.88458867]
 [ 23.95323197]
 [ 25.48825718]
 [ 29.14746984]
 [175.51791364]
 [ 57.24335347]
 [ 65.61537777]
 [ 19.32090066]
 [  9.84978041]
 [ 23.66844093]
 [ 13.87471331]
 [106.02657142]]
Query step: 4
4:        x_0  x_1  x_2  y_0  y_1  y_2
19230    9    9    9    1    1    1
19231    9    9    9    1    1    2
19232    9    9    9    1    1    3
19222    9    9    8    3    1    2
19223    9    9    8    3    1    3             f_res
19230   40.794016
19231   67.544324
19232   90.498900
19222   76.130508
19223  107.546691
4: X_train und x_test:  [[1 1 8 1 1 1]
 [1 1 4 3 2 2]
 [4 1 9 1 1 2]
 [6 3 3 3 1 1]
 [8 7 1 1 2 3]
 [0 8 0 0 1 0]
 [0 1 0 0 3 0]
 [0 7 0 0 2 0]
 [0 9 0 0 1 0]
 [0 8 0 0 2 0]
 [9 2 0 2 3 0]
 [9 1 0 3 3 0]
 [9 1 0 2 3 0]
 [9 9 0 2 3 0]
 [9 9 0 3 3 0]
 [0 1 3 0 3 2]
 [0 1 3 0 1 1]
 [0 1 3 0 1 3]
 [0 1 2 0 3 3]
 [9 9 9 3 2 2]
 [9 9 9 1 1 1]
 [9 9 9 1 1 2]
 [9 9 9 1 1 3]
 [9 9 8 3 1 2]
 [9 9 8 3 1 3]] [[ 22.12275327]
 [ 24.28121631]
 [ 56.72914664]
 [ 26.7549162 ]
 [ 36.23487367]
 [ 10.71823617]
 [  5.0532783 ]
 [ 21.84876511]
 [ 11.88458867]
 [ 23.95323197]
 [ 25.48825718]
 [ 29.14746984]
 [175.51791364]
 [ 57.24335347]
 [ 65.61537777]
 [ 19.32090066]
 [  9.84978041]
 [ 23.66844093]
 [ 13.87471331]
 [106.02657142]
 [ 40.79401605]
 [ 67.54432395]
 [ 90.49889976]
 [ 76.13050802]
 [107.54669111]]
Query step: 5
5:     x_0  x_1  x_2  y_0  y_1  y_2
41    0    1    5    0    3    1
37    0    1    5    0    1    2
36    0    1    5    0    1    1
40    0    1    5    0    2    2
38    0    1    5    0    1    3          f_res
41  141.516184
37   25.554625
36   14.143637
40   29.001279
38   41.023166
5: X_train und x_test:  [[1 1 8 1 1 1]
 [1 1 4 3 2 2]
 [4 1 9 1 1 2]
 [6 3 3 3 1 1]
 [8 7 1 1 2 3]
 [0 8 0 0 1 0]
 [0 1 0 0 3 0]
 [0 7 0 0 2 0]
 [0 9 0 0 1 0]
 [0 8 0 0 2 0]
 [9 2 0 2 3 0]
 [9 1 0 3 3 0]
 [9 1 0 2 3 0]
 [9 9 0 2 3 0]
 [9 9 0 3 3 0]
 [0 1 3 0 3 2]
 [0 1 3 0 1 1]
 [0 1 3 0 1 3]
 [0 1 2 0 3 3]
 [9 9 9 3 2 2]
 [9 9 9 1 1 1]
 [9 9 9 1 1 2]
 [9 9 9 1 1 3]
 [9 9 8 3 1 2]
 [9 9 8 3 1 3]
 [0 1 5 0 3 1]
 [0 1 5 0 1 2]
 [0 1 5 0 1 1]
 [0 1 5 0 2 2]
 [0 1 5 0 1 3]] [[ 22.12275327]
 [ 24.28121631]
 [ 56.72914664]
 [ 26.7549162 ]
 [ 36.23487367]
 [ 10.71823617]
 [  5.0532783 ]
 [ 21.84876511]
 [ 11.88458867]
 [ 23.95323197]
 [ 25.48825718]
 [ 29.14746984]
 [175.51791364]
 [ 57.24335347]
 [ 65.61537777]
 [ 19.32090066]
 [  9.84978041]
 [ 23.66844093]
 [ 13.87471331]
 [106.02657142]
 [ 40.79401605]
 [ 67.54432395]
 [ 90.49889976]
 [ 76.13050802]
 [107.54669111]
 [141.51618359]
 [ 25.55462455]
 [ 14.1436371 ]
 [ 29.00127931]
 [ 41.02316639]]
Query step: 6
6:        x_0  x_1  x_2  y_0  y_1  y_2
44       0    1    6    0    1    1
47       0    1    6    0    2    1
45       0    1    6    0    1    2
46       0    1    6    0    1    3
19217    9    9    8    2    2    3             f_res
44      16.454441
47      19.646723
45      32.567781
46      55.425631
19217  105.969722
6: X_train und x_test:  [[1 1 8 1 1 1]
 [1 1 4 3 2 2]
 [4 1 9 1 1 2]
 [6 3 3 3 1 1]
 [8 7 1 1 2 3]
 [0 8 0 0 1 0]
 [0 1 0 0 3 0]
 [0 7 0 0 2 0]
 [0 9 0 0 1 0]
 [0 8 0 0 2 0]
 [9 2 0 2 3 0]
 [9 1 0 3 3 0]
 [9 1 0 2 3 0]
 [9 9 0 2 3 0]
 [9 9 0 3 3 0]
 [0 1 3 0 3 2]
 [0 1 3 0 1 1]
 [0 1 3 0 1 3]
 [0 1 2 0 3 3]
 [9 9 9 3 2 2]
 [9 9 9 1 1 1]
 [9 9 9 1 1 2]
 [9 9 9 1 1 3]
 [9 9 8 3 1 2]
 [9 9 8 3 1 3]
 [0 1 5 0 3 1]
 [0 1 5 0 1 2]
 [0 1 5 0 1 1]
 [0 1 5 0 2 2]
 [0 1 5 0 1 3]
 [0 1 6 0 1 1]
 [0 1 6 0 2 1]
 [0 1 6 0 1 2]
 [0 1 6 0 1 3]
 [9 9 8 2 2 3]] [[ 22.12275327]
 [ 24.28121631]
 [ 56.72914664]
 [ 26.7549162 ]
 [ 36.23487367]
 [ 10.71823617]
 [  5.0532783 ]
 [ 21.84876511]
 [ 11.88458867]
 [ 23.95323197]
 [ 25.48825718]
 [ 29.14746984]
 [175.51791364]
 [ 57.24335347]
 [ 65.61537777]
 [ 19.32090066]
 [  9.84978041]
 [ 23.66844093]
 [ 13.87471331]
 [106.02657142]
 [ 40.79401605]
 [ 67.54432395]
 [ 90.49889976]
 [ 76.13050802]
 [107.54669111]
 [141.51618359]
 [ 25.55462455]
 [ 14.1436371 ]
 [ 29.00127931]
 [ 41.02316639]
 [ 16.45444089]
 [ 19.64672252]
 [ 32.56778082]
 [ 55.42563087]
 [105.96972167]]
Query step: 7
7:        x_0  x_1  x_2  y_0  y_1  y_2
31       0    1    4    0    2    1
30       0    1    4    0    1    3
19247    9    9    9    3    1    1
19248    9    9    9    3    1    2
19246    9    9    9    2    3    3             f_res
31      12.311941
30      30.873160
19247   57.243353
19248   83.190034
19246  116.786676
7: X_train und x_test:  [[1 1 8 1 1 1]
 [1 1 4 3 2 2]
 [4 1 9 1 1 2]
 [6 3 3 3 1 1]
 [8 7 1 1 2 3]
 [0 8 0 0 1 0]
 [0 1 0 0 3 0]
 [0 7 0 0 2 0]
 [0 9 0 0 1 0]
 [0 8 0 0 2 0]
 [9 2 0 2 3 0]
 [9 1 0 3 3 0]
 [9 1 0 2 3 0]
 [9 9 0 2 3 0]
 [9 9 0 3 3 0]
 [0 1 3 0 3 2]
 [0 1 3 0 1 1]
 [0 1 3 0 1 3]
 [0 1 2 0 3 3]
 [9 9 9 3 2 2]
 [9 9 9 1 1 1]
 [9 9 9 1 1 2]
 [9 9 9 1 1 3]
 [9 9 8 3 1 2]
 [9 9 8 3 1 3]
 [0 1 5 0 3 1]
 [0 1 5 0 1 2]
 [0 1 5 0 1 1]
 [0 1 5 0 2 2]
 [0 1 5 0 1 3]
 [0 1 6 0 1 1]
 [0 1 6 0 2 1]
 [0 1 6 0 1 2]
 [0 1 6 0 1 3]
 [9 9 8 2 2 3]
 [0 1 4 0 2 1]
 [0 1 4 0 1 3]
 [9 9 9 3 1 1]
 [9 9 9 3 1 2]
 [9 9 9 2 3 3]] [[ 22.12275327]
 [ 24.28121631]
 [ 56.72914664]
 [ 26.7549162 ]
 [ 36.23487367]
 [ 10.71823617]
 [  5.0532783 ]
 [ 21.84876511]
 [ 11.88458867]
 [ 23.95323197]
 [ 25.48825718]
 [ 29.14746984]
 [175.51791364]
 [ 57.24335347]
 [ 65.61537777]
 [ 19.32090066]
 [  9.84978041]
 [ 23.66844093]
 [ 13.87471331]
 [106.02657142]
 [ 40.79401605]
 [ 67.54432395]
 [ 90.49889976]
 [ 76.13050802]
 [107.54669111]
 [141.51618359]
 [ 25.55462455]
 [ 14.1436371 ]
 [ 29.00127931]
 [ 41.02316639]
 [ 16.45444089]
 [ 19.64672252]
 [ 32.56778082]
 [ 55.42563087]
 [105.96972167]
 [ 12.31194113]
 [ 30.87315998]
 [ 57.24335347]
 [ 83.19003366]
 [116.78667634]]
Query step: 8
8:        x_0  x_1  x_2  y_0  y_1  y_2
80       0    2    0    0    2    0
58       0    1    7    0    2    3
67       0    1    8    0    2    3
76       0    1    9    0    2    3
19228    9    9    8    3    3    2             f_res
80       8.185665
58      63.243866
67      66.300731
76      68.177248
19228  120.062543
8: X_train und x_test:  [[1 1 8 1 1 1]
 [1 1 4 3 2 2]
 [4 1 9 1 1 2]
 [6 3 3 3 1 1]
 [8 7 1 1 2 3]
 [0 8 0 0 1 0]
 [0 1 0 0 3 0]
 [0 7 0 0 2 0]
 [0 9 0 0 1 0]
 [0 8 0 0 2 0]
 [9 2 0 2 3 0]
 [9 1 0 3 3 0]
 [9 1 0 2 3 0]
 [9 9 0 2 3 0]
 [9 9 0 3 3 0]
 [0 1 3 0 3 2]
 [0 1 3 0 1 1]
 [0 1 3 0 1 3]
 [0 1 2 0 3 3]
 [9 9 9 3 2 2]
 [9 9 9 1 1 1]
 [9 9 9 1 1 2]
 [9 9 9 1 1 3]
 [9 9 8 3 1 2]
 [9 9 8 3 1 3]
 [0 1 5 0 3 1]
 [0 1 5 0 1 2]
 [0 1 5 0 1 1]
 [0 1 5 0 2 2]
 [0 1 5 0 1 3]
 [0 1 6 0 1 1]
 [0 1 6 0 2 1]
 [0 1 6 0 1 2]
 [0 1 6 0 1 3]
 [9 9 8 2 2 3]
 [0 1 4 0 2 1]
 [0 1 4 0 1 3]
 [9 9 9 3 1 1]
 [9 9 9 3 1 2]
 [9 9 9 2 3 3]
 [0 2 0 0 2 0]
 [0 1 7 0 2 3]
 [0 1 8 0 2 3]
 [0 1 9 0 2 3]
 [9 9 8 3 3 2]] [[ 22.12275327]
 [ 24.28121631]
 [ 56.72914664]
 [ 26.7549162 ]
 [ 36.23487367]
 [ 10.71823617]
 [  5.0532783 ]
 [ 21.84876511]
 [ 11.88458867]
 [ 23.95323197]
 [ 25.48825718]
 [ 29.14746984]
 [175.51791364]
 [ 57.24335347]
 [ 65.61537777]
 [ 19.32090066]
 [  9.84978041]
 [ 23.66844093]
 [ 13.87471331]
 [106.02657142]
 [ 40.79401605]
 [ 67.54432395]
 [ 90.49889976]
 [ 76.13050802]
 [107.54669111]
 [141.51618359]
 [ 25.55462455]
 [ 14.1436371 ]
 [ 29.00127931]
 [ 41.02316639]
 [ 16.45444089]
 [ 19.64672252]
 [ 32.56778082]
 [ 55.42563087]
 [105.96972167]
 [ 12.31194113]
 [ 30.87315998]
 [ 57.24335347]
 [ 83.19003366]
 [116.78667634]
 [  8.18566502]
 [ 63.24386576]
 [ 66.30073144]
 [ 68.17724845]
 [120.06254342]]
Query step: 9
9:        x_0  x_1  x_2  y_0  y_1  y_2
90       0    2    2    0    1    1
19216    9    9    8    2    2    1
19224    9    9    8    3    2    1
19218    9    9    8    2    3    1
19227    9    9    8    3    3    1            f_res
90      8.794056
19216  61.717700
19224  69.546846
19218  78.595106
19227  86.743365
9: X_train und x_test:  [[1 1 8 1 1 1]
 [1 1 4 3 2 2]
 [4 1 9 1 1 2]
 [6 3 3 3 1 1]
 [8 7 1 1 2 3]
 [0 8 0 0 1 0]
 [0 1 0 0 3 0]
 [0 7 0 0 2 0]
 [0 9 0 0 1 0]
 [0 8 0 0 2 0]
 [9 2 0 2 3 0]
 [9 1 0 3 3 0]
 [9 1 0 2 3 0]
 [9 9 0 2 3 0]
 [9 9 0 3 3 0]
 [0 1 3 0 3 2]
 [0 1 3 0 1 1]
 [0 1 3 0 1 3]
 [0 1 2 0 3 3]
 [9 9 9 3 2 2]
 [9 9 9 1 1 1]
 [9 9 9 1 1 2]
 [9 9 9 1 1 3]
 [9 9 8 3 1 2]
 [9 9 8 3 1 3]
 [0 1 5 0 3 1]
 [0 1 5 0 1 2]
 [0 1 5 0 1 1]
 [0 1 5 0 2 2]
 [0 1 5 0 1 3]
 [0 1 6 0 1 1]
 [0 1 6 0 2 1]
 [0 1 6 0 1 2]
 [0 1 6 0 1 3]
 [9 9 8 2 2 3]
 [0 1 4 0 2 1]
 [0 1 4 0 1 3]
 [9 9 9 3 1 1]
 [9 9 9 3 1 2]
 [9 9 9 2 3 3]
 [0 2 0 0 2 0]
 [0 1 7 0 2 3]
 [0 1 8 0 2 3]
 [0 1 9 0 2 3]
 [9 9 8 3 3 2]
 [0 2 2 0 1 1]
 [9 9 8 2 2 1]
 [9 9 8 3 2 1]
 [9 9 8 2 3 1]
 [9 9 8 3 3 1]] [[ 22.12275327]
 [ 24.28121631]
 [ 56.72914664]
 [ 26.7549162 ]
 [ 36.23487367]
 [ 10.71823617]
 [  5.0532783 ]
 [ 21.84876511]
 [ 11.88458867]
 [ 23.95323197]
 [ 25.48825718]
 [ 29.14746984]
 [175.51791364]
 [ 57.24335347]
 [ 65.61537777]
 [ 19.32090066]
 [  9.84978041]
 [ 23.66844093]
 [ 13.87471331]
 [106.02657142]
 [ 40.79401605]
 [ 67.54432395]
 [ 90.49889976]
 [ 76.13050802]
 [107.54669111]
 [141.51618359]
 [ 25.55462455]
 [ 14.1436371 ]
 [ 29.00127931]
 [ 41.02316639]
 [ 16.45444089]
 [ 19.64672252]
 [ 32.56778082]
 [ 55.42563087]
 [105.96972167]
 [ 12.31194113]
 [ 30.87315998]
 [ 57.24335347]
 [ 83.19003366]
 [116.78667634]
 [  8.18566502]
 [ 63.24386576]
 [ 66.30073144]
 [ 68.17724845]
 [120.06254342]
 [  8.79405635]
 [ 61.71770005]
 [ 69.54684554]
 [ 78.59510568]
 [ 86.74336501]]
Query step: 10
10:        x_0  x_1  x_2  y_0  y_1  y_2
19213    9    9    8    2    1    1
19214    9    9    8    2    1    2
19215    9    9    8    2    1    3
19212    9    9    8    1    3    3
19219    9    9    8    2    3    2             f_res
19213   46.828416
19214   69.200802
19215   96.882304
19212  102.423340
19219  109.074563
10: X_train und x_test:  [[1 1 8 1 1 1]
 [1 1 4 3 2 2]
 [4 1 9 1 1 2]
 [6 3 3 3 1 1]
 [8 7 1 1 2 3]
 [0 8 0 0 1 0]
 [0 1 0 0 3 0]
 [0 7 0 0 2 0]
 [0 9 0 0 1 0]
 [0 8 0 0 2 0]
 [9 2 0 2 3 0]
 [9 1 0 3 3 0]
 [9 1 0 2 3 0]
 [9 9 0 2 3 0]
 [9 9 0 3 3 0]
 [0 1 3 0 3 2]
 [0 1 3 0 1 1]
 [0 1 3 0 1 3]
 [0 1 2 0 3 3]
 [9 9 9 3 2 2]
 [9 9 9 1 1 1]
 [9 9 9 1 1 2]
 [9 9 9 1 1 3]
 [9 9 8 3 1 2]
 [9 9 8 3 1 3]
 [0 1 5 0 3 1]
 [0 1 5 0 1 2]
 [0 1 5 0 1 1]
 [0 1 5 0 2 2]
 [0 1 5 0 1 3]
 [0 1 6 0 1 1]
 [0 1 6 0 2 1]
 [0 1 6 0 1 2]
 [0 1 6 0 1 3]
 [9 9 8 2 2 3]
 [0 1 4 0 2 1]
 [0 1 4 0 1 3]
 [9 9 9 3 1 1]
 [9 9 9 3 1 2]
 [9 9 9 2 3 3]
 [0 2 0 0 2 0]
 [0 1 7 0 2 3]
 [0 1 8 0 2 3]
 [0 1 9 0 2 3]
 [9 9 8 3 3 2]
 [0 2 2 0 1 1]
 [9 9 8 2 2 1]
 [9 9 8 3 2 1]
 [9 9 8 2 3 1]
 [9 9 8 3 3 1]
 [9 9 8 2 1 1]
 [9 9 8 2 1 2]
 [9 9 8 2 1 3]
 [9 9 8 1 3 3]
 [9 9 8 2 3 2]] [[ 22.12275327]
 [ 24.28121631]
 [ 56.72914664]
 [ 26.7549162 ]
 [ 36.23487367]
 [ 10.71823617]
 [  5.0532783 ]
 [ 21.84876511]
 [ 11.88458867]
 [ 23.95323197]
 [ 25.48825718]
 [ 29.14746984]
 [175.51791364]
 [ 57.24335347]
 [ 65.61537777]
 [ 19.32090066]
 [  9.84978041]
 [ 23.66844093]
 [ 13.87471331]
 [106.02657142]
 [ 40.79401605]
 [ 67.54432395]
 [ 90.49889976]
 [ 76.13050802]
 [107.54669111]
 [141.51618359]
 [ 25.55462455]
 [ 14.1436371 ]
 [ 29.00127931]
 [ 41.02316639]
 [ 16.45444089]
 [ 19.64672252]
 [ 32.56778082]
 [ 55.42563087]
 [105.96972167]
 [ 12.31194113]
 [ 30.87315998]
 [ 57.24335347]
 [ 83.19003366]
 [116.78667634]
 [  8.18566502]
 [ 63.24386576]
 [ 66.30073144]
 [ 68.17724845]
 [120.06254342]
 [  8.79405635]
 [ 61.71770005]
 [ 69.54684554]
 [ 78.59510568]
 [ 86.74336501]
 [ 46.82841611]
 [ 69.20080221]
 [ 96.88230386]
 [102.42333973]
 [109.0745631 ]]
Query step: 11
11:       x_0  x_1  x_2  y_0  y_1  y_2
9954    5    5    8    3    1    2
9958    5    5    8    3    3    1
9956    5    5    8    3    2    2
9955    5    5    8    3    1    3
9959    5    5    8    3    3    2            f_res
9954   63.158246
9958   55.697203
9956   83.804919
9955  100.551665
9959   99.526162
11: X_train und x_test:  [[1 1 8 1 1 1]
 [1 1 4 3 2 2]
 [4 1 9 1 1 2]
 [6 3 3 3 1 1]
 [8 7 1 1 2 3]
 [0 8 0 0 1 0]
 [0 1 0 0 3 0]
 [0 7 0 0 2 0]
 [0 9 0 0 1 0]
 [0 8 0 0 2 0]
 [9 2 0 2 3 0]
 [9 1 0 3 3 0]
 [9 1 0 2 3 0]
 [9 9 0 2 3 0]
 [9 9 0 3 3 0]
 [0 1 3 0 3 2]
 [0 1 3 0 1 1]
 [0 1 3 0 1 3]
 [0 1 2 0 3 3]
 [9 9 9 3 2 2]
 [9 9 9 1 1 1]
 [9 9 9 1 1 2]
 [9 9 9 1 1 3]
 [9 9 8 3 1 2]
 [9 9 8 3 1 3]
 [0 1 5 0 3 1]
 [0 1 5 0 1 2]
 [0 1 5 0 1 1]
 [0 1 5 0 2 2]
 [0 1 5 0 1 3]
 [0 1 6 0 1 1]
 [0 1 6 0 2 1]
 [0 1 6 0 1 2]
 [0 1 6 0 1 3]
 [9 9 8 2 2 3]
 [0 1 4 0 2 1]
 [0 1 4 0 1 3]
 [9 9 9 3 1 1]
 [9 9 9 3 1 2]
 [9 9 9 2 3 3]
 [0 2 0 0 2 0]
 [0 1 7 0 2 3]
 [0 1 8 0 2 3]
 [0 1 9 0 2 3]
 [9 9 8 3 3 2]
 [0 2 2 0 1 1]
 [9 9 8 2 2 1]
 [9 9 8 3 2 1]
 [9 9 8 2 3 1]
 [9 9 8 3 3 1]
 [9 9 8 2 1 1]
 [9 9 8 2 1 2]
 [9 9 8 2 1 3]
 [9 9 8 1 3 3]
 [9 9 8 2 3 2]
 [5 5 8 3 1 2]
 [5 5 8 3 3 1]
 [5 5 8 3 2 2]
 [5 5 8 3 1 3]
 [5 5 8 3 3 2]] [[ 22.12275327]
 [ 24.28121631]
 [ 56.72914664]
 [ 26.7549162 ]
 [ 36.23487367]
 [ 10.71823617]
 [  5.0532783 ]
 [ 21.84876511]
 [ 11.88458867]
 [ 23.95323197]
 [ 25.48825718]
 [ 29.14746984]
 [175.51791364]
 [ 57.24335347]
 [ 65.61537777]
 [ 19.32090066]
 [  9.84978041]
 [ 23.66844093]
 [ 13.87471331]
 [106.02657142]
 [ 40.79401605]
 [ 67.54432395]
 [ 90.49889976]
 [ 76.13050802]
 [107.54669111]
 [141.51618359]
 [ 25.55462455]
 [ 14.1436371 ]
 [ 29.00127931]
 [ 41.02316639]
 [ 16.45444089]
 [ 19.64672252]
 [ 32.56778082]
 [ 55.42563087]
 [105.96972167]
 [ 12.31194113]
 [ 30.87315998]
 [ 57.24335347]
 [ 83.19003366]
 [116.78667634]
 [  8.18566502]
 [ 63.24386576]
 [ 66.30073144]
 [ 68.17724845]
 [120.06254342]
 [  8.79405635]
 [ 61.71770005]
 [ 69.54684554]
 [ 78.59510568]
 [ 86.74336501]
 [ 46.82841611]
 [ 69.20080221]
 [ 96.88230386]
 [102.42333973]
 [109.0745631 ]
 [ 63.15824581]
 [ 55.69720324]
 [ 83.80491876]
 [100.5516653 ]
 [ 99.52616182]]
Query step: 12
12:      x_0  x_1  x_2  y_0  y_1  y_2
100    0    2    3    0    2    1
102    0    2    3    0    3    1
101    0    2    3    0    2    2
99     0    2    3    0    1    3
103    0    2    3    0    3    2          f_res
100  13.612135
102  16.779503
101  20.630454
99   24.987664
103  24.033778
12: X_train und x_test:  [[1 1 8 1 1 1]
 [1 1 4 3 2 2]
 [4 1 9 1 1 2]
 [6 3 3 3 1 1]
 [8 7 1 1 2 3]
 [0 8 0 0 1 0]
 [0 1 0 0 3 0]
 [0 7 0 0 2 0]
 [0 9 0 0 1 0]
 [0 8 0 0 2 0]
 [9 2 0 2 3 0]
 [9 1 0 3 3 0]
 [9 1 0 2 3 0]
 [9 9 0 2 3 0]
 [9 9 0 3 3 0]
 [0 1 3 0 3 2]
 [0 1 3 0 1 1]
 [0 1 3 0 1 3]
 [0 1 2 0 3 3]
 [9 9 9 3 2 2]
 [9 9 9 1 1 1]
 [9 9 9 1 1 2]
 [9 9 9 1 1 3]
 [9 9 8 3 1 2]
 [9 9 8 3 1 3]
 [0 1 5 0 3 1]
 [0 1 5 0 1 2]
 [0 1 5 0 1 1]
 [0 1 5 0 2 2]
 [0 1 5 0 1 3]
 [0 1 6 0 1 1]
 [0 1 6 0 2 1]
 [0 1 6 0 1 2]
 [0 1 6 0 1 3]
 [9 9 8 2 2 3]
 [0 1 4 0 2 1]
 [0 1 4 0 1 3]
 [9 9 9 3 1 1]
 [9 9 9 3 1 2]
 [9 9 9 2 3 3]
 [0 2 0 0 2 0]
 [0 1 7 0 2 3]
 [0 1 8 0 2 3]
 [0 1 9 0 2 3]
 [9 9 8 3 3 2]
 [0 2 2 0 1 1]
 [9 9 8 2 2 1]
 [9 9 8 3 2 1]
 [9 9 8 2 3 1]
 [9 9 8 3 3 1]
 [9 9 8 2 1 1]
 [9 9 8 2 1 2]
 [9 9 8 2 1 3]
 [9 9 8 1 3 3]
 [9 9 8 2 3 2]
 [5 5 8 3 1 2]
 [5 5 8 3 3 1]
 [5 5 8 3 2 2]
 [5 5 8 3 1 3]
 [5 5 8 3 3 2]
 [0 2 3 0 2 1]
 [0 2 3 0 3 1]
 [0 2 3 0 2 2]
 [0 2 3 0 1 3]
 [0 2 3 0 3 2]] [[ 22.12275327]
 [ 24.28121631]
 [ 56.72914664]
 [ 26.7549162 ]
 [ 36.23487367]
 [ 10.71823617]
 [  5.0532783 ]
 [ 21.84876511]
 [ 11.88458867]
 [ 23.95323197]
 [ 25.48825718]
 [ 29.14746984]
 [175.51791364]
 [ 57.24335347]
 [ 65.61537777]
 [ 19.32090066]
 [  9.84978041]
 [ 23.66844093]
 [ 13.87471331]
 [106.02657142]
 [ 40.79401605]
 [ 67.54432395]
 [ 90.49889976]
 [ 76.13050802]
 [107.54669111]
 [141.51618359]
 [ 25.55462455]
 [ 14.1436371 ]
 [ 29.00127931]
 [ 41.02316639]
 [ 16.45444089]
 [ 19.64672252]
 [ 32.56778082]
 [ 55.42563087]
 [105.96972167]
 [ 12.31194113]
 [ 30.87315998]
 [ 57.24335347]
 [ 83.19003366]
 [116.78667634]
 [  8.18566502]
 [ 63.24386576]
 [ 66.30073144]
 [ 68.17724845]
 [120.06254342]
 [  8.79405635]
 [ 61.71770005]
 [ 69.54684554]
 [ 78.59510568]
 [ 86.74336501]
 [ 46.82841611]
 [ 69.20080221]
 [ 96.88230386]
 [102.42333973]
 [109.0745631 ]
 [ 63.15824581]
 [ 55.69720324]
 [ 83.80491876]
 [100.5516653 ]
 [ 99.52616182]
 [ 13.61213536]
 [ 16.77950331]
 [ 20.63045355]
 [ 24.98766395]
 [ 24.03377771]]
Query step: 13
13:        x_0  x_1  x_2  y_0  y_1  y_2
84       0    2    1    0    2    1
86       0    2    1    0    2    3
19201    9    9    7    3    3    1
19202    9    9    7    3    3    2
19203    9    9    7    3    3    3             f_res
84      10.369314
86      11.396329
19201   81.810572
19202  115.588072
19203  121.166591
13: X_train und x_test:  [[1 1 8 1 1 1]
 [1 1 4 3 2 2]
 [4 1 9 1 1 2]
 [6 3 3 3 1 1]
 [8 7 1 1 2 3]
 [0 8 0 0 1 0]
 [0 1 0 0 3 0]
 [0 7 0 0 2 0]
 [0 9 0 0 1 0]
 [0 8 0 0 2 0]
 [9 2 0 2 3 0]
 [9 1 0 3 3 0]
 [9 1 0 2 3 0]
 [9 9 0 2 3 0]
 [9 9 0 3 3 0]
 [0 1 3 0 3 2]
 [0 1 3 0 1 1]
 [0 1 3 0 1 3]
 [0 1 2 0 3 3]
 [9 9 9 3 2 2]
 [9 9 9 1 1 1]
 [9 9 9 1 1 2]
 [9 9 9 1 1 3]
 [9 9 8 3 1 2]
 [9 9 8 3 1 3]
 [0 1 5 0 3 1]
 [0 1 5 0 1 2]
 [0 1 5 0 1 1]
 [0 1 5 0 2 2]
 [0 1 5 0 1 3]
 [0 1 6 0 1 1]
 [0 1 6 0 2 1]
 [0 1 6 0 1 2]
 [0 1 6 0 1 3]
 [9 9 8 2 2 3]
 [0 1 4 0 2 1]
 [0 1 4 0 1 3]
 [9 9 9 3 1 1]
 [9 9 9 3 1 2]
 [9 9 9 2 3 3]
 [0 2 0 0 2 0]
 [0 1 7 0 2 3]
 [0 1 8 0 2 3]
 [0 1 9 0 2 3]
 [9 9 8 3 3 2]
 [0 2 2 0 1 1]
 [9 9 8 2 2 1]
 [9 9 8 3 2 1]
 [9 9 8 2 3 1]
 [9 9 8 3 3 1]
 [9 9 8 2 1 1]
 [9 9 8 2 1 2]
 [9 9 8 2 1 3]
 [9 9 8 1 3 3]
 [9 9 8 2 3 2]
 [5 5 8 3 1 2]
 [5 5 8 3 3 1]
 [5 5 8 3 2 2]
 [5 5 8 3 1 3]
 [5 5 8 3 3 2]
 [0 2 3 0 2 1]
 [0 2 3 0 3 1]
 [0 2 3 0 2 2]
 [0 2 3 0 1 3]
 [0 2 3 0 3 2]
 [0 2 1 0 2 1]
 [0 2 1 0 2 3]
 [9 9 7 3 3 1]
 [9 9 7 3 3 2]
 [9 9 7 3 3 3]] [[ 22.12275327]
 [ 24.28121631]
 [ 56.72914664]
 [ 26.7549162 ]
 [ 36.23487367]
 [ 10.71823617]
 [  5.0532783 ]
 [ 21.84876511]
 [ 11.88458867]
 [ 23.95323197]
 [ 25.48825718]
 [ 29.14746984]
 [175.51791364]
 [ 57.24335347]
 [ 65.61537777]
 [ 19.32090066]
 [  9.84978041]
 [ 23.66844093]
 [ 13.87471331]
 [106.02657142]
 [ 40.79401605]
 [ 67.54432395]
 [ 90.49889976]
 [ 76.13050802]
 [107.54669111]
 [141.51618359]
 [ 25.55462455]
 [ 14.1436371 ]
 [ 29.00127931]
 [ 41.02316639]
 [ 16.45444089]
 [ 19.64672252]
 [ 32.56778082]
 [ 55.42563087]
 [105.96972167]
 [ 12.31194113]
 [ 30.87315998]
 [ 57.24335347]
 [ 83.19003366]
 [116.78667634]
 [  8.18566502]
 [ 63.24386576]
 [ 66.30073144]
 [ 68.17724845]
 [120.06254342]
 [  8.79405635]
 [ 61.71770005]
 [ 69.54684554]
 [ 78.59510568]
 [ 86.74336501]
 [ 46.82841611]
 [ 69.20080221]
 [ 96.88230386]
 [102.42333973]
 [109.0745631 ]
 [ 63.15824581]
 [ 55.69720324]
 [ 83.80491876]
 [100.5516653 ]
 [ 99.52616182]
 [ 13.61213536]
 [ 16.77950331]
 [ 20.63045355]
 [ 24.98766395]
 [ 24.03377771]
 [ 10.36931357]
 [ 11.39632946]
 [ 81.81057221]
 [115.58807209]
 [121.16659111]]
Query step: 14
14:      x_0  x_1  x_2  y_0  y_1  y_2
113    0    2    5    0    1    1
110    0    2    4    0    3    1
109    0    2    4    0    2    2
111    0    2    4    0    3    2
112    0    2    4    0    3    3          f_res
113  14.733623
110  17.141497
109  23.997888
111  27.645660
112  37.327283
14: X_train und x_test:  [[1 1 8 1 1 1]
 [1 1 4 3 2 2]
 [4 1 9 1 1 2]
 [6 3 3 3 1 1]
 [8 7 1 1 2 3]
 [0 8 0 0 1 0]
 [0 1 0 0 3 0]
 [0 7 0 0 2 0]
 [0 9 0 0 1 0]
 [0 8 0 0 2 0]
 [9 2 0 2 3 0]
 [9 1 0 3 3 0]
 [9 1 0 2 3 0]
 [9 9 0 2 3 0]
 [9 9 0 3 3 0]
 [0 1 3 0 3 2]
 [0 1 3 0 1 1]
 [0 1 3 0 1 3]
 [0 1 2 0 3 3]
 [9 9 9 3 2 2]
 [9 9 9 1 1 1]
 [9 9 9 1 1 2]
 [9 9 9 1 1 3]
 [9 9 8 3 1 2]
 [9 9 8 3 1 3]
 [0 1 5 0 3 1]
 [0 1 5 0 1 2]
 [0 1 5 0 1 1]
 [0 1 5 0 2 2]
 [0 1 5 0 1 3]
 [0 1 6 0 1 1]
 [0 1 6 0 2 1]
 [0 1 6 0 1 2]
 [0 1 6 0 1 3]
 [9 9 8 2 2 3]
 [0 1 4 0 2 1]
 [0 1 4 0 1 3]
 [9 9 9 3 1 1]
 [9 9 9 3 1 2]
 [9 9 9 2 3 3]
 [0 2 0 0 2 0]
 [0 1 7 0 2 3]
 [0 1 8 0 2 3]
 [0 1 9 0 2 3]
 [9 9 8 3 3 2]
 [0 2 2 0 1 1]
 [9 9 8 2 2 1]
 [9 9 8 3 2 1]
 [9 9 8 2 3 1]
 [9 9 8 3 3 1]
 [9 9 8 2 1 1]
 [9 9 8 2 1 2]
 [9 9 8 2 1 3]
 [9 9 8 1 3 3]
 [9 9 8 2 3 2]
 [5 5 8 3 1 2]
 [5 5 8 3 3 1]
 [5 5 8 3 2 2]
 [5 5 8 3 1 3]
 [5 5 8 3 3 2]
 [0 2 3 0 2 1]
 [0 2 3 0 3 1]
 [0 2 3 0 2 2]
 [0 2 3 0 1 3]
 [0 2 3 0 3 2]
 [0 2 1 0 2 1]
 [0 2 1 0 2 3]
 [9 9 7 3 3 1]
 [9 9 7 3 3 2]
 [9 9 7 3 3 3]
 [0 2 5 0 1 1]
 [0 2 4 0 3 1]
 [0 2 4 0 2 2]
 [0 2 4 0 3 2]
 [0 2 4 0 3 3]] [[ 22.12275327]
 [ 24.28121631]
 [ 56.72914664]
 [ 26.7549162 ]
 [ 36.23487367]
 [ 10.71823617]
 [  5.0532783 ]
 [ 21.84876511]
 [ 11.88458867]
 [ 23.95323197]
 [ 25.48825718]
 [ 29.14746984]
 [175.51791364]
 [ 57.24335347]
 [ 65.61537777]
 [ 19.32090066]
 [  9.84978041]
 [ 23.66844093]
 [ 13.87471331]
 [106.02657142]
 [ 40.79401605]
 [ 67.54432395]
 [ 90.49889976]
 [ 76.13050802]
 [107.54669111]
 [141.51618359]
 [ 25.55462455]
 [ 14.1436371 ]
 [ 29.00127931]
 [ 41.02316639]
 [ 16.45444089]
 [ 19.64672252]
 [ 32.56778082]
 [ 55.42563087]
 [105.96972167]
 [ 12.31194113]
 [ 30.87315998]
 [ 57.24335347]
 [ 83.19003366]
 [116.78667634]
 [  8.18566502]
 [ 63.24386576]
 [ 66.30073144]
 [ 68.17724845]
 [120.06254342]
 [  8.79405635]
 [ 61.71770005]
 [ 69.54684554]
 [ 78.59510568]
 [ 86.74336501]
 [ 46.82841611]
 [ 69.20080221]
 [ 96.88230386]
 [102.42333973]
 [109.0745631 ]
 [ 63.15824581]
 [ 55.69720324]
 [ 83.80491876]
 [100.5516653 ]
 [ 99.52616182]
 [ 13.61213536]
 [ 16.77950331]
 [ 20.63045355]
 [ 24.98766395]
 [ 24.03377771]
 [ 10.36931357]
 [ 11.39632946]
 [ 81.81057221]
 [115.58807209]
 [121.16659111]
 [ 14.73362297]
 [ 17.14149749]
 [ 23.99788784]
 [ 27.64566009]
 [ 37.32728295]]
Query step: 15
15:      x_0  x_1  x_2  y_0  y_1  y_2
130    0    2    7    0    1    1
127    0    2    6    0    3    1
128    0    2    6    0    3    2
126    0    2    6    0    2    3
129    0    2    6    0    3    3          f_res
130  21.324424
127  22.825059
128  46.995662
126  63.282103
129  62.835492
15: X_train und x_test:  [[1 1 8 1 1 1]
 [1 1 4 3 2 2]
 [4 1 9 1 1 2]
 [6 3 3 3 1 1]
 [8 7 1 1 2 3]
 [0 8 0 0 1 0]
 [0 1 0 0 3 0]
 [0 7 0 0 2 0]
 [0 9 0 0 1 0]
 [0 8 0 0 2 0]
 [9 2 0 2 3 0]
 [9 1 0 3 3 0]
 [9 1 0 2 3 0]
 [9 9 0 2 3 0]
 [9 9 0 3 3 0]
 [0 1 3 0 3 2]
 [0 1 3 0 1 1]
 [0 1 3 0 1 3]
 [0 1 2 0 3 3]
 [9 9 9 3 2 2]
 [9 9 9 1 1 1]
 [9 9 9 1 1 2]
 [9 9 9 1 1 3]
 [9 9 8 3 1 2]
 [9 9 8 3 1 3]
 [0 1 5 0 3 1]
 [0 1 5 0 1 2]
 [0 1 5 0 1 1]
 [0 1 5 0 2 2]
 [0 1 5 0 1 3]
 [0 1 6 0 1 1]
 [0 1 6 0 2 1]
 [0 1 6 0 1 2]
 [0 1 6 0 1 3]
 [9 9 8 2 2 3]
 [0 1 4 0 2 1]
 [0 1 4 0 1 3]
 [9 9 9 3 1 1]
 [9 9 9 3 1 2]
 [9 9 9 2 3 3]
 [0 2 0 0 2 0]
 [0 1 7 0 2 3]
 [0 1 8 0 2 3]
 [0 1 9 0 2 3]
 [9 9 8 3 3 2]
 [0 2 2 0 1 1]
 [9 9 8 2 2 1]
 [9 9 8 3 2 1]
 [9 9 8 2 3 1]
 [9 9 8 3 3 1]
 [9 9 8 2 1 1]
 [9 9 8 2 1 2]
 [9 9 8 2 1 3]
 [9 9 8 1 3 3]
 [9 9 8 2 3 2]
 [5 5 8 3 1 2]
 [5 5 8 3 3 1]
 [5 5 8 3 2 2]
 [5 5 8 3 1 3]
 [5 5 8 3 3 2]
 [0 2 3 0 2 1]
 [0 2 3 0 3 1]
 [0 2 3 0 2 2]
 [0 2 3 0 1 3]
 [0 2 3 0 3 2]
 [0 2 1 0 2 1]
 [0 2 1 0 2 3]
 [9 9 7 3 3 1]
 [9 9 7 3 3 2]
 [9 9 7 3 3 3]
 [0 2 5 0 1 1]
 [0 2 4 0 3 1]
 [0 2 4 0 2 2]
 [0 2 4 0 3 2]
 [0 2 4 0 3 3]
 [0 2 7 0 1 1]
 [0 2 6 0 3 1]
 [0 2 6 0 3 2]
 [0 2 6 0 2 3]
 [0 2 6 0 3 3]] [[ 22.12275327]
 [ 24.28121631]
 [ 56.72914664]
 [ 26.7549162 ]
 [ 36.23487367]
 [ 10.71823617]
 [  5.0532783 ]
 [ 21.84876511]
 [ 11.88458867]
 [ 23.95323197]
 [ 25.48825718]
 [ 29.14746984]
 [175.51791364]
 [ 57.24335347]
 [ 65.61537777]
 [ 19.32090066]
 [  9.84978041]
 [ 23.66844093]
 [ 13.87471331]
 [106.02657142]
 [ 40.79401605]
 [ 67.54432395]
 [ 90.49889976]
 [ 76.13050802]
 [107.54669111]
 [141.51618359]
 [ 25.55462455]
 [ 14.1436371 ]
 [ 29.00127931]
 [ 41.02316639]
 [ 16.45444089]
 [ 19.64672252]
 [ 32.56778082]
 [ 55.42563087]
 [105.96972167]
 [ 12.31194113]
 [ 30.87315998]
 [ 57.24335347]
 [ 83.19003366]
 [116.78667634]
 [  8.18566502]
 [ 63.24386576]
 [ 66.30073144]
 [ 68.17724845]
 [120.06254342]
 [  8.79405635]
 [ 61.71770005]
 [ 69.54684554]
 [ 78.59510568]
 [ 86.74336501]
 [ 46.82841611]
 [ 69.20080221]
 [ 96.88230386]
 [102.42333973]
 [109.0745631 ]
 [ 63.15824581]
 [ 55.69720324]
 [ 83.80491876]
 [100.5516653 ]
 [ 99.52616182]
 [ 13.61213536]
 [ 16.77950331]
 [ 20.63045355]
 [ 24.98766395]
 [ 24.03377771]
 [ 10.36931357]
 [ 11.39632946]
 [ 81.81057221]
 [115.58807209]
 [121.16659111]
 [ 14.73362297]
 [ 17.14149749]
 [ 23.99788784]
 [ 27.64566009]
 [ 37.32728295]
 [ 21.32442423]
 [ 22.82505939]
 [ 46.99566156]
 [ 63.28210255]
 [ 62.83549166]]
Query step: 16
16:      x_0  x_1  x_2  y_0  y_1  y_2
149    0    2    9    0    1    2
145    0    2    8    0    3    1
146    0    2    8    0    3    2
150    0    2    9    0    1    3
147    0    2    8    0    3    3          f_res
149  49.944318
145  73.569535
146  65.623366
150  70.933452
147  73.588274
16: X_train und x_test:  [[1 1 8 1 1 1]
 [1 1 4 3 2 2]
 [4 1 9 1 1 2]
 [6 3 3 3 1 1]
 [8 7 1 1 2 3]
 [0 8 0 0 1 0]
 [0 1 0 0 3 0]
 [0 7 0 0 2 0]
 [0 9 0 0 1 0]
 [0 8 0 0 2 0]
 [9 2 0 2 3 0]
 [9 1 0 3 3 0]
 [9 1 0 2 3 0]
 [9 9 0 2 3 0]
 [9 9 0 3 3 0]
 [0 1 3 0 3 2]
 [0 1 3 0 1 1]
 [0 1 3 0 1 3]
 [0 1 2 0 3 3]
 [9 9 9 3 2 2]
 [9 9 9 1 1 1]
 [9 9 9 1 1 2]
 [9 9 9 1 1 3]
 [9 9 8 3 1 2]
 [9 9 8 3 1 3]
 [0 1 5 0 3 1]
 [0 1 5 0 1 2]
 [0 1 5 0 1 1]
 [0 1 5 0 2 2]
 [0 1 5 0 1 3]
 [0 1 6 0 1 1]
 [0 1 6 0 2 1]
 [0 1 6 0 1 2]
 [0 1 6 0 1 3]
 [9 9 8 2 2 3]
 [0 1 4 0 2 1]
 [0 1 4 0 1 3]
 [9 9 9 3 1 1]
 [9 9 9 3 1 2]
 [9 9 9 2 3 3]
 [0 2 0 0 2 0]
 [0 1 7 0 2 3]
 [0 1 8 0 2 3]
 [0 1 9 0 2 3]
 [9 9 8 3 3 2]
 [0 2 2 0 1 1]
 [9 9 8 2 2 1]
 [9 9 8 3 2 1]
 [9 9 8 2 3 1]
 [9 9 8 3 3 1]
 [9 9 8 2 1 1]
 [9 9 8 2 1 2]
 [9 9 8 2 1 3]
 [9 9 8 1 3 3]
 [9 9 8 2 3 2]
 [5 5 8 3 1 2]
 [5 5 8 3 3 1]
 [5 5 8 3 2 2]
 [5 5 8 3 1 3]
 [5 5 8 3 3 2]
 [0 2 3 0 2 1]
 [0 2 3 0 3 1]
 [0 2 3 0 2 2]
 [0 2 3 0 1 3]
 [0 2 3 0 3 2]
 [0 2 1 0 2 1]
 [0 2 1 0 2 3]
 [9 9 7 3 3 1]
 [9 9 7 3 3 2]
 [9 9 7 3 3 3]
 [0 2 5 0 1 1]
 [0 2 4 0 3 1]
 [0 2 4 0 2 2]
 [0 2 4 0 3 2]
 [0 2 4 0 3 3]
 [0 2 7 0 1 1]
 [0 2 6 0 3 1]
 [0 2 6 0 3 2]
 [0 2 6 0 2 3]
 [0 2 6 0 3 3]
 [0 2 9 0 1 2]
 [0 2 8 0 3 1]
 [0 2 8 0 3 2]
 [0 2 9 0 1 3]
 [0 2 8 0 3 3]] [[ 22.12275327]
 [ 24.28121631]
 [ 56.72914664]
 [ 26.7549162 ]
 [ 36.23487367]
 [ 10.71823617]
 [  5.0532783 ]
 [ 21.84876511]
 [ 11.88458867]
 [ 23.95323197]
 [ 25.48825718]
 [ 29.14746984]
 [175.51791364]
 [ 57.24335347]
 [ 65.61537777]
 [ 19.32090066]
 [  9.84978041]
 [ 23.66844093]
 [ 13.87471331]
 [106.02657142]
 [ 40.79401605]
 [ 67.54432395]
 [ 90.49889976]
 [ 76.13050802]
 [107.54669111]
 [141.51618359]
 [ 25.55462455]
 [ 14.1436371 ]
 [ 29.00127931]
 [ 41.02316639]
 [ 16.45444089]
 [ 19.64672252]
 [ 32.56778082]
 [ 55.42563087]
 [105.96972167]
 [ 12.31194113]
 [ 30.87315998]
 [ 57.24335347]
 [ 83.19003366]
 [116.78667634]
 [  8.18566502]
 [ 63.24386576]
 [ 66.30073144]
 [ 68.17724845]
 [120.06254342]
 [  8.79405635]
 [ 61.71770005]
 [ 69.54684554]
 [ 78.59510568]
 [ 86.74336501]
 [ 46.82841611]
 [ 69.20080221]
 [ 96.88230386]
 [102.42333973]
 [109.0745631 ]
 [ 63.15824581]
 [ 55.69720324]
 [ 83.80491876]
 [100.5516653 ]
 [ 99.52616182]
 [ 13.61213536]
 [ 16.77950331]
 [ 20.63045355]
 [ 24.98766395]
 [ 24.03377771]
 [ 10.36931357]
 [ 11.39632946]
 [ 81.81057221]
 [115.58807209]
 [121.16659111]
 [ 14.73362297]
 [ 17.14149749]
 [ 23.99788784]
 [ 27.64566009]
 [ 37.32728295]
 [ 21.32442423]
 [ 22.82505939]
 [ 46.99566156]
 [ 63.28210255]
 [ 62.83549166]
 [ 49.94431753]
 [ 73.56953469]
 [ 65.62336639]
 [ 70.93345155]
 [ 73.58827429]]
Query step: 17
17:      x_0  x_1  x_2  y_0  y_1  y_2
169    0    3    2    0    2    1
168    0    3    2    0    1    3
166    0    3    1    0    3    3
164    0    3    1    0    3    1
165    0    3    1    0    3    2          f_res
169  16.134784
168  17.802839
166  20.489386
164  19.005297
165  20.354754
17: X_train und x_test:  [[1 1 8 1 1 1]
 [1 1 4 3 2 2]
 [4 1 9 1 1 2]
 [6 3 3 3 1 1]
 [8 7 1 1 2 3]
 [0 8 0 0 1 0]
 [0 1 0 0 3 0]
 [0 7 0 0 2 0]
 [0 9 0 0 1 0]
 [0 8 0 0 2 0]
 [9 2 0 2 3 0]
 [9 1 0 3 3 0]
 [9 1 0 2 3 0]
 [9 9 0 2 3 0]
 [9 9 0 3 3 0]
 [0 1 3 0 3 2]
 [0 1 3 0 1 1]
 [0 1 3 0 1 3]
 [0 1 2 0 3 3]
 [9 9 9 3 2 2]
 [9 9 9 1 1 1]
 [9 9 9 1 1 2]
 [9 9 9 1 1 3]
 [9 9 8 3 1 2]
 [9 9 8 3 1 3]
 [0 1 5 0 3 1]
 [0 1 5 0 1 2]
 [0 1 5 0 1 1]
 [0 1 5 0 2 2]
 [0 1 5 0 1 3]
 [0 1 6 0 1 1]
 [0 1 6 0 2 1]
 [0 1 6 0 1 2]
 [0 1 6 0 1 3]
 [9 9 8 2 2 3]
 [0 1 4 0 2 1]
 [0 1 4 0 1 3]
 [9 9 9 3 1 1]
 [9 9 9 3 1 2]
 [9 9 9 2 3 3]
 [0 2 0 0 2 0]
 [0 1 7 0 2 3]
 [0 1 8 0 2 3]
 [0 1 9 0 2 3]
 [9 9 8 3 3 2]
 [0 2 2 0 1 1]
 [9 9 8 2 2 1]
 [9 9 8 3 2 1]
 [9 9 8 2 3 1]
 [9 9 8 3 3 1]
 [9 9 8 2 1 1]
 [9 9 8 2 1 2]
 [9 9 8 2 1 3]
 [9 9 8 1 3 3]
 [9 9 8 2 3 2]
 [5 5 8 3 1 2]
 [5 5 8 3 3 1]
 [5 5 8 3 2 2]
 [5 5 8 3 1 3]
 [5 5 8 3 3 2]
 [0 2 3 0 2 1]
 [0 2 3 0 3 1]
 [0 2 3 0 2 2]
 [0 2 3 0 1 3]
 [0 2 3 0 3 2]
 [0 2 1 0 2 1]
 [0 2 1 0 2 3]
 [9 9 7 3 3 1]
 [9 9 7 3 3 2]
 [9 9 7 3 3 3]
 [0 2 5 0 1 1]
 [0 2 4 0 3 1]
 [0 2 4 0 2 2]
 [0 2 4 0 3 2]
 [0 2 4 0 3 3]
 [0 2 7 0 1 1]
 [0 2 6 0 3 1]
 [0 2 6 0 3 2]
 [0 2 6 0 2 3]
 [0 2 6 0 3 3]
 [0 2 9 0 1 2]
 [0 2 8 0 3 1]
 [0 2 8 0 3 2]
 [0 2 9 0 1 3]
 [0 2 8 0 3 3]
 [0 3 2 0 2 1]
 [0 3 2 0 1 3]
 [0 3 1 0 3 3]
 [0 3 1 0 3 1]
 [0 3 1 0 3 2]] [[ 22.12275327]
 [ 24.28121631]
 [ 56.72914664]
 [ 26.7549162 ]
 [ 36.23487367]
 [ 10.71823617]
 [  5.0532783 ]
 [ 21.84876511]
 [ 11.88458867]
 [ 23.95323197]
 [ 25.48825718]
 [ 29.14746984]
 [175.51791364]
 [ 57.24335347]
 [ 65.61537777]
 [ 19.32090066]
 [  9.84978041]
 [ 23.66844093]
 [ 13.87471331]
 [106.02657142]
 [ 40.79401605]
 [ 67.54432395]
 [ 90.49889976]
 [ 76.13050802]
 [107.54669111]
 [141.51618359]
 [ 25.55462455]
 [ 14.1436371 ]
 [ 29.00127931]
 [ 41.02316639]
 [ 16.45444089]
 [ 19.64672252]
 [ 32.56778082]
 [ 55.42563087]
 [105.96972167]
 [ 12.31194113]
 [ 30.87315998]
 [ 57.24335347]
 [ 83.19003366]
 [116.78667634]
 [  8.18566502]
 [ 63.24386576]
 [ 66.30073144]
 [ 68.17724845]
 [120.06254342]
 [  8.79405635]
 [ 61.71770005]
 [ 69.54684554]
 [ 78.59510568]
 [ 86.74336501]
 [ 46.82841611]
 [ 69.20080221]
 [ 96.88230386]
 [102.42333973]
 [109.0745631 ]
 [ 63.15824581]
 [ 55.69720324]
 [ 83.80491876]
 [100.5516653 ]
 [ 99.52616182]
 [ 13.61213536]
 [ 16.77950331]
 [ 20.63045355]
 [ 24.98766395]
 [ 24.03377771]
 [ 10.36931357]
 [ 11.39632946]
 [ 81.81057221]
 [115.58807209]
 [121.16659111]
 [ 14.73362297]
 [ 17.14149749]
 [ 23.99788784]
 [ 27.64566009]
 [ 37.32728295]
 [ 21.32442423]
 [ 22.82505939]
 [ 46.99566156]
 [ 63.28210255]
 [ 62.83549166]
 [ 49.94431753]
 [ 73.56953469]
 [ 65.62336639]
 [ 70.93345155]
 [ 73.58827429]
 [ 16.13478382]
 [ 17.80283908]
 [ 20.48938628]
 [ 19.00529679]
 [ 20.35475386]]
Query step: 18
18:     x_0  x_1  x_2  y_0  y_1  y_2
50    0    1    6    0    3    1
42    0    1    5    0    3    2
48    0    1    6    0    2    2
43    0    1    5    0    3    3
49    0    1    6    0    2    3         f_res
50  21.467129
42  31.758222
48  39.708102
43  43.362962
49  57.707716
18: X_train und x_test:  [[1 1 8 1 1 1]
 [1 1 4 3 2 2]
 [4 1 9 1 1 2]
 [6 3 3 3 1 1]
 [8 7 1 1 2 3]
 [0 8 0 0 1 0]
 [0 1 0 0 3 0]
 [0 7 0 0 2 0]
 [0 9 0 0 1 0]
 [0 8 0 0 2 0]
 [9 2 0 2 3 0]
 [9 1 0 3 3 0]
 [9 1 0 2 3 0]
 [9 9 0 2 3 0]
 [9 9 0 3 3 0]
 [0 1 3 0 3 2]
 [0 1 3 0 1 1]
 [0 1 3 0 1 3]
 [0 1 2 0 3 3]
 [9 9 9 3 2 2]
 [9 9 9 1 1 1]
 [9 9 9 1 1 2]
 [9 9 9 1 1 3]
 [9 9 8 3 1 2]
 [9 9 8 3 1 3]
 [0 1 5 0 3 1]
 [0 1 5 0 1 2]
 [0 1 5 0 1 1]
 [0 1 5 0 2 2]
 [0 1 5 0 1 3]
 [0 1 6 0 1 1]
 [0 1 6 0 2 1]
 [0 1 6 0 1 2]
 [0 1 6 0 1 3]
 [9 9 8 2 2 3]
 [0 1 4 0 2 1]
 [0 1 4 0 1 3]
 [9 9 9 3 1 1]
 [9 9 9 3 1 2]
 [9 9 9 2 3 3]
 [0 2 0 0 2 0]
 [0 1 7 0 2 3]
 [0 1 8 0 2 3]
 [0 1 9 0 2 3]
 [9 9 8 3 3 2]
 [0 2 2 0 1 1]
 [9 9 8 2 2 1]
 [9 9 8 3 2 1]
 [9 9 8 2 3 1]
 [9 9 8 3 3 1]
 [9 9 8 2 1 1]
 [9 9 8 2 1 2]
 [9 9 8 2 1 3]
 [9 9 8 1 3 3]
 [9 9 8 2 3 2]
 [5 5 8 3 1 2]
 [5 5 8 3 3 1]
 [5 5 8 3 2 2]
 [5 5 8 3 1 3]
 [5 5 8 3 3 2]
 [0 2 3 0 2 1]
 [0 2 3 0 3 1]
 [0 2 3 0 2 2]
 [0 2 3 0 1 3]
 [0 2 3 0 3 2]
 [0 2 1 0 2 1]
 [0 2 1 0 2 3]
 [9 9 7 3 3 1]
 [9 9 7 3 3 2]
 [9 9 7 3 3 3]
 [0 2 5 0 1 1]
 [0 2 4 0 3 1]
 [0 2 4 0 2 2]
 [0 2 4 0 3 2]
 [0 2 4 0 3 3]
 [0 2 7 0 1 1]
 [0 2 6 0 3 1]
 [0 2 6 0 3 2]
 [0 2 6 0 2 3]
 [0 2 6 0 3 3]
 [0 2 9 0 1 2]
 [0 2 8 0 3 1]
 [0 2 8 0 3 2]
 [0 2 9 0 1 3]
 [0 2 8 0 3 3]
 [0 3 2 0 2 1]
 [0 3 2 0 1 3]
 [0 3 1 0 3 3]
 [0 3 1 0 3 1]
 [0 3 1 0 3 2]
 [0 1 6 0 3 1]
 [0 1 5 0 3 2]
 [0 1 6 0 2 2]
 [0 1 5 0 3 3]
 [0 1 6 0 2 3]] [[ 22.12275327]
 [ 24.28121631]
 [ 56.72914664]
 [ 26.7549162 ]
 [ 36.23487367]
 [ 10.71823617]
 [  5.0532783 ]
 [ 21.84876511]
 [ 11.88458867]
 [ 23.95323197]
 [ 25.48825718]
 [ 29.14746984]
 [175.51791364]
 [ 57.24335347]
 [ 65.61537777]
 [ 19.32090066]
 [  9.84978041]
 [ 23.66844093]
 [ 13.87471331]
 [106.02657142]
 [ 40.79401605]
 [ 67.54432395]
 [ 90.49889976]
 [ 76.13050802]
 [107.54669111]
 [141.51618359]
 [ 25.55462455]
 [ 14.1436371 ]
 [ 29.00127931]
 [ 41.02316639]
 [ 16.45444089]
 [ 19.64672252]
 [ 32.56778082]
 [ 55.42563087]
 [105.96972167]
 [ 12.31194113]
 [ 30.87315998]
 [ 57.24335347]
 [ 83.19003366]
 [116.78667634]
 [  8.18566502]
 [ 63.24386576]
 [ 66.30073144]
 [ 68.17724845]
 [120.06254342]
 [  8.79405635]
 [ 61.71770005]
 [ 69.54684554]
 [ 78.59510568]
 [ 86.74336501]
 [ 46.82841611]
 [ 69.20080221]
 [ 96.88230386]
 [102.42333973]
 [109.0745631 ]
 [ 63.15824581]
 [ 55.69720324]
 [ 83.80491876]
 [100.5516653 ]
 [ 99.52616182]
 [ 13.61213536]
 [ 16.77950331]
 [ 20.63045355]
 [ 24.98766395]
 [ 24.03377771]
 [ 10.36931357]
 [ 11.39632946]
 [ 81.81057221]
 [115.58807209]
 [121.16659111]
 [ 14.73362297]
 [ 17.14149749]
 [ 23.99788784]
 [ 27.64566009]
 [ 37.32728295]
 [ 21.32442423]
 [ 22.82505939]
 [ 46.99566156]
 [ 63.28210255]
 [ 62.83549166]
 [ 49.94431753]
 [ 73.56953469]
 [ 65.62336639]
 [ 70.93345155]
 [ 73.58827429]
 [ 16.13478382]
 [ 17.80283908]
 [ 20.48938628]
 [ 19.00529679]
 [ 20.35475386]
 [ 21.46712911]
 [ 31.7582222 ]
 [ 39.70810169]
 [ 43.3629621 ]
 [ 57.70771614]]
Query step: 19
19:        x_0  x_1  x_2  y_0  y_1  y_2
62       0    1    8    0    1    1
60       0    1    7    0    3    2
61       0    1    7    0    3    3
19198    9    9    7    3    2    1
19197    9    9    7    3    1    3             f_res
62      19.293476
60      52.685779
61      61.627715
19198   65.757478
19197  101.208540
19: X_train und x_test:  [[1 1 8 1 1 1]
 [1 1 4 3 2 2]
 [4 1 9 1 1 2]
 [6 3 3 3 1 1]
 [8 7 1 1 2 3]
 [0 8 0 0 1 0]
 [0 1 0 0 3 0]
 [0 7 0 0 2 0]
 [0 9 0 0 1 0]
 [0 8 0 0 2 0]
 [9 2 0 2 3 0]
 [9 1 0 3 3 0]
 [9 1 0 2 3 0]
 [9 9 0 2 3 0]
 [9 9 0 3 3 0]
 [0 1 3 0 3 2]
 [0 1 3 0 1 1]
 [0 1 3 0 1 3]
 [0 1 2 0 3 3]
 [9 9 9 3 2 2]
 [9 9 9 1 1 1]
 [9 9 9 1 1 2]
 [9 9 9 1 1 3]
 [9 9 8 3 1 2]
 [9 9 8 3 1 3]
 [0 1 5 0 3 1]
 [0 1 5 0 1 2]
 [0 1 5 0 1 1]
 [0 1 5 0 2 2]
 [0 1 5 0 1 3]
 [0 1 6 0 1 1]
 [0 1 6 0 2 1]
 [0 1 6 0 1 2]
 [0 1 6 0 1 3]
 [9 9 8 2 2 3]
 [0 1 4 0 2 1]
 [0 1 4 0 1 3]
 [9 9 9 3 1 1]
 [9 9 9 3 1 2]
 [9 9 9 2 3 3]
 [0 2 0 0 2 0]
 [0 1 7 0 2 3]
 [0 1 8 0 2 3]
 [0 1 9 0 2 3]
 [9 9 8 3 3 2]
 [0 2 2 0 1 1]
 [9 9 8 2 2 1]
 [9 9 8 3 2 1]
 [9 9 8 2 3 1]
 [9 9 8 3 3 1]
 [9 9 8 2 1 1]
 [9 9 8 2 1 2]
 [9 9 8 2 1 3]
 [9 9 8 1 3 3]
 [9 9 8 2 3 2]
 [5 5 8 3 1 2]
 [5 5 8 3 3 1]
 [5 5 8 3 2 2]
 [5 5 8 3 1 3]
 [5 5 8 3 3 2]
 [0 2 3 0 2 1]
 [0 2 3 0 3 1]
 [0 2 3 0 2 2]
 [0 2 3 0 1 3]
 [0 2 3 0 3 2]
 [0 2 1 0 2 1]
 [0 2 1 0 2 3]
 [9 9 7 3 3 1]
 [9 9 7 3 3 2]
 [9 9 7 3 3 3]
 [0 2 5 0 1 1]
 [0 2 4 0 3 1]
 [0 2 4 0 2 2]
 [0 2 4 0 3 2]
 [0 2 4 0 3 3]
 [0 2 7 0 1 1]
 [0 2 6 0 3 1]
 [0 2 6 0 3 2]
 [0 2 6 0 2 3]
 [0 2 6 0 3 3]
 [0 2 9 0 1 2]
 [0 2 8 0 3 1]
 [0 2 8 0 3 2]
 [0 2 9 0 1 3]
 [0 2 8 0 3 3]
 [0 3 2 0 2 1]
 [0 3 2 0 1 3]
 [0 3 1 0 3 3]
 [0 3 1 0 3 1]
 [0 3 1 0 3 2]
 [0 1 6 0 3 1]
 [0 1 5 0 3 2]
 [0 1 6 0 2 2]
 [0 1 5 0 3 3]
 [0 1 6 0 2 3]
 [0 1 8 0 1 1]
 [0 1 7 0 3 2]
 [0 1 7 0 3 3]
 [9 9 7 3 2 1]
 [9 9 7 3 1 3]] [[ 22.12275327]
 [ 24.28121631]
 [ 56.72914664]
 [ 26.7549162 ]
 [ 36.23487367]
 [ 10.71823617]
 [  5.0532783 ]
 [ 21.84876511]
 [ 11.88458867]
 [ 23.95323197]
 [ 25.48825718]
 [ 29.14746984]
 [175.51791364]
 [ 57.24335347]
 [ 65.61537777]
 [ 19.32090066]
 [  9.84978041]
 [ 23.66844093]
 [ 13.87471331]
 [106.02657142]
 [ 40.79401605]
 [ 67.54432395]
 [ 90.49889976]
 [ 76.13050802]
 [107.54669111]
 [141.51618359]
 [ 25.55462455]
 [ 14.1436371 ]
 [ 29.00127931]
 [ 41.02316639]
 [ 16.45444089]
 [ 19.64672252]
 [ 32.56778082]
 [ 55.42563087]
 [105.96972167]
 [ 12.31194113]
 [ 30.87315998]
 [ 57.24335347]
 [ 83.19003366]
 [116.78667634]
 [  8.18566502]
 [ 63.24386576]
 [ 66.30073144]
 [ 68.17724845]
 [120.06254342]
 [  8.79405635]
 [ 61.71770005]
 [ 69.54684554]
 [ 78.59510568]
 [ 86.74336501]
 [ 46.82841611]
 [ 69.20080221]
 [ 96.88230386]
 [102.42333973]
 [109.0745631 ]
 [ 63.15824581]
 [ 55.69720324]
 [ 83.80491876]
 [100.5516653 ]
 [ 99.52616182]
 [ 13.61213536]
 [ 16.77950331]
 [ 20.63045355]
 [ 24.98766395]
 [ 24.03377771]
 [ 10.36931357]
 [ 11.39632946]
 [ 81.81057221]
 [115.58807209]
 [121.16659111]
 [ 14.73362297]
 [ 17.14149749]
 [ 23.99788784]
 [ 27.64566009]
 [ 37.32728295]
 [ 21.32442423]
 [ 22.82505939]
 [ 46.99566156]
 [ 63.28210255]
 [ 62.83549166]
 [ 49.94431753]
 [ 73.56953469]
 [ 65.62336639]
 [ 70.93345155]
 [ 73.58827429]
 [ 16.13478382]
 [ 17.80283908]
 [ 20.48938628]
 [ 19.00529679]
 [ 20.35475386]
 [ 21.46712911]
 [ 31.7582222 ]
 [ 39.70810169]
 [ 43.3629621 ]
 [ 57.70771614]
 [ 19.29347567]
 [ 52.68577929]
 [ 61.62771526]
 [ 65.75747777]
 [101.20853979]]
Query step: 20
20:        x_0  x_1  x_2  y_0  y_1  y_2
19205    9    9    8    1    1    2
19207    9    9    8    1    2    1
19208    9    9    8    1    2    2
19210    9    9    8    1    3    1
19211    9    9    8    1    3    2            f_res
19205  62.433674
19207  54.266437
19208  83.483365
19210  71.473115
19211  98.239761
20: X_train und x_test:  [[1 1 8 1 1 1]
 [1 1 4 3 2 2]
 [4 1 9 1 1 2]
 [6 3 3 3 1 1]
 [8 7 1 1 2 3]
 [0 8 0 0 1 0]
 [0 1 0 0 3 0]
 [0 7 0 0 2 0]
 [0 9 0 0 1 0]
 [0 8 0 0 2 0]
 [9 2 0 2 3 0]
 [9 1 0 3 3 0]
 [9 1 0 2 3 0]
 [9 9 0 2 3 0]
 [9 9 0 3 3 0]
 [0 1 3 0 3 2]
 [0 1 3 0 1 1]
 [0 1 3 0 1 3]
 [0 1 2 0 3 3]
 [9 9 9 3 2 2]
 [9 9 9 1 1 1]
 [9 9 9 1 1 2]
 [9 9 9 1 1 3]
 [9 9 8 3 1 2]
 [9 9 8 3 1 3]
 [0 1 5 0 3 1]
 [0 1 5 0 1 2]
 [0 1 5 0 1 1]
 [0 1 5 0 2 2]
 [0 1 5 0 1 3]
 [0 1 6 0 1 1]
 [0 1 6 0 2 1]
 [0 1 6 0 1 2]
 [0 1 6 0 1 3]
 [9 9 8 2 2 3]
 [0 1 4 0 2 1]
 [0 1 4 0 1 3]
 [9 9 9 3 1 1]
 [9 9 9 3 1 2]
 [9 9 9 2 3 3]
 [0 2 0 0 2 0]
 [0 1 7 0 2 3]
 [0 1 8 0 2 3]
 [0 1 9 0 2 3]
 [9 9 8 3 3 2]
 [0 2 2 0 1 1]
 [9 9 8 2 2 1]
 [9 9 8 3 2 1]
 [9 9 8 2 3 1]
 [9 9 8 3 3 1]
 [9 9 8 2 1 1]
 [9 9 8 2 1 2]
 [9 9 8 2 1 3]
 [9 9 8 1 3 3]
 [9 9 8 2 3 2]
 [5 5 8 3 1 2]
 [5 5 8 3 3 1]
 [5 5 8 3 2 2]
 [5 5 8 3 1 3]
 [5 5 8 3 3 2]
 [0 2 3 0 2 1]
 [0 2 3 0 3 1]
 [0 2 3 0 2 2]
 [0 2 3 0 1 3]
 [0 2 3 0 3 2]
 [0 2 1 0 2 1]
 [0 2 1 0 2 3]
 [9 9 7 3 3 1]
 [9 9 7 3 3 2]
 [9 9 7 3 3 3]
 [0 2 5 0 1 1]
 [0 2 4 0 3 1]
 [0 2 4 0 2 2]
 [0 2 4 0 3 2]
 [0 2 4 0 3 3]
 [0 2 7 0 1 1]
 [0 2 6 0 3 1]
 [0 2 6 0 3 2]
 [0 2 6 0 2 3]
 [0 2 6 0 3 3]
 [0 2 9 0 1 2]
 [0 2 8 0 3 1]
 [0 2 8 0 3 2]
 [0 2 9 0 1 3]
 [0 2 8 0 3 3]
 [0 3 2 0 2 1]
 [0 3 2 0 1 3]
 [0 3 1 0 3 3]
 [0 3 1 0 3 1]
 [0 3 1 0 3 2]
 [0 1 6 0 3 1]
 [0 1 5 0 3 2]
 [0 1 6 0 2 2]
 [0 1 5 0 3 3]
 [0 1 6 0 2 3]
 [0 1 8 0 1 1]
 [0 1 7 0 3 2]
 [0 1 7 0 3 3]
 [9 9 7 3 2 1]
 [9 9 7 3 1 3]
 [9 9 8 1 1 2]
 [9 9 8 1 2 1]
 [9 9 8 1 2 2]
 [9 9 8 1 3 1]
 [9 9 8 1 3 2]] [[ 22.12275327]
 [ 24.28121631]
 [ 56.72914664]
 [ 26.7549162 ]
 [ 36.23487367]
 [ 10.71823617]
 [  5.0532783 ]
 [ 21.84876511]
 [ 11.88458867]
 [ 23.95323197]
 [ 25.48825718]
 [ 29.14746984]
 [175.51791364]
 [ 57.24335347]
 [ 65.61537777]
 [ 19.32090066]
 [  9.84978041]
 [ 23.66844093]
 [ 13.87471331]
 [106.02657142]
 [ 40.79401605]
 [ 67.54432395]
 [ 90.49889976]
 [ 76.13050802]
 [107.54669111]
 [141.51618359]
 [ 25.55462455]
 [ 14.1436371 ]
 [ 29.00127931]
 [ 41.02316639]
 [ 16.45444089]
 [ 19.64672252]
 [ 32.56778082]
 [ 55.42563087]
 [105.96972167]
 [ 12.31194113]
 [ 30.87315998]
 [ 57.24335347]
 [ 83.19003366]
 [116.78667634]
 [  8.18566502]
 [ 63.24386576]
 [ 66.30073144]
 [ 68.17724845]
 [120.06254342]
 [  8.79405635]
 [ 61.71770005]
 [ 69.54684554]
 [ 78.59510568]
 [ 86.74336501]
 [ 46.82841611]
 [ 69.20080221]
 [ 96.88230386]
 [102.42333973]
 [109.0745631 ]
 [ 63.15824581]
 [ 55.69720324]
 [ 83.80491876]
 [100.5516653 ]
 [ 99.52616182]
 [ 13.61213536]
 [ 16.77950331]
 [ 20.63045355]
 [ 24.98766395]
 [ 24.03377771]
 [ 10.36931357]
 [ 11.39632946]
 [ 81.81057221]
 [115.58807209]
 [121.16659111]
 [ 14.73362297]
 [ 17.14149749]
 [ 23.99788784]
 [ 27.64566009]
 [ 37.32728295]
 [ 21.32442423]
 [ 22.82505939]
 [ 46.99566156]
 [ 63.28210255]
 [ 62.83549166]
 [ 49.94431753]
 [ 73.56953469]
 [ 65.62336639]
 [ 70.93345155]
 [ 73.58827429]
 [ 16.13478382]
 [ 17.80283908]
 [ 20.48938628]
 [ 19.00529679]
 [ 20.35475386]
 [ 21.46712911]
 [ 31.7582222 ]
 [ 39.70810169]
 [ 43.3629621 ]
 [ 57.70771614]
 [ 19.29347567]
 [ 52.68577929]
 [ 61.62771526]
 [ 65.75747777]
 [101.20853979]
 [ 62.4336741 ]
 [ 54.26643714]
 [ 83.48336451]
 [ 71.4731152 ]
 [ 98.23976071]]