(sim) C:\Users\Administrator\ALinSim\src>uv run GP_Active_learning_trc.py --random_state 50
Total valid pool combinations (paper-consistent): 21168 (should be 21168)
Valid pool count (paper-consistent): 21168, should be 21168
delta = 0.2079  (=0.5 * median NN distance in normalized space)
Pool after removing test points: 21068
Pool kept after distance filtering: 19247 / 21068
Query step: 0
step == 0 [16044, 15153, 15855, 15035, 13751]
0:        x_0  x_1  x_2  y_0  y_1  y_2
13751    7    4    5    2    1    1
15035    8    1    1    3    3    1
15855    8    4    7    1    3    2
15153    8    1    6    2    3    3
16044    8    5    5    3    2    2            f_res
13751  27.653018
15035  30.788204
15855  75.533130
15153  62.178789
16044  54.017962
0: X_train und x_test:  [[7 4 5 2 1 1]
 [8 1 1 3 3 1]
 [8 4 7 1 3 2]
 [8 1 6 2 3 3]
 [8 5 5 3 2 2]] [[27.65301824]
 [30.78820423]
 [75.53313033]
 [62.17878852]
 [54.01796184]]
Query step: 1
1:     x_0  x_1  x_2  y_0  y_1  y_2
42    0    1    5    0    3    1
40    0    1    5    0    2    2
43    0    1    5    0    3    2
41    0    1    5    0    2    3
44    0    1    5    0    3    3          f_res
42  141.516184
40   29.001279
43   31.758222
41   44.951912
44   43.362962
1: X_train und x_test:  [[7 4 5 2 1 1]
 [8 1 1 3 3 1]
 [8 4 7 1 3 2]
 [8 1 6 2 3 3]
 [8 5 5 3 2 2]
 [0 1 5 0 3 1]
 [0 1 5 0 2 2]
 [0 1 5 0 3 2]
 [0 1 5 0 2 3]
 [0 1 5 0 3 3]] [[ 27.65301824]
 [ 30.78820423]
 [ 75.53313033]
 [ 62.17878852]
 [ 54.01796184]
 [141.51618359]
 [ 29.00127931]
 [ 31.7582222 ]
 [ 44.95191185]
 [ 43.3629621 ]]
Query step: 2
2:        x_0  x_1  x_2  y_0  y_1  y_2
18053    9    5    0    2    2    0
18055    9    5    0    3    1    0
18054    9    5    0    2    3    0
17820    9    4    0    3    2    0
18056    9    5    0    3    2    0            f_res
18053  28.867655
18055  31.809834
18054  34.677763
17820  34.258138
18056  36.734732
2: X_train und x_test:  [[7 4 5 2 1 1]
 [8 1 1 3 3 1]
 [8 4 7 1 3 2]
 [8 1 6 2 3 3]
 [8 5 5 3 2 2]
 [0 1 5 0 3 1]
 [0 1 5 0 2 2]
 [0 1 5 0 3 2]
 [0 1 5 0 2 3]
 [0 1 5 0 3 3]
 [9 5 0 2 2 0]
 [9 5 0 3 1 0]
 [9 5 0 2 3 0]
 [9 4 0 3 2 0]
 [9 5 0 3 2 0]] [[ 27.65301824]
 [ 30.78820423]
 [ 75.53313033]
 [ 62.17878852]
 [ 54.01796184]
 [141.51618359]
 [ 29.00127931]
 [ 31.7582222 ]
 [ 44.95191185]
 [ 43.3629621 ]
 [ 28.86765467]
 [ 31.80983378]
 [ 34.67776292]
 [ 34.25813816]
 [ 36.73473204]]
Query step: 3
3:      x_0  x_1  x_2  y_0  y_1  y_2
81     0    2    0    0    1    0
82     0    2    0    0    2    0
161    0    3    0    0    3    0
472    0    7    0    0    2    0
555    0    8    0    0    2    0          f_res
81    3.584220
82    8.185665
161  16.424543
472  21.848765
555  23.953232
3: X_train und x_test:  [[7 4 5 2 1 1]
 [8 1 1 3 3 1]
 [8 4 7 1 3 2]
 [8 1 6 2 3 3]
 [8 5 5 3 2 2]
 [0 1 5 0 3 1]
 [0 1 5 0 2 2]
 [0 1 5 0 3 2]
 [0 1 5 0 2 3]
 [0 1 5 0 3 3]
 [9 5 0 2 2 0]
 [9 5 0 3 1 0]
 [9 5 0 2 3 0]
 [9 4 0 3 2 0]
 [9 5 0 3 2 0]
 [0 2 0 0 1 0]
 [0 2 0 0 2 0]
 [0 3 0 0 3 0]
 [0 7 0 0 2 0]
 [0 8 0 0 2 0]] [[ 27.65301824]
 [ 30.78820423]
 [ 75.53313033]
 [ 62.17878852]
 [ 54.01796184]
 [141.51618359]
 [ 29.00127931]
 [ 31.7582222 ]
 [ 44.95191185]
 [ 43.3629621 ]
 [ 28.86765467]
 [ 31.80983378]
 [ 34.67776292]
 [ 34.25813816]
 [ 36.73473204]
 [  3.58421987]
 [  8.18566502]
 [ 16.42454322]
 [ 21.84876511]
 [ 23.95323197]]
Query step: 4
4:       x_0  x_1  x_2  y_0  y_1  y_2
2376    1    8    1    3    1    3
2379    1    8    1    3    2    3
2382    1    8    1    3    3    3
6695    3    9    1    3    2    3
6698    3    9    1    3    3    3           f_res
2376  23.687110
2379  36.029343
2382  49.216127
6695  49.015934
6698  63.426116
4: X_train und x_test:  [[7 4 5 2 1 1]
 [8 1 1 3 3 1]
 [8 4 7 1 3 2]
 [8 1 6 2 3 3]
 [8 5 5 3 2 2]
 [0 1 5 0 3 1]
 [0 1 5 0 2 2]
 [0 1 5 0 3 2]
 [0 1 5 0 2 3]
 [0 1 5 0 3 3]
 [9 5 0 2 2 0]
 [9 5 0 3 1 0]
 [9 5 0 2 3 0]
 [9 4 0 3 2 0]
 [9 5 0 3 2 0]
 [0 2 0 0 1 0]
 [0 2 0 0 2 0]
 [0 3 0 0 3 0]
 [0 7 0 0 2 0]
 [0 8 0 0 2 0]
 [1 8 1 3 1 3]
 [1 8 1 3 2 3]
 [1 8 1 3 3 3]
 [3 9 1 3 2 3]
 [3 9 1 3 3 3]] [[ 27.65301824]
 [ 30.78820423]
 [ 75.53313033]
 [ 62.17878852]
 [ 54.01796184]
 [141.51618359]
 [ 29.00127931]
 [ 31.7582222 ]
 [ 44.95191185]
 [ 43.3629621 ]
 [ 28.86765467]
 [ 31.80983378]
 [ 34.67776292]
 [ 34.25813816]
 [ 36.73473204]
 [  3.58421987]
 [  8.18566502]
 [ 16.42454322]
 [ 21.84876511]
 [ 23.95323197]
 [ 23.68710959]
 [ 36.02934318]
 [ 49.21612714]
 [ 49.01593351]
 [ 63.42611628]]
Query step: 5
5:       x_0  x_1  x_2  y_0  y_1  y_2
2632    1    9    2    3    1    1
2658    1    9    3    3    1    1
2685    1    9    4    3    1    1
2710    1    9    5    3    1    1
2735    1    9    6    3    1    1           f_res
2632  20.491052
2658  22.210162
2685  24.026844
2710  26.203424
2735  28.681749
5: X_train und x_test:  [[7 4 5 2 1 1]
 [8 1 1 3 3 1]
 [8 4 7 1 3 2]
 [8 1 6 2 3 3]
 [8 5 5 3 2 2]
 [0 1 5 0 3 1]
 [0 1 5 0 2 2]
 [0 1 5 0 3 2]
 [0 1 5 0 2 3]
 [0 1 5 0 3 3]
 [9 5 0 2 2 0]
 [9 5 0 3 1 0]
 [9 5 0 2 3 0]
 [9 4 0 3 2 0]
 [9 5 0 3 2 0]
 [0 2 0 0 1 0]
 [0 2 0 0 2 0]
 [0 3 0 0 3 0]
 [0 7 0 0 2 0]
 [0 8 0 0 2 0]
 [1 8 1 3 1 3]
 [1 8 1 3 2 3]
 [1 8 1 3 3 3]
 [3 9 1 3 2 3]
 [3 9 1 3 3 3]
 [1 9 2 3 1 1]
 [1 9 3 3 1 1]
 [1 9 4 3 1 1]
 [1 9 5 3 1 1]
 [1 9 6 3 1 1]] [[ 27.65301824]
 [ 30.78820423]
 [ 75.53313033]
 [ 62.17878852]
 [ 54.01796184]
 [141.51618359]
 [ 29.00127931]
 [ 31.7582222 ]
 [ 44.95191185]
 [ 43.3629621 ]
 [ 28.86765467]
 [ 31.80983378]
 [ 34.67776292]
 [ 34.25813816]
 [ 36.73473204]
 [  3.58421987]
 [  8.18566502]
 [ 16.42454322]
 [ 21.84876511]
 [ 23.95323197]
 [ 23.68710959]
 [ 36.02934318]
 [ 49.21612714]
 [ 49.01593351]
 [ 63.42611628]
 [ 20.49105161]
 [ 22.21016162]
 [ 24.02684371]
 [ 26.20342389]
 [ 28.68174869]]
Query step: 6
6:       x_0  x_1  x_2  y_0  y_1  y_2
2639    1    9    2    3    3    2
2789    1    9    8    3    2    2
2575    1    8    9    3    2    2
2346    1    7    9    3    3    2
2766    1    9    7    3    3    2           f_res
2639  54.722360
2789  79.169802
2575  82.210031
2346  93.953272
2766  89.399458
6: X_train und x_test:  [[7 4 5 2 1 1]
 [8 1 1 3 3 1]
 [8 4 7 1 3 2]
 [8 1 6 2 3 3]
 [8 5 5 3 2 2]
 [0 1 5 0 3 1]
 [0 1 5 0 2 2]
 [0 1 5 0 3 2]
 [0 1 5 0 2 3]
 [0 1 5 0 3 3]
 [9 5 0 2 2 0]
 [9 5 0 3 1 0]
 [9 5 0 2 3 0]
 [9 4 0 3 2 0]
 [9 5 0 3 2 0]
 [0 2 0 0 1 0]
 [0 2 0 0 2 0]
 [0 3 0 0 3 0]
 [0 7 0 0 2 0]
 [0 8 0 0 2 0]
 [1 8 1 3 1 3]
 [1 8 1 3 2 3]
 [1 8 1 3 3 3]
 [3 9 1 3 2 3]
 [3 9 1 3 3 3]
 [1 9 2 3 1 1]
 [1 9 3 3 1 1]
 [1 9 4 3 1 1]
 [1 9 5 3 1 1]
 [1 9 6 3 1 1]
 [1 9 2 3 3 2]
 [1 9 8 3 2 2]
 [1 8 9 3 2 2]
 [1 7 9 3 3 2]
 [1 9 7 3 3 2]] [[ 27.65301824]
 [ 30.78820423]
 [ 75.53313033]
 [ 62.17878852]
 [ 54.01796184]
 [141.51618359]
 [ 29.00127931]
 [ 31.7582222 ]
 [ 44.95191185]
 [ 43.3629621 ]
 [ 28.86765467]
 [ 31.80983378]
 [ 34.67776292]
 [ 34.25813816]
 [ 36.73473204]
 [  3.58421987]
 [  8.18566502]
 [ 16.42454322]
 [ 21.84876511]
 [ 23.95323197]
 [ 23.68710959]
 [ 36.02934318]
 [ 49.21612714]
 [ 49.01593351]
 [ 63.42611628]
 [ 20.49105161]
 [ 22.21016162]
 [ 24.02684371]
 [ 26.20342389]
 [ 28.68174869]
 [ 54.72236008]
 [ 79.16980223]
 [ 82.21003063]
 [ 93.95327208]
 [ 89.39945806]]
Query step: 7
7:        x_0  x_1  x_2  y_0  y_1  y_2
947      1    1    9    3    1    3
1883     1    5    9    3    1    3
19223    9    9    9    1    1    3
4624     2    8    9    3    2    3
2347     1    7    9    3    3    3             f_res
947     74.579055
1883    83.803091
19223   90.498900
4624   101.417537
2347    99.856160
7: X_train und x_test:  [[7 4 5 2 1 1]
 [8 1 1 3 3 1]
 [8 4 7 1 3 2]
 [8 1 6 2 3 3]
 [8 5 5 3 2 2]
 [0 1 5 0 3 1]
 [0 1 5 0 2 2]
 [0 1 5 0 3 2]
 [0 1 5 0 2 3]
 [0 1 5 0 3 3]
 [9 5 0 2 2 0]
 [9 5 0 3 1 0]
 [9 5 0 2 3 0]
 [9 4 0 3 2 0]
 [9 5 0 3 2 0]
 [0 2 0 0 1 0]
 [0 2 0 0 2 0]
 [0 3 0 0 3 0]
 [0 7 0 0 2 0]
 [0 8 0 0 2 0]
 [1 8 1 3 1 3]
 [1 8 1 3 2 3]
 [1 8 1 3 3 3]
 [3 9 1 3 2 3]
 [3 9 1 3 3 3]
 [1 9 2 3 1 1]
 [1 9 3 3 1 1]
 [1 9 4 3 1 1]
 [1 9 5 3 1 1]
 [1 9 6 3 1 1]
 [1 9 2 3 3 2]
 [1 9 8 3 2 2]
 [1 8 9 3 2 2]
 [1 7 9 3 3 2]
 [1 9 7 3 3 2]
 [1 1 9 3 1 3]
 [1 5 9 3 1 3]
 [9 9 9 1 1 3]
 [2 8 9 3 2 3]
 [1 7 9 3 3 3]] [[ 27.65301824]
 [ 30.78820423]
 [ 75.53313033]
 [ 62.17878852]
 [ 54.01796184]
 [141.51618359]
 [ 29.00127931]
 [ 31.7582222 ]
 [ 44.95191185]
 [ 43.3629621 ]
 [ 28.86765467]
 [ 31.80983378]
 [ 34.67776292]
 [ 34.25813816]
 [ 36.73473204]
 [  3.58421987]
 [  8.18566502]
 [ 16.42454322]
 [ 21.84876511]
 [ 23.95323197]
 [ 23.68710959]
 [ 36.02934318]
 [ 49.21612714]
 [ 49.01593351]
 [ 63.42611628]
 [ 20.49105161]
 [ 22.21016162]
 [ 24.02684371]
 [ 26.20342389]
 [ 28.68174869]
 [ 54.72236008]
 [ 79.16980223]
 [ 82.21003063]
 [ 93.95327208]
 [ 89.39945806]
 [ 74.57905452]
 [ 83.80309095]
 [ 90.49889976]
 [101.41753749]
 [ 99.85616008]]
Query step: 8
8:        x_0  x_1  x_2  y_0  y_1  y_2
16858    8    9    1    1    3    1
19069    9    9    3    1    3    1
18743    9    7    9    1    3    1
18958    9    8    8    1    3    1
19147    9    9    6    1    3    1            f_res
16858  52.059538
19069  56.074098
18743  68.428445
18958  67.493919
19147  62.712866
8: X_train und x_test:  [[7 4 5 2 1 1]
 [8 1 1 3 3 1]
 [8 4 7 1 3 2]
 [8 1 6 2 3 3]
 [8 5 5 3 2 2]
 [0 1 5 0 3 1]
 [0 1 5 0 2 2]
 [0 1 5 0 3 2]
 [0 1 5 0 2 3]
 [0 1 5 0 3 3]
 [9 5 0 2 2 0]
 [9 5 0 3 1 0]
 [9 5 0 2 3 0]
 [9 4 0 3 2 0]
 [9 5 0 3 2 0]
 [0 2 0 0 1 0]
 [0 2 0 0 2 0]
 [0 3 0 0 3 0]
 [0 7 0 0 2 0]
 [0 8 0 0 2 0]
 [1 8 1 3 1 3]
 [1 8 1 3 2 3]
 [1 8 1 3 3 3]
 [3 9 1 3 2 3]
 [3 9 1 3 3 3]
 [1 9 2 3 1 1]
 [1 9 3 3 1 1]
 [1 9 4 3 1 1]
 [1 9 5 3 1 1]
 [1 9 6 3 1 1]
 [1 9 2 3 3 2]
 [1 9 8 3 2 2]
 [1 8 9 3 2 2]
 [1 7 9 3 3 2]
 [1 9 7 3 3 2]
 [1 1 9 3 1 3]
 [1 5 9 3 1 3]
 [9 9 9 1 1 3]
 [2 8 9 3 2 3]
 [1 7 9 3 3 3]
 [8 9 1 1 3 1]
 [9 9 3 1 3 1]
 [9 7 9 1 3 1]
 [9 8 8 1 3 1]
 [9 9 6 1 3 1]] [[ 27.65301824]
 [ 30.78820423]
 [ 75.53313033]
 [ 62.17878852]
 [ 54.01796184]
 [141.51618359]
 [ 29.00127931]
 [ 31.7582222 ]
 [ 44.95191185]
 [ 43.3629621 ]
 [ 28.86765467]
 [ 31.80983378]
 [ 34.67776292]
 [ 34.25813816]
 [ 36.73473204]
 [  3.58421987]
 [  8.18566502]
 [ 16.42454322]
 [ 21.84876511]
 [ 23.95323197]
 [ 23.68710959]
 [ 36.02934318]
 [ 49.21612714]
 [ 49.01593351]
 [ 63.42611628]
 [ 20.49105161]
 [ 22.21016162]
 [ 24.02684371]
 [ 26.20342389]
 [ 28.68174869]
 [ 54.72236008]
 [ 79.16980223]
 [ 82.21003063]
 [ 93.95327208]
 [ 89.39945806]
 [ 74.57905452]
 [ 83.80309095]
 [ 90.49889976]
 [101.41753749]
 [ 99.85616008]
 [ 52.05953758]
 [ 56.07409839]
 [ 68.42844491]
 [ 67.49391942]
 [ 62.71286618]]
Query step: 9
9:        x_0  x_1  x_2  y_0  y_1  y_2
628      0    8    9    0    1    1
16615    8    8    1    1    1    2
14775    7    9    1    1    1    2
646      0    9    1    0    3    2
19018    9    9    1    1    3    2            f_res
628    29.981297
16615  25.724315
14775  27.106180
646    45.927619
19018  55.028883
9: X_train und x_test:  [[7 4 5 2 1 1]
 [8 1 1 3 3 1]
 [8 4 7 1 3 2]
 [8 1 6 2 3 3]
 [8 5 5 3 2 2]
 [0 1 5 0 3 1]
 [0 1 5 0 2 2]
 [0 1 5 0 3 2]
 [0 1 5 0 2 3]
 [0 1 5 0 3 3]
 [9 5 0 2 2 0]
 [9 5 0 3 1 0]
 [9 5 0 2 3 0]
 [9 4 0 3 2 0]
 [9 5 0 3 2 0]
 [0 2 0 0 1 0]
 [0 2 0 0 2 0]
 [0 3 0 0 3 0]
 [0 7 0 0 2 0]
 [0 8 0 0 2 0]
 [1 8 1 3 1 3]
 [1 8 1 3 2 3]
 [1 8 1 3 3 3]
 [3 9 1 3 2 3]
 [3 9 1 3 3 3]
 [1 9 2 3 1 1]
 [1 9 3 3 1 1]
 [1 9 4 3 1 1]
 [1 9 5 3 1 1]
 [1 9 6 3 1 1]
 [1 9 2 3 3 2]
 [1 9 8 3 2 2]
 [1 8 9 3 2 2]
 [1 7 9 3 3 2]
 [1 9 7 3 3 2]
 [1 1 9 3 1 3]
 [1 5 9 3 1 3]
 [9 9 9 1 1 3]
 [2 8 9 3 2 3]
 [1 7 9 3 3 3]
 [8 9 1 1 3 1]
 [9 9 3 1 3 1]
 [9 7 9 1 3 1]
 [9 8 8 1 3 1]
 [9 9 6 1 3 1]
 [0 8 9 0 1 1]
 [8 8 1 1 1 2]
 [7 9 1 1 1 2]
 [0 9 1 0 3 2]
 [9 9 1 1 3 2]] [[ 27.65301824]
 [ 30.78820423]
 [ 75.53313033]
 [ 62.17878852]
 [ 54.01796184]
 [141.51618359]
 [ 29.00127931]
 [ 31.7582222 ]
 [ 44.95191185]
 [ 43.3629621 ]
 [ 28.86765467]
 [ 31.80983378]
 [ 34.67776292]
 [ 34.25813816]
 [ 36.73473204]
 [  3.58421987]
 [  8.18566502]
 [ 16.42454322]
 [ 21.84876511]
 [ 23.95323197]
 [ 23.68710959]
 [ 36.02934318]
 [ 49.21612714]
 [ 49.01593351]
 [ 63.42611628]
 [ 20.49105161]
 [ 22.21016162]
 [ 24.02684371]
 [ 26.20342389]
 [ 28.68174869]
 [ 54.72236008]
 [ 79.16980223]
 [ 82.21003063]
 [ 93.95327208]
 [ 89.39945806]
 [ 74.57905452]
 [ 83.80309095]
 [ 90.49889976]
 [101.41753749]
 [ 99.85616008]
 [ 52.05953758]
 [ 56.07409839]
 [ 68.42844491]
 [ 67.49391942]
 [ 62.71286618]
 [ 29.98129705]
 [ 25.72431482]
 [ 27.10617952]
 [ 45.92761897]
 [ 55.02888338]]
Query step: 10
10:        x_0  x_1  x_2  y_0  y_1  y_2
17341    9    2    1    1    1    3
561      0    8    1    0    2    3
17106    9    1    1    2    1    3
15032    8    1    1    3    1    3
665      0    9    3    0    3    3            f_res
17341  18.829473
561    30.935084
17106  28.650156
15032  33.691035
665    55.520864
10: X_train und x_test:  [[7 4 5 2 1 1]
 [8 1 1 3 3 1]
 [8 4 7 1 3 2]
 [8 1 6 2 3 3]
 [8 5 5 3 2 2]
 [0 1 5 0 3 1]
 [0 1 5 0 2 2]
 [0 1 5 0 3 2]
 [0 1 5 0 2 3]
 [0 1 5 0 3 3]
 [9 5 0 2 2 0]
 [9 5 0 3 1 0]
 [9 5 0 2 3 0]
 [9 4 0 3 2 0]
 [9 5 0 3 2 0]
 [0 2 0 0 1 0]
 [0 2 0 0 2 0]
 [0 3 0 0 3 0]
 [0 7 0 0 2 0]
 [0 8 0 0 2 0]
 [1 8 1 3 1 3]
 [1 8 1 3 2 3]
 [1 8 1 3 3 3]
 [3 9 1 3 2 3]
 [3 9 1 3 3 3]
 [1 9 2 3 1 1]
 [1 9 3 3 1 1]
 [1 9 4 3 1 1]
 [1 9 5 3 1 1]
 [1 9 6 3 1 1]
 [1 9 2 3 3 2]
 [1 9 8 3 2 2]
 [1 8 9 3 2 2]
 [1 7 9 3 3 2]
 [1 9 7 3 3 2]
 [1 1 9 3 1 3]
 [1 5 9 3 1 3]
 [9 9 9 1 1 3]
 [2 8 9 3 2 3]
 [1 7 9 3 3 3]
 [8 9 1 1 3 1]
 [9 9 3 1 3 1]
 [9 7 9 1 3 1]
 [9 8 8 1 3 1]
 [9 9 6 1 3 1]
 [0 8 9 0 1 1]
 [8 8 1 1 1 2]
 [7 9 1 1 1 2]
 [0 9 1 0 3 2]
 [9 9 1 1 3 2]
 [9 2 1 1 1 3]
 [0 8 1 0 2 3]
 [9 1 1 2 1 3]
 [8 1 1 3 1 3]
 [0 9 3 0 3 3]] [[ 27.65301824]
 [ 30.78820423]
 [ 75.53313033]
 [ 62.17878852]
 [ 54.01796184]
 [141.51618359]
 [ 29.00127931]
 [ 31.7582222 ]
 [ 44.95191185]
 [ 43.3629621 ]
 [ 28.86765467]
 [ 31.80983378]
 [ 34.67776292]
 [ 34.25813816]
 [ 36.73473204]
 [  3.58421987]
 [  8.18566502]
 [ 16.42454322]
 [ 21.84876511]
 [ 23.95323197]
 [ 23.68710959]
 [ 36.02934318]
 [ 49.21612714]
 [ 49.01593351]
 [ 63.42611628]
 [ 20.49105161]
 [ 22.21016162]
 [ 24.02684371]
 [ 26.20342389]
 [ 28.68174869]
 [ 54.72236008]
 [ 79.16980223]
 [ 82.21003063]
 [ 93.95327208]
 [ 89.39945806]
 [ 74.57905452]
 [ 83.80309095]
 [ 90.49889976]
 [101.41753749]
 [ 99.85616008]
 [ 52.05953758]
 [ 56.07409839]
 [ 68.42844491]
 [ 67.49391942]
 [ 62.71286618]
 [ 29.98129705]
 [ 25.72431482]
 [ 27.10617952]
 [ 45.92761897]
 [ 55.02888338]
 [ 18.82947275]
 [ 30.93508446]
 [ 28.65015592]
 [ 33.69103465]
 [ 55.52086421]]
Query step: 11
11:       x_0  x_1  x_2  y_0  y_1  y_2
84      0    2    1    0    1    1
4896    3    1    1    3    1    2
1153    1    2    8    3    3    1
629     0    8    9    0    1    2
715     0    9    9    0    2    2           f_res
84     6.392810
4896  17.704688
1153  39.766017
629   57.076878
715   76.551266
11: X_train und x_test:  [[7 4 5 2 1 1]
 [8 1 1 3 3 1]
 [8 4 7 1 3 2]
 [8 1 6 2 3 3]
 [8 5 5 3 2 2]
 [0 1 5 0 3 1]
 [0 1 5 0 2 2]
 [0 1 5 0 3 2]
 [0 1 5 0 2 3]
 [0 1 5 0 3 3]
 [9 5 0 2 2 0]
 [9 5 0 3 1 0]
 [9 5 0 2 3 0]
 [9 4 0 3 2 0]
 [9 5 0 3 2 0]
 [0 2 0 0 1 0]
 [0 2 0 0 2 0]
 [0 3 0 0 3 0]
 [0 7 0 0 2 0]
 [0 8 0 0 2 0]
 [1 8 1 3 1 3]
 [1 8 1 3 2 3]
 [1 8 1 3 3 3]
 [3 9 1 3 2 3]
 [3 9 1 3 3 3]
 [1 9 2 3 1 1]
 [1 9 3 3 1 1]
 [1 9 4 3 1 1]
 [1 9 5 3 1 1]
 [1 9 6 3 1 1]
 [1 9 2 3 3 2]
 [1 9 8 3 2 2]
 [1 8 9 3 2 2]
 [1 7 9 3 3 2]
 [1 9 7 3 3 2]
 [1 1 9 3 1 3]
 [1 5 9 3 1 3]
 [9 9 9 1 1 3]
 [2 8 9 3 2 3]
 [1 7 9 3 3 3]
 [8 9 1 1 3 1]
 [9 9 3 1 3 1]
 [9 7 9 1 3 1]
 [9 8 8 1 3 1]
 [9 9 6 1 3 1]
 [0 8 9 0 1 1]
 [8 8 1 1 1 2]
 [7 9 1 1 1 2]
 [0 9 1 0 3 2]
 [9 9 1 1 3 2]
 [9 2 1 1 1 3]
 [0 8 1 0 2 3]
 [9 1 1 2 1 3]
 [8 1 1 3 1 3]
 [0 9 3 0 3 3]
 [0 2 1 0 1 1]
 [3 1 1 3 1 2]
 [1 2 8 3 3 1]
 [0 8 9 0 1 2]
 [0 9 9 0 2 2]] [[ 27.65301824]
 [ 30.78820423]
 [ 75.53313033]
 [ 62.17878852]
 [ 54.01796184]
 [141.51618359]
 [ 29.00127931]
 [ 31.7582222 ]
 [ 44.95191185]
 [ 43.3629621 ]
 [ 28.86765467]
 [ 31.80983378]
 [ 34.67776292]
 [ 34.25813816]
 [ 36.73473204]
 [  3.58421987]
 [  8.18566502]
 [ 16.42454322]
 [ 21.84876511]
 [ 23.95323197]
 [ 23.68710959]
 [ 36.02934318]
 [ 49.21612714]
 [ 49.01593351]
 [ 63.42611628]
 [ 20.49105161]
 [ 22.21016162]
 [ 24.02684371]
 [ 26.20342389]
 [ 28.68174869]
 [ 54.72236008]
 [ 79.16980223]
 [ 82.21003063]
 [ 93.95327208]
 [ 89.39945806]
 [ 74.57905452]
 [ 83.80309095]
 [ 90.49889976]
 [101.41753749]
 [ 99.85616008]
 [ 52.05953758]
 [ 56.07409839]
 [ 68.42844491]
 [ 67.49391942]
 [ 62.71286618]
 [ 29.98129705]
 [ 25.72431482]
 [ 27.10617952]
 [ 45.92761897]
 [ 55.02888338]
 [ 18.82947275]
 [ 30.93508446]
 [ 28.65015592]
 [ 33.69103465]
 [ 55.52086421]
 [  6.39281047]
 [ 17.7046882 ]
 [ 39.76601713]
 [ 57.07687789]
 [ 76.55126644]]
Query step: 12
12:        x_0  x_1  x_2  y_0  y_1  y_2
1431     1    4    0    3    3    0
1667     1    5    0    3    3    0
17304    9    1    9    1    1    2
17119    9    1    1    3    3    2
713      0    9    9    0    1    3            f_res
1431   21.910311
1667   26.212153
17304  58.261068
17119  36.945343
713    78.186001
12: X_train und x_test:  [[7 4 5 2 1 1]
 [8 1 1 3 3 1]
 [8 4 7 1 3 2]
 [8 1 6 2 3 3]
 [8 5 5 3 2 2]
 [0 1 5 0 3 1]
 [0 1 5 0 2 2]
 [0 1 5 0 3 2]
 [0 1 5 0 2 3]
 [0 1 5 0 3 3]
 [9 5 0 2 2 0]
 [9 5 0 3 1 0]
 [9 5 0 2 3 0]
 [9 4 0 3 2 0]
 [9 5 0 3 2 0]
 [0 2 0 0 1 0]
 [0 2 0 0 2 0]
 [0 3 0 0 3 0]
 [0 7 0 0 2 0]
 [0 8 0 0 2 0]
 [1 8 1 3 1 3]
 [1 8 1 3 2 3]
 [1 8 1 3 3 3]
 [3 9 1 3 2 3]
 [3 9 1 3 3 3]
 [1 9 2 3 1 1]
 [1 9 3 3 1 1]
 [1 9 4 3 1 1]
 [1 9 5 3 1 1]
 [1 9 6 3 1 1]
 [1 9 2 3 3 2]
 [1 9 8 3 2 2]
 [1 8 9 3 2 2]
 [1 7 9 3 3 2]
 [1 9 7 3 3 2]
 [1 1 9 3 1 3]
 [1 5 9 3 1 3]
 [9 9 9 1 1 3]
 [2 8 9 3 2 3]
 [1 7 9 3 3 3]
 [8 9 1 1 3 1]
 [9 9 3 1 3 1]
 [9 7 9 1 3 1]
 [9 8 8 1 3 1]
 [9 9 6 1 3 1]
 [0 8 9 0 1 1]
 [8 8 1 1 1 2]
 [7 9 1 1 1 2]
 [0 9 1 0 3 2]
 [9 9 1 1 3 2]
 [9 2 1 1 1 3]
 [0 8 1 0 2 3]
 [9 1 1 2 1 3]
 [8 1 1 3 1 3]
 [0 9 3 0 3 3]
 [0 2 1 0 1 1]
 [3 1 1 3 1 2]
 [1 2 8 3 3 1]
 [0 8 9 0 1 2]
 [0 9 9 0 2 2]
 [1 4 0 3 3 0]
 [1 5 0 3 3 0]
 [9 1 9 1 1 2]
 [9 1 1 3 3 2]
 [0 9 9 0 1 3]] [[ 27.65301824]
 [ 30.78820423]
 [ 75.53313033]
 [ 62.17878852]
 [ 54.01796184]
 [141.51618359]
 [ 29.00127931]
 [ 31.7582222 ]
 [ 44.95191185]
 [ 43.3629621 ]
 [ 28.86765467]
 [ 31.80983378]
 [ 34.67776292]
 [ 34.25813816]
 [ 36.73473204]
 [  3.58421987]
 [  8.18566502]
 [ 16.42454322]
 [ 21.84876511]
 [ 23.95323197]
 [ 23.68710959]
 [ 36.02934318]
 [ 49.21612714]
 [ 49.01593351]
 [ 63.42611628]
 [ 20.49105161]
 [ 22.21016162]
 [ 24.02684371]
 [ 26.20342389]
 [ 28.68174869]
 [ 54.72236008]
 [ 79.16980223]
 [ 82.21003063]
 [ 93.95327208]
 [ 89.39945806]
 [ 74.57905452]
 [ 83.80309095]
 [ 90.49889976]
 [101.41753749]
 [ 99.85616008]
 [ 52.05953758]
 [ 56.07409839]
 [ 68.42844491]
 [ 67.49391942]
 [ 62.71286618]
 [ 29.98129705]
 [ 25.72431482]
 [ 27.10617952]
 [ 45.92761897]
 [ 55.02888338]
 [ 18.82947275]
 [ 30.93508446]
 [ 28.65015592]
 [ 33.69103465]
 [ 55.52086421]
 [  6.39281047]
 [ 17.7046882 ]
 [ 39.76601713]
 [ 57.07687789]
 [ 76.55126644]
 [ 21.91031146]
 [ 26.21215281]
 [ 58.2610683 ]
 [ 36.94534267]
 [ 78.18600077]]
Query step: 13
13:        x_0  x_1  x_2  y_0  y_1  y_2
72       0    1    9    0    1    1
19165    9    9    6    3    3    1
19229    9    9    9    1    3    3
17083    8    9    9    3    3    1
18999    9    8    9    3    3    1             f_res
72      20.467454
19165   78.715743
19229  106.286810
17083   89.992308
18999   87.390804
13: X_train und x_test:  [[7 4 5 2 1 1]
 [8 1 1 3 3 1]
 [8 4 7 1 3 2]
 [8 1 6 2 3 3]
 [8 5 5 3 2 2]
 [0 1 5 0 3 1]
 [0 1 5 0 2 2]
 [0 1 5 0 3 2]
 [0 1 5 0 2 3]
 [0 1 5 0 3 3]
 [9 5 0 2 2 0]
 [9 5 0 3 1 0]
 [9 5 0 2 3 0]
 [9 4 0 3 2 0]
 [9 5 0 3 2 0]
 [0 2 0 0 1 0]
 [0 2 0 0 2 0]
 [0 3 0 0 3 0]
 [0 7 0 0 2 0]
 [0 8 0 0 2 0]
 [1 8 1 3 1 3]
 [1 8 1 3 2 3]
 [1 8 1 3 3 3]
 [3 9 1 3 2 3]
 [3 9 1 3 3 3]
 [1 9 2 3 1 1]
 [1 9 3 3 1 1]
 [1 9 4 3 1 1]
 [1 9 5 3 1 1]
 [1 9 6 3 1 1]
 [1 9 2 3 3 2]
 [1 9 8 3 2 2]
 [1 8 9 3 2 2]
 [1 7 9 3 3 2]
 [1 9 7 3 3 2]
 [1 1 9 3 1 3]
 [1 5 9 3 1 3]
 [9 9 9 1 1 3]
 [2 8 9 3 2 3]
 [1 7 9 3 3 3]
 [8 9 1 1 3 1]
 [9 9 3 1 3 1]
 [9 7 9 1 3 1]
 [9 8 8 1 3 1]
 [9 9 6 1 3 1]
 [0 8 9 0 1 1]
 [8 8 1 1 1 2]
 [7 9 1 1 1 2]
 [0 9 1 0 3 2]
 [9 9 1 1 3 2]
 [9 2 1 1 1 3]
 [0 8 1 0 2 3]
 [9 1 1 2 1 3]
 [8 1 1 3 1 3]
 [0 9 3 0 3 3]
 [0 2 1 0 1 1]
 [3 1 1 3 1 2]
 [1 2 8 3 3 1]
 [0 8 9 0 1 2]
 [0 9 9 0 2 2]
 [1 4 0 3 3 0]
 [1 5 0 3 3 0]
 [9 1 9 1 1 2]
 [9 1 1 3 3 2]
 [0 9 9 0 1 3]
 [0 1 9 0 1 1]
 [9 9 6 3 3 1]
 [9 9 9 1 3 3]
 [8 9 9 3 3 1]
 [9 8 9 3 3 1]] [[ 27.65301824]
 [ 30.78820423]
 [ 75.53313033]
 [ 62.17878852]
 [ 54.01796184]
 [141.51618359]
 [ 29.00127931]
 [ 31.7582222 ]
 [ 44.95191185]
 [ 43.3629621 ]
 [ 28.86765467]
 [ 31.80983378]
 [ 34.67776292]
 [ 34.25813816]
 [ 36.73473204]
 [  3.58421987]
 [  8.18566502]
 [ 16.42454322]
 [ 21.84876511]
 [ 23.95323197]
 [ 23.68710959]
 [ 36.02934318]
 [ 49.21612714]
 [ 49.01593351]
 [ 63.42611628]
 [ 20.49105161]
 [ 22.21016162]
 [ 24.02684371]
 [ 26.20342389]
 [ 28.68174869]
 [ 54.72236008]
 [ 79.16980223]
 [ 82.21003063]
 [ 93.95327208]
 [ 89.39945806]
 [ 74.57905452]
 [ 83.80309095]
 [ 90.49889976]
 [101.41753749]
 [ 99.85616008]
 [ 52.05953758]
 [ 56.07409839]
 [ 68.42844491]
 [ 67.49391942]
 [ 62.71286618]
 [ 29.98129705]
 [ 25.72431482]
 [ 27.10617952]
 [ 45.92761897]
 [ 55.02888338]
 [ 18.82947275]
 [ 30.93508446]
 [ 28.65015592]
 [ 33.69103465]
 [ 55.52086421]
 [  6.39281047]
 [ 17.7046882 ]
 [ 39.76601713]
 [ 57.07687789]
 [ 76.55126644]
 [ 21.91031146]
 [ 26.21215281]
 [ 58.2610683 ]
 [ 36.94534267]
 [ 78.18600077]
 [ 20.46745449]
 [ 78.71574319]
 [106.28680988]
 [ 89.99230773]
 [ 87.39080375]]
Query step: 14
14:        x_0  x_1  x_2  y_0  y_1  y_2
2122     1    7    0    3    1    0
4895     3    1    1    3    1    1
19037    9    9    2    1    1    1
17321    9    1    9    3    1    1
19239    9    9    9    3    1    2            f_res
2122   14.008350
4895   15.584241
19037  26.008865
17321  47.894253
19239  83.190034
14: X_train und x_test:  [[7 4 5 2 1 1]
 [8 1 1 3 3 1]
 [8 4 7 1 3 2]
 [8 1 6 2 3 3]
 [8 5 5 3 2 2]
 [0 1 5 0 3 1]
 [0 1 5 0 2 2]
 [0 1 5 0 3 2]
 [0 1 5 0 2 3]
 [0 1 5 0 3 3]
 [9 5 0 2 2 0]
 [9 5 0 3 1 0]
 [9 5 0 2 3 0]
 [9 4 0 3 2 0]
 [9 5 0 3 2 0]
 [0 2 0 0 1 0]
 [0 2 0 0 2 0]
 [0 3 0 0 3 0]
 [0 7 0 0 2 0]
 [0 8 0 0 2 0]
 [1 8 1 3 1 3]
 [1 8 1 3 2 3]
 [1 8 1 3 3 3]
 [3 9 1 3 2 3]
 [3 9 1 3 3 3]
 [1 9 2 3 1 1]
 [1 9 3 3 1 1]
 [1 9 4 3 1 1]
 [1 9 5 3 1 1]
 [1 9 6 3 1 1]
 [1 9 2 3 3 2]
 [1 9 8 3 2 2]
 [1 8 9 3 2 2]
 [1 7 9 3 3 2]
 [1 9 7 3 3 2]
 [1 1 9 3 1 3]
 [1 5 9 3 1 3]
 [9 9 9 1 1 3]
 [2 8 9 3 2 3]
 [1 7 9 3 3 3]
 [8 9 1 1 3 1]
 [9 9 3 1 3 1]
 [9 7 9 1 3 1]
 [9 8 8 1 3 1]
 [9 9 6 1 3 1]
 [0 8 9 0 1 1]
 [8 8 1 1 1 2]
 [7 9 1 1 1 2]
 [0 9 1 0 3 2]
 [9 9 1 1 3 2]
 [9 2 1 1 1 3]
 [0 8 1 0 2 3]
 [9 1 1 2 1 3]
 [8 1 1 3 1 3]
 [0 9 3 0 3 3]
 [0 2 1 0 1 1]
 [3 1 1 3 1 2]
 [1 2 8 3 3 1]
 [0 8 9 0 1 2]
 [0 9 9 0 2 2]
 [1 4 0 3 3 0]
 [1 5 0 3 3 0]
 [9 1 9 1 1 2]
 [9 1 1 3 3 2]
 [0 9 9 0 1 3]
 [0 1 9 0 1 1]
 [9 9 6 3 3 1]
 [9 9 9 1 3 3]
 [8 9 9 3 3 1]
 [9 8 9 3 3 1]
 [1 7 0 3 1 0]
 [3 1 1 3 1 1]
 [9 9 2 1 1 1]
 [9 1 9 3 1 1]
 [9 9 9 3 1 2]] [[ 27.65301824]
 [ 30.78820423]
 [ 75.53313033]
 [ 62.17878852]
 [ 54.01796184]
 [141.51618359]
 [ 29.00127931]
 [ 31.7582222 ]
 [ 44.95191185]
 [ 43.3629621 ]
 [ 28.86765467]
 [ 31.80983378]
 [ 34.67776292]
 [ 34.25813816]
 [ 36.73473204]
 [  3.58421987]
 [  8.18566502]
 [ 16.42454322]
 [ 21.84876511]
 [ 23.95323197]
 [ 23.68710959]
 [ 36.02934318]
 [ 49.21612714]
 [ 49.01593351]
 [ 63.42611628]
 [ 20.49105161]
 [ 22.21016162]
 [ 24.02684371]
 [ 26.20342389]
 [ 28.68174869]
 [ 54.72236008]
 [ 79.16980223]
 [ 82.21003063]
 [ 93.95327208]
 [ 89.39945806]
 [ 74.57905452]
 [ 83.80309095]
 [ 90.49889976]
 [101.41753749]
 [ 99.85616008]
 [ 52.05953758]
 [ 56.07409839]
 [ 68.42844491]
 [ 67.49391942]
 [ 62.71286618]
 [ 29.98129705]
 [ 25.72431482]
 [ 27.10617952]
 [ 45.92761897]
 [ 55.02888338]
 [ 18.82947275]
 [ 30.93508446]
 [ 28.65015592]
 [ 33.69103465]
 [ 55.52086421]
 [  6.39281047]
 [ 17.7046882 ]
 [ 39.76601713]
 [ 57.07687789]
 [ 76.55126644]
 [ 21.91031146]
 [ 26.21215281]
 [ 58.2610683 ]
 [ 36.94534267]
 [ 78.18600077]
 [ 20.46745449]
 [ 78.71574319]
 [106.28680988]
 [ 89.99230773]
 [ 87.39080375]
 [ 14.00835009]
 [ 15.58424142]
 [ 26.00886462]
 [ 47.89425255]
 [ 83.19003366]]
Query step: 15
15:        x_0  x_1  x_2  y_0  y_1  y_2
17347    9    2    1    1    3    3
17587    9    3    1    1    3    3
18064    9    5    1    1    3    3
18302    9    6    1    1    3    3
15216    8    1    9    1    1    3            f_res
17347  19.606918
17587  23.372093
18064  34.429706
18302  40.419084
15216  80.266283
15: X_train und x_test:  [[7 4 5 2 1 1]
 [8 1 1 3 3 1]
 [8 4 7 1 3 2]
 [8 1 6 2 3 3]
 [8 5 5 3 2 2]
 [0 1 5 0 3 1]
 [0 1 5 0 2 2]
 [0 1 5 0 3 2]
 [0 1 5 0 2 3]
 [0 1 5 0 3 3]
 [9 5 0 2 2 0]
 [9 5 0 3 1 0]
 [9 5 0 2 3 0]
 [9 4 0 3 2 0]
 [9 5 0 3 2 0]
 [0 2 0 0 1 0]
 [0 2 0 0 2 0]
 [0 3 0 0 3 0]
 [0 7 0 0 2 0]
 [0 8 0 0 2 0]
 [1 8 1 3 1 3]
 [1 8 1 3 2 3]
 [1 8 1 3 3 3]
 [3 9 1 3 2 3]
 [3 9 1 3 3 3]
 [1 9 2 3 1 1]
 [1 9 3 3 1 1]
 [1 9 4 3 1 1]
 [1 9 5 3 1 1]
 [1 9 6 3 1 1]
 [1 9 2 3 3 2]
 [1 9 8 3 2 2]
 [1 8 9 3 2 2]
 [1 7 9 3 3 2]
 [1 9 7 3 3 2]
 [1 1 9 3 1 3]
 [1 5 9 3 1 3]
 [9 9 9 1 1 3]
 [2 8 9 3 2 3]
 [1 7 9 3 3 3]
 [8 9 1 1 3 1]
 [9 9 3 1 3 1]
 [9 7 9 1 3 1]
 [9 8 8 1 3 1]
 [9 9 6 1 3 1]
 [0 8 9 0 1 1]
 [8 8 1 1 1 2]
 [7 9 1 1 1 2]
 [0 9 1 0 3 2]
 [9 9 1 1 3 2]
 [9 2 1 1 1 3]
 [0 8 1 0 2 3]
 [9 1 1 2 1 3]
 [8 1 1 3 1 3]
 [0 9 3 0 3 3]
 [0 2 1 0 1 1]
 [3 1 1 3 1 2]
 [1 2 8 3 3 1]
 [0 8 9 0 1 2]
 [0 9 9 0 2 2]
 [1 4 0 3 3 0]
 [1 5 0 3 3 0]
 [9 1 9 1 1 2]
 [9 1 1 3 3 2]
 [0 9 9 0 1 3]
 [0 1 9 0 1 1]
 [9 9 6 3 3 1]
 [9 9 9 1 3 3]
 [8 9 9 3 3 1]
 [9 8 9 3 3 1]
 [1 7 0 3 1 0]
 [3 1 1 3 1 1]
 [9 9 2 1 1 1]
 [9 1 9 3 1 1]
 [9 9 9 3 1 2]
 [9 2 1 1 3 3]
 [9 3 1 1 3 3]
 [9 5 1 1 3 3]
 [9 6 1 1 3 3]
 [8 1 9 1 1 3]] [[ 27.65301824]
 [ 30.78820423]
 [ 75.53313033]
 [ 62.17878852]
 [ 54.01796184]
 [141.51618359]
 [ 29.00127931]
 [ 31.7582222 ]
 [ 44.95191185]
 [ 43.3629621 ]
 [ 28.86765467]
 [ 31.80983378]
 [ 34.67776292]
 [ 34.25813816]
 [ 36.73473204]
 [  3.58421987]
 [  8.18566502]
 [ 16.42454322]
 [ 21.84876511]
 [ 23.95323197]
 [ 23.68710959]
 [ 36.02934318]
 [ 49.21612714]
 [ 49.01593351]
 [ 63.42611628]
 [ 20.49105161]
 [ 22.21016162]
 [ 24.02684371]
 [ 26.20342389]
 [ 28.68174869]
 [ 54.72236008]
 [ 79.16980223]
 [ 82.21003063]
 [ 93.95327208]
 [ 89.39945806]
 [ 74.57905452]
 [ 83.80309095]
 [ 90.49889976]
 [101.41753749]
 [ 99.85616008]
 [ 52.05953758]
 [ 56.07409839]
 [ 68.42844491]
 [ 67.49391942]
 [ 62.71286618]
 [ 29.98129705]
 [ 25.72431482]
 [ 27.10617952]
 [ 45.92761897]
 [ 55.02888338]
 [ 18.82947275]
 [ 30.93508446]
 [ 28.65015592]
 [ 33.69103465]
 [ 55.52086421]
 [  6.39281047]
 [ 17.7046882 ]
 [ 39.76601713]
 [ 57.07687789]
 [ 76.55126644]
 [ 21.91031146]
 [ 26.21215281]
 [ 58.2610683 ]
 [ 36.94534267]
 [ 78.18600077]
 [ 20.46745449]
 [ 78.71574319]
 [106.28680988]
 [ 89.99230773]
 [ 87.39080375]
 [ 14.00835009]
 [ 15.58424142]
 [ 26.00886462]
 [ 47.89425255]
 [ 83.19003366]
 [ 19.60691781]
 [ 23.37209317]
 [ 34.42970614]
 [ 40.41908437]
 [ 80.26628258]]
Query step: 16
16:        x_0  x_1  x_2  y_0  y_1  y_2
654      0    9    2    0    3    1
672      0    9    4    0    3    1
681      0    9    5    0    3    1
19029    9    9    1    3    1    2
17328    9    1    9    3    3    2            f_res
654    44.902086
672    49.177394
681    51.833830
19029  42.930035
17328  89.886935
16: X_train und x_test:  [[7 4 5 2 1 1]
 [8 1 1 3 3 1]
 [8 4 7 1 3 2]
 [8 1 6 2 3 3]
 [8 5 5 3 2 2]
 [0 1 5 0 3 1]
 [0 1 5 0 2 2]
 [0 1 5 0 3 2]
 [0 1 5 0 2 3]
 [0 1 5 0 3 3]
 [9 5 0 2 2 0]
 [9 5 0 3 1 0]
 [9 5 0 2 3 0]
 [9 4 0 3 2 0]
 [9 5 0 3 2 0]
 [0 2 0 0 1 0]
 [0 2 0 0 2 0]
 [0 3 0 0 3 0]
 [0 7 0 0 2 0]
 [0 8 0 0 2 0]
 [1 8 1 3 1 3]
 [1 8 1 3 2 3]
 [1 8 1 3 3 3]
 [3 9 1 3 2 3]
 [3 9 1 3 3 3]
 [1 9 2 3 1 1]
 [1 9 3 3 1 1]
 [1 9 4 3 1 1]
 [1 9 5 3 1 1]
 [1 9 6 3 1 1]
 [1 9 2 3 3 2]
 [1 9 8 3 2 2]
 [1 8 9 3 2 2]
 [1 7 9 3 3 2]
 [1 9 7 3 3 2]
 [1 1 9 3 1 3]
 [1 5 9 3 1 3]
 [9 9 9 1 1 3]
 [2 8 9 3 2 3]
 [1 7 9 3 3 3]
 [8 9 1 1 3 1]
 [9 9 3 1 3 1]
 [9 7 9 1 3 1]
 [9 8 8 1 3 1]
 [9 9 6 1 3 1]
 [0 8 9 0 1 1]
 [8 8 1 1 1 2]
 [7 9 1 1 1 2]
 [0 9 1 0 3 2]
 [9 9 1 1 3 2]
 [9 2 1 1 1 3]
 [0 8 1 0 2 3]
 [9 1 1 2 1 3]
 [8 1 1 3 1 3]
 [0 9 3 0 3 3]
 [0 2 1 0 1 1]
 [3 1 1 3 1 2]
 [1 2 8 3 3 1]
 [0 8 9 0 1 2]
 [0 9 9 0 2 2]
 [1 4 0 3 3 0]
 [1 5 0 3 3 0]
 [9 1 9 1 1 2]
 [9 1 1 3 3 2]
 [0 9 9 0 1 3]
 [0 1 9 0 1 1]
 [9 9 6 3 3 1]
 [9 9 9 1 3 3]
 [8 9 9 3 3 1]
 [9 8 9 3 3 1]
 [1 7 0 3 1 0]
 [3 1 1 3 1 1]
 [9 9 2 1 1 1]
 [9 1 9 3 1 1]
 [9 9 9 3 1 2]
 [9 2 1 1 3 3]
 [9 3 1 1 3 3]
 [9 5 1 1 3 3]
 [9 6 1 1 3 3]
 [8 1 9 1 1 3]
 [0 9 2 0 3 1]
 [0 9 4 0 3 1]
 [0 9 5 0 3 1]
 [9 9 1 3 1 2]
 [9 1 9 3 3 2]] [[ 27.65301824]
 [ 30.78820423]
 [ 75.53313033]
 [ 62.17878852]
 [ 54.01796184]
 [141.51618359]
 [ 29.00127931]
 [ 31.7582222 ]
 [ 44.95191185]
 [ 43.3629621 ]
 [ 28.86765467]
 [ 31.80983378]
 [ 34.67776292]
 [ 34.25813816]
 [ 36.73473204]
 [  3.58421987]
 [  8.18566502]
 [ 16.42454322]
 [ 21.84876511]
 [ 23.95323197]
 [ 23.68710959]
 [ 36.02934318]
 [ 49.21612714]
 [ 49.01593351]
 [ 63.42611628]
 [ 20.49105161]
 [ 22.21016162]
 [ 24.02684371]
 [ 26.20342389]
 [ 28.68174869]
 [ 54.72236008]
 [ 79.16980223]
 [ 82.21003063]
 [ 93.95327208]
 [ 89.39945806]
 [ 74.57905452]
 [ 83.80309095]
 [ 90.49889976]
 [101.41753749]
 [ 99.85616008]
 [ 52.05953758]
 [ 56.07409839]
 [ 68.42844491]
 [ 67.49391942]
 [ 62.71286618]
 [ 29.98129705]
 [ 25.72431482]
 [ 27.10617952]
 [ 45.92761897]
 [ 55.02888338]
 [ 18.82947275]
 [ 30.93508446]
 [ 28.65015592]
 [ 33.69103465]
 [ 55.52086421]
 [  6.39281047]
 [ 17.7046882 ]
 [ 39.76601713]
 [ 57.07687789]
 [ 76.55126644]
 [ 21.91031146]
 [ 26.21215281]
 [ 58.2610683 ]
 [ 36.94534267]
 [ 78.18600077]
 [ 20.46745449]
 [ 78.71574319]
 [106.28680988]
 [ 89.99230773]
 [ 87.39080375]
 [ 14.00835009]
 [ 15.58424142]
 [ 26.00886462]
 [ 47.89425255]
 [ 83.19003366]
 [ 19.60691781]
 [ 23.37209317]
 [ 34.42970614]
 [ 40.41908437]
 [ 80.26628258]
 [ 44.90208563]
 [ 49.17739419]
 [ 51.83383001]
 [ 42.93003467]
 [ 89.88693514]]
Query step: 17
17:        x_0  x_1  x_2  y_0  y_1  y_2
17096    9    1    1    1    1    2
17098    9    1    1    1    2    1
4902     3    1    1    3    3    3
19002    9    9    0    1    1    0
3014     2    1    8    3    1    2            f_res
17096  17.783425
17098  16.644979
4902   20.115014
19002  22.988366
3014   54.892603
17: X_train und x_test:  [[7 4 5 2 1 1]
 [8 1 1 3 3 1]
 [8 4 7 1 3 2]
 [8 1 6 2 3 3]
 [8 5 5 3 2 2]
 [0 1 5 0 3 1]
 [0 1 5 0 2 2]
 [0 1 5 0 3 2]
 [0 1 5 0 2 3]
 [0 1 5 0 3 3]
 [9 5 0 2 2 0]
 [9 5 0 3 1 0]
 [9 5 0 2 3 0]
 [9 4 0 3 2 0]
 [9 5 0 3 2 0]
 [0 2 0 0 1 0]
 [0 2 0 0 2 0]
 [0 3 0 0 3 0]
 [0 7 0 0 2 0]
 [0 8 0 0 2 0]
 [1 8 1 3 1 3]
 [1 8 1 3 2 3]
 [1 8 1 3 3 3]
 [3 9 1 3 2 3]
 [3 9 1 3 3 3]
 [1 9 2 3 1 1]
 [1 9 3 3 1 1]
 [1 9 4 3 1 1]
 [1 9 5 3 1 1]
 [1 9 6 3 1 1]
 [1 9 2 3 3 2]
 [1 9 8 3 2 2]
 [1 8 9 3 2 2]
 [1 7 9 3 3 2]
 [1 9 7 3 3 2]
 [1 1 9 3 1 3]
 [1 5 9 3 1 3]
 [9 9 9 1 1 3]
 [2 8 9 3 2 3]
 [1 7 9 3 3 3]
 [8 9 1 1 3 1]
 [9 9 3 1 3 1]
 [9 7 9 1 3 1]
 [9 8 8 1 3 1]
 [9 9 6 1 3 1]
 [0 8 9 0 1 1]
 [8 8 1 1 1 2]
 [7 9 1 1 1 2]
 [0 9 1 0 3 2]
 [9 9 1 1 3 2]
 [9 2 1 1 1 3]
 [0 8 1 0 2 3]
 [9 1 1 2 1 3]
 [8 1 1 3 1 3]
 [0 9 3 0 3 3]
 [0 2 1 0 1 1]
 [3 1 1 3 1 2]
 [1 2 8 3 3 1]
 [0 8 9 0 1 2]
 [0 9 9 0 2 2]
 [1 4 0 3 3 0]
 [1 5 0 3 3 0]
 [9 1 9 1 1 2]
 [9 1 1 3 3 2]
 [0 9 9 0 1 3]
 [0 1 9 0 1 1]
 [9 9 6 3 3 1]
 [9 9 9 1 3 3]
 [8 9 9 3 3 1]
 [9 8 9 3 3 1]
 [1 7 0 3 1 0]
 [3 1 1 3 1 1]
 [9 9 2 1 1 1]
 [9 1 9 3 1 1]
 [9 9 9 3 1 2]
 [9 2 1 1 3 3]
 [9 3 1 1 3 3]
 [9 5 1 1 3 3]
 [9 6 1 1 3 3]
 [8 1 9 1 1 3]
 [0 9 2 0 3 1]
 [0 9 4 0 3 1]
 [0 9 5 0 3 1]
 [9 9 1 3 1 2]
 [9 1 9 3 3 2]
 [9 1 1 1 1 2]
 [9 1 1 1 2 1]
 [3 1 1 3 3 3]
 [9 9 0 1 1 0]
 [2 1 8 3 1 2]] [[ 27.65301824]
 [ 30.78820423]
 [ 75.53313033]
 [ 62.17878852]
 [ 54.01796184]
 [141.51618359]
 [ 29.00127931]
 [ 31.7582222 ]
 [ 44.95191185]
 [ 43.3629621 ]
 [ 28.86765467]
 [ 31.80983378]
 [ 34.67776292]
 [ 34.25813816]
 [ 36.73473204]
 [  3.58421987]
 [  8.18566502]
 [ 16.42454322]
 [ 21.84876511]
 [ 23.95323197]
 [ 23.68710959]
 [ 36.02934318]
 [ 49.21612714]
 [ 49.01593351]
 [ 63.42611628]
 [ 20.49105161]
 [ 22.21016162]
 [ 24.02684371]
 [ 26.20342389]
 [ 28.68174869]
 [ 54.72236008]
 [ 79.16980223]
 [ 82.21003063]
 [ 93.95327208]
 [ 89.39945806]
 [ 74.57905452]
 [ 83.80309095]
 [ 90.49889976]
 [101.41753749]
 [ 99.85616008]
 [ 52.05953758]
 [ 56.07409839]
 [ 68.42844491]
 [ 67.49391942]
 [ 62.71286618]
 [ 29.98129705]
 [ 25.72431482]
 [ 27.10617952]
 [ 45.92761897]
 [ 55.02888338]
 [ 18.82947275]
 [ 30.93508446]
 [ 28.65015592]
 [ 33.69103465]
 [ 55.52086421]
 [  6.39281047]
 [ 17.7046882 ]
 [ 39.76601713]
 [ 57.07687789]
 [ 76.55126644]
 [ 21.91031146]
 [ 26.21215281]
 [ 58.2610683 ]
 [ 36.94534267]
 [ 78.18600077]
 [ 20.46745449]
 [ 78.71574319]
 [106.28680988]
 [ 89.99230773]
 [ 87.39080375]
 [ 14.00835009]
 [ 15.58424142]
 [ 26.00886462]
 [ 47.89425255]
 [ 83.19003366]
 [ 19.60691781]
 [ 23.37209317]
 [ 34.42970614]
 [ 40.41908437]
 [ 80.26628258]
 [ 44.90208563]
 [ 49.17739419]
 [ 51.83383001]
 [ 42.93003467]
 [ 89.88693514]
 [ 17.78342525]
 [ 16.64497861]
 [ 20.11501388]
 [ 22.9883661 ]
 [ 54.89260326]]
Query step: 18
18:       x_0  x_1  x_2  y_0  y_1  y_2
4874    3    1    0    3    1    0
1455    1    4    1    3    3    1
2172    1    7    2    3    3    1
2406    1    8    2    3    3    1
2638    1    9    2    3    3    1           f_res
4874  13.554965
1455  24.729347
2172  41.488571
2406  46.215261
2638  49.683241
18: X_train und x_test:  [[7 4 5 2 1 1]
 [8 1 1 3 3 1]
 [8 4 7 1 3 2]
 [8 1 6 2 3 3]
 [8 5 5 3 2 2]
 [0 1 5 0 3 1]
 [0 1 5 0 2 2]
 [0 1 5 0 3 2]
 [0 1 5 0 2 3]
 [0 1 5 0 3 3]
 [9 5 0 2 2 0]
 [9 5 0 3 1 0]
 [9 5 0 2 3 0]
 [9 4 0 3 2 0]
 [9 5 0 3 2 0]
 [0 2 0 0 1 0]
 [0 2 0 0 2 0]
 [0 3 0 0 3 0]
 [0 7 0 0 2 0]
 [0 8 0 0 2 0]
 [1 8 1 3 1 3]
 [1 8 1 3 2 3]
 [1 8 1 3 3 3]
 [3 9 1 3 2 3]
 [3 9 1 3 3 3]
 [1 9 2 3 1 1]
 [1 9 3 3 1 1]
 [1 9 4 3 1 1]
 [1 9 5 3 1 1]
 [1 9 6 3 1 1]
 [1 9 2 3 3 2]
 [1 9 8 3 2 2]
 [1 8 9 3 2 2]
 [1 7 9 3 3 2]
 [1 9 7 3 3 2]
 [1 1 9 3 1 3]
 [1 5 9 3 1 3]
 [9 9 9 1 1 3]
 [2 8 9 3 2 3]
 [1 7 9 3 3 3]
 [8 9 1 1 3 1]
 [9 9 3 1 3 1]
 [9 7 9 1 3 1]
 [9 8 8 1 3 1]
 [9 9 6 1 3 1]
 [0 8 9 0 1 1]
 [8 8 1 1 1 2]
 [7 9 1 1 1 2]
 [0 9 1 0 3 2]
 [9 9 1 1 3 2]
 [9 2 1 1 1 3]
 [0 8 1 0 2 3]
 [9 1 1 2 1 3]
 [8 1 1 3 1 3]
 [0 9 3 0 3 3]
 [0 2 1 0 1 1]
 [3 1 1 3 1 2]
 [1 2 8 3 3 1]
 [0 8 9 0 1 2]
 [0 9 9 0 2 2]
 [1 4 0 3 3 0]
 [1 5 0 3 3 0]
 [9 1 9 1 1 2]
 [9 1 1 3 3 2]
 [0 9 9 0 1 3]
 [0 1 9 0 1 1]
 [9 9 6 3 3 1]
 [9 9 9 1 3 3]
 [8 9 9 3 3 1]
 [9 8 9 3 3 1]
 [1 7 0 3 1 0]
 [3 1 1 3 1 1]
 [9 9 2 1 1 1]
 [9 1 9 3 1 1]
 [9 9 9 3 1 2]
 [9 2 1 1 3 3]
 [9 3 1 1 3 3]
 [9 5 1 1 3 3]
 [9 6 1 1 3 3]
 [8 1 9 1 1 3]
 [0 9 2 0 3 1]
 [0 9 4 0 3 1]
 [0 9 5 0 3 1]
 [9 9 1 3 1 2]
 [9 1 9 3 3 2]
 [9 1 1 1 1 2]
 [9 1 1 1 2 1]
 [3 1 1 3 3 3]
 [9 9 0 1 1 0]
 [2 1 8 3 1 2]
 [3 1 0 3 1 0]
 [1 4 1 3 3 1]
 [1 7 2 3 3 1]
 [1 8 2 3 3 1]
 [1 9 2 3 3 1]] [[ 27.65301824]
 [ 30.78820423]
 [ 75.53313033]
 [ 62.17878852]
 [ 54.01796184]
 [141.51618359]
 [ 29.00127931]
 [ 31.7582222 ]
 [ 44.95191185]
 [ 43.3629621 ]
 [ 28.86765467]
 [ 31.80983378]
 [ 34.67776292]
 [ 34.25813816]
 [ 36.73473204]
 [  3.58421987]
 [  8.18566502]
 [ 16.42454322]
 [ 21.84876511]
 [ 23.95323197]
 [ 23.68710959]
 [ 36.02934318]
 [ 49.21612714]
 [ 49.01593351]
 [ 63.42611628]
 [ 20.49105161]
 [ 22.21016162]
 [ 24.02684371]
 [ 26.20342389]
 [ 28.68174869]
 [ 54.72236008]
 [ 79.16980223]
 [ 82.21003063]
 [ 93.95327208]
 [ 89.39945806]
 [ 74.57905452]
 [ 83.80309095]
 [ 90.49889976]
 [101.41753749]
 [ 99.85616008]
 [ 52.05953758]
 [ 56.07409839]
 [ 68.42844491]
 [ 67.49391942]
 [ 62.71286618]
 [ 29.98129705]
 [ 25.72431482]
 [ 27.10617952]
 [ 45.92761897]
 [ 55.02888338]
 [ 18.82947275]
 [ 30.93508446]
 [ 28.65015592]
 [ 33.69103465]
 [ 55.52086421]
 [  6.39281047]
 [ 17.7046882 ]
 [ 39.76601713]
 [ 57.07687789]
 [ 76.55126644]
 [ 21.91031146]
 [ 26.21215281]
 [ 58.2610683 ]
 [ 36.94534267]
 [ 78.18600077]
 [ 20.46745449]
 [ 78.71574319]
 [106.28680988]
 [ 89.99230773]
 [ 87.39080375]
 [ 14.00835009]
 [ 15.58424142]
 [ 26.00886462]
 [ 47.89425255]
 [ 83.19003366]
 [ 19.60691781]
 [ 23.37209317]
 [ 34.42970614]
 [ 40.41908437]
 [ 80.26628258]
 [ 44.90208563]
 [ 49.17739419]
 [ 51.83383001]
 [ 42.93003467]
 [ 89.88693514]
 [ 17.78342525]
 [ 16.64497861]
 [ 20.11501388]
 [ 22.9883661 ]
 [ 54.89260326]
 [ 13.5549649 ]
 [ 24.7293466 ]
 [ 41.48857061]
 [ 46.215261  ]
 [ 49.68324069]]
Query step: 19
19:        x_0  x_1  x_2  y_0  y_1  y_2
1205     1    3    1    2    3    2
792      1    1    3    2    3    2
19004    9    9    0    1    3    0
19238    9    9    9    3    1    1
18042    9    4    9    3    1    3             f_res
1205    22.125096
792     20.885627
19004   49.304418
19238   57.243353
18042  104.507898
19: X_train und x_test:  [[7 4 5 2 1 1]
 [8 1 1 3 3 1]
 [8 4 7 1 3 2]
 [8 1 6 2 3 3]
 [8 5 5 3 2 2]
 [0 1 5 0 3 1]
 [0 1 5 0 2 2]
 [0 1 5 0 3 2]
 [0 1 5 0 2 3]
 [0 1 5 0 3 3]
 [9 5 0 2 2 0]
 [9 5 0 3 1 0]
 [9 5 0 2 3 0]
 [9 4 0 3 2 0]
 [9 5 0 3 2 0]
 [0 2 0 0 1 0]
 [0 2 0 0 2 0]
 [0 3 0 0 3 0]
 [0 7 0 0 2 0]
 [0 8 0 0 2 0]
 [1 8 1 3 1 3]
 [1 8 1 3 2 3]
 [1 8 1 3 3 3]
 [3 9 1 3 2 3]
 [3 9 1 3 3 3]
 [1 9 2 3 1 1]
 [1 9 3 3 1 1]
 [1 9 4 3 1 1]
 [1 9 5 3 1 1]
 [1 9 6 3 1 1]
 [1 9 2 3 3 2]
 [1 9 8 3 2 2]
 [1 8 9 3 2 2]
 [1 7 9 3 3 2]
 [1 9 7 3 3 2]
 [1 1 9 3 1 3]
 [1 5 9 3 1 3]
 [9 9 9 1 1 3]
 [2 8 9 3 2 3]
 [1 7 9 3 3 3]
 [8 9 1 1 3 1]
 [9 9 3 1 3 1]
 [9 7 9 1 3 1]
 [9 8 8 1 3 1]
 [9 9 6 1 3 1]
 [0 8 9 0 1 1]
 [8 8 1 1 1 2]
 [7 9 1 1 1 2]
 [0 9 1 0 3 2]
 [9 9 1 1 3 2]
 [9 2 1 1 1 3]
 [0 8 1 0 2 3]
 [9 1 1 2 1 3]
 [8 1 1 3 1 3]
 [0 9 3 0 3 3]
 [0 2 1 0 1 1]
 [3 1 1 3 1 2]
 [1 2 8 3 3 1]
 [0 8 9 0 1 2]
 [0 9 9 0 2 2]
 [1 4 0 3 3 0]
 [1 5 0 3 3 0]
 [9 1 9 1 1 2]
 [9 1 1 3 3 2]
 [0 9 9 0 1 3]
 [0 1 9 0 1 1]
 [9 9 6 3 3 1]
 [9 9 9 1 3 3]
 [8 9 9 3 3 1]
 [9 8 9 3 3 1]
 [1 7 0 3 1 0]
 [3 1 1 3 1 1]
 [9 9 2 1 1 1]
 [9 1 9 3 1 1]
 [9 9 9 3 1 2]
 [9 2 1 1 3 3]
 [9 3 1 1 3 3]
 [9 5 1 1 3 3]
 [9 6 1 1 3 3]
 [8 1 9 1 1 3]
 [0 9 2 0 3 1]
 [0 9 4 0 3 1]
 [0 9 5 0 3 1]
 [9 9 1 3 1 2]
 [9 1 9 3 3 2]
 [9 1 1 1 1 2]
 [9 1 1 1 2 1]
 [3 1 1 3 3 3]
 [9 9 0 1 1 0]
 [2 1 8 3 1 2]
 [3 1 0 3 1 0]
 [1 4 1 3 3 1]
 [1 7 2 3 3 1]
 [1 8 2 3 3 1]
 [1 9 2 3 3 1]
 [1 3 1 2 3 2]
 [1 1 3 2 3 2]
 [9 9 0 1 3 0]
 [9 9 9 3 1 1]
 [9 4 9 3 1 3]] [[ 27.65301824]
 [ 30.78820423]
 [ 75.53313033]
 [ 62.17878852]
 [ 54.01796184]
 [141.51618359]
 [ 29.00127931]
 [ 31.7582222 ]
 [ 44.95191185]
 [ 43.3629621 ]
 [ 28.86765467]
 [ 31.80983378]
 [ 34.67776292]
 [ 34.25813816]
 [ 36.73473204]
 [  3.58421987]
 [  8.18566502]
 [ 16.42454322]
 [ 21.84876511]
 [ 23.95323197]
 [ 23.68710959]
 [ 36.02934318]
 [ 49.21612714]
 [ 49.01593351]
 [ 63.42611628]
 [ 20.49105161]
 [ 22.21016162]
 [ 24.02684371]
 [ 26.20342389]
 [ 28.68174869]
 [ 54.72236008]
 [ 79.16980223]
 [ 82.21003063]
 [ 93.95327208]
 [ 89.39945806]
 [ 74.57905452]
 [ 83.80309095]
 [ 90.49889976]
 [101.41753749]
 [ 99.85616008]
 [ 52.05953758]
 [ 56.07409839]
 [ 68.42844491]
 [ 67.49391942]
 [ 62.71286618]
 [ 29.98129705]
 [ 25.72431482]
 [ 27.10617952]
 [ 45.92761897]
 [ 55.02888338]
 [ 18.82947275]
 [ 30.93508446]
 [ 28.65015592]
 [ 33.69103465]
 [ 55.52086421]
 [  6.39281047]
 [ 17.7046882 ]
 [ 39.76601713]
 [ 57.07687789]
 [ 76.55126644]
 [ 21.91031146]
 [ 26.21215281]
 [ 58.2610683 ]
 [ 36.94534267]
 [ 78.18600077]
 [ 20.46745449]
 [ 78.71574319]
 [106.28680988]
 [ 89.99230773]
 [ 87.39080375]
 [ 14.00835009]
 [ 15.58424142]
 [ 26.00886462]
 [ 47.89425255]
 [ 83.19003366]
 [ 19.60691781]
 [ 23.37209317]
 [ 34.42970614]
 [ 40.41908437]
 [ 80.26628258]
 [ 44.90208563]
 [ 49.17739419]
 [ 51.83383001]
 [ 42.93003467]
 [ 89.88693514]
 [ 17.78342525]
 [ 16.64497861]
 [ 20.11501388]
 [ 22.9883661 ]
 [ 54.89260326]
 [ 13.5549649 ]
 [ 24.7293466 ]
 [ 41.48857061]
 [ 46.215261  ]
 [ 49.68324069]
 [ 22.12509641]
 [ 20.88562744]
 [ 49.30441803]
 [ 57.24335347]
 [104.50789824]]
Query step: 20
20:        x_0  x_1  x_2  y_0  y_1  y_2
557      0    8    1    0    1    2
945      1    1    9    3    1    1
311      0    4    9    0    3    3
19225    9    9    9    1    2    2
470      0    6    9    0    3    3            f_res
557    16.903568
945    24.072623
311    88.130850
19225  87.641487
470    94.291814
20: X_train und x_test:  [[7 4 5 2 1 1]
 [8 1 1 3 3 1]
 [8 4 7 1 3 2]
 [8 1 6 2 3 3]
 [8 5 5 3 2 2]
 [0 1 5 0 3 1]
 [0 1 5 0 2 2]
 [0 1 5 0 3 2]
 [0 1 5 0 2 3]
 [0 1 5 0 3 3]
 [9 5 0 2 2 0]
 [9 5 0 3 1 0]
 [9 5 0 2 3 0]
 [9 4 0 3 2 0]
 [9 5 0 3 2 0]
 [0 2 0 0 1 0]
 [0 2 0 0 2 0]
 [0 3 0 0 3 0]
 [0 7 0 0 2 0]
 [0 8 0 0 2 0]
 [1 8 1 3 1 3]
 [1 8 1 3 2 3]
 [1 8 1 3 3 3]
 [3 9 1 3 2 3]
 [3 9 1 3 3 3]
 [1 9 2 3 1 1]
 [1 9 3 3 1 1]
 [1 9 4 3 1 1]
 [1 9 5 3 1 1]
 [1 9 6 3 1 1]
 [1 9 2 3 3 2]
 [1 9 8 3 2 2]
 [1 8 9 3 2 2]
 [1 7 9 3 3 2]
 [1 9 7 3 3 2]
 [1 1 9 3 1 3]
 [1 5 9 3 1 3]
 [9 9 9 1 1 3]
 [2 8 9 3 2 3]
 [1 7 9 3 3 3]
 [8 9 1 1 3 1]
 [9 9 3 1 3 1]
 [9 7 9 1 3 1]
 [9 8 8 1 3 1]
 [9 9 6 1 3 1]
 [0 8 9 0 1 1]
 [8 8 1 1 1 2]
 [7 9 1 1 1 2]
 [0 9 1 0 3 2]
 [9 9 1 1 3 2]
 [9 2 1 1 1 3]
 [0 8 1 0 2 3]
 [9 1 1 2 1 3]
 [8 1 1 3 1 3]
 [0 9 3 0 3 3]
 [0 2 1 0 1 1]
 [3 1 1 3 1 2]
 [1 2 8 3 3 1]
 [0 8 9 0 1 2]
 [0 9 9 0 2 2]
 [1 4 0 3 3 0]
 [1 5 0 3 3 0]
 [9 1 9 1 1 2]
 [9 1 1 3 3 2]
 [0 9 9 0 1 3]
 [0 1 9 0 1 1]
 [9 9 6 3 3 1]
 [9 9 9 1 3 3]
 [8 9 9 3 3 1]
 [9 8 9 3 3 1]
 [1 7 0 3 1 0]
 [3 1 1 3 1 1]
 [9 9 2 1 1 1]
 [9 1 9 3 1 1]
 [9 9 9 3 1 2]
 [9 2 1 1 3 3]
 [9 3 1 1 3 3]
 [9 5 1 1 3 3]
 [9 6 1 1 3 3]
 [8 1 9 1 1 3]
 [0 9 2 0 3 1]
 [0 9 4 0 3 1]
 [0 9 5 0 3 1]
 [9 9 1 3 1 2]
 [9 1 9 3 3 2]
 [9 1 1 1 1 2]
 [9 1 1 1 2 1]
 [3 1 1 3 3 3]
 [9 9 0 1 1 0]
 [2 1 8 3 1 2]
 [3 1 0 3 1 0]
 [1 4 1 3 3 1]
 [1 7 2 3 3 1]
 [1 8 2 3 3 1]
 [1 9 2 3 3 1]
 [1 3 1 2 3 2]
 [1 1 3 2 3 2]
 [9 9 0 1 3 0]
 [9 9 9 3 1 1]
 [9 4 9 3 1 3]
 [0 8 1 0 1 2]
 [1 1 9 3 1 1]
 [0 4 9 0 3 3]
 [9 9 9 1 2 2]
 [0 6 9 0 3 3]] [[ 27.65301824]
 [ 30.78820423]
 [ 75.53313033]
 [ 62.17878852]
 [ 54.01796184]
 [141.51618359]
 [ 29.00127931]
 [ 31.7582222 ]
 [ 44.95191185]
 [ 43.3629621 ]
 [ 28.86765467]
 [ 31.80983378]
 [ 34.67776292]
 [ 34.25813816]
 [ 36.73473204]
 [  3.58421987]
 [  8.18566502]
 [ 16.42454322]
 [ 21.84876511]
 [ 23.95323197]
 [ 23.68710959]
 [ 36.02934318]
 [ 49.21612714]
 [ 49.01593351]
 [ 63.42611628]
 [ 20.49105161]
 [ 22.21016162]
 [ 24.02684371]
 [ 26.20342389]
 [ 28.68174869]
 [ 54.72236008]
 [ 79.16980223]
 [ 82.21003063]
 [ 93.95327208]
 [ 89.39945806]
 [ 74.57905452]
 [ 83.80309095]
 [ 90.49889976]
 [101.41753749]
 [ 99.85616008]
 [ 52.05953758]
 [ 56.07409839]
 [ 68.42844491]
 [ 67.49391942]
 [ 62.71286618]
 [ 29.98129705]
 [ 25.72431482]
 [ 27.10617952]
 [ 45.92761897]
 [ 55.02888338]
 [ 18.82947275]
 [ 30.93508446]
 [ 28.65015592]
 [ 33.69103465]
 [ 55.52086421]
 [  6.39281047]
 [ 17.7046882 ]
 [ 39.76601713]
 [ 57.07687789]
 [ 76.55126644]
 [ 21.91031146]
 [ 26.21215281]
 [ 58.2610683 ]
 [ 36.94534267]
 [ 78.18600077]
 [ 20.46745449]
 [ 78.71574319]
 [106.28680988]
 [ 89.99230773]
 [ 87.39080375]
 [ 14.00835009]
 [ 15.58424142]
 [ 26.00886462]
 [ 47.89425255]
 [ 83.19003366]
 [ 19.60691781]
 [ 23.37209317]
 [ 34.42970614]
 [ 40.41908437]
 [ 80.26628258]
 [ 44.90208563]
 [ 49.17739419]
 [ 51.83383001]
 [ 42.93003467]
 [ 89.88693514]
 [ 17.78342525]
 [ 16.64497861]
 [ 20.11501388]
 [ 22.9883661 ]
 [ 54.89260326]
 [ 13.5549649 ]
 [ 24.7293466 ]
 [ 41.48857061]
 [ 46.215261  ]
 [ 49.68324069]
 [ 22.12509641]
 [ 20.88562744]
 [ 49.30441803]
 [ 57.24335347]
 [104.50789824]
 [ 16.9035682 ]
 [ 24.07262349]
 [ 88.13085014]
 [ 87.64148738]
 [ 94.2918144 ]]