(base) C:\Users\weiso\Desktop\ALinSim\src>python GP_Active_learning_trc.py --random_state 40
Total valid pool combinations (paper-consistent): 21168 (should be 21168)
Valid pool count (paper-consistent): 21168, should be 21168
delta = 0.2008  (=0.5 * median NN distance in normalized space)
Pool after removing test points: 21068
Pool kept after distance filtering: 19578 / 21068
Query step: 0
step == 0 [14287, 417, 13574, 10992, 8567]
0:        x_0  x_1  x_2  y_0  y_1  y_2
417      0    6    2    0    2    1
8567     4    7    7    1    1    2
13574    7    2    4    3    1    2
14287    7    5    5    2    3    2
10992    5    9    2    3    3    2            f_res
417    23.218346
8567   48.568732
13574  37.254209
14287  56.942297
10992  72.688810
0: X_train und x_test:  [[0 6 2 0 2 1]
 [4 7 7 1 1 2]
 [7 2 4 3 1 2]
 [7 5 5 2 3 2]
 [5 9 2 3 3 2]] [[23.21834584]
 [48.5687321 ]
 [37.2542088 ]
 [56.94229723]
 [72.68881042]]
Query step: 1
1:        x_0  x_1  x_2  y_0  y_1  y_2
9133     5    1    0    3    3    0
11180    6    1    0    3    1    0
11182    6    1    0    3    3    0
13235    7    1    0    3    1    0
15329    8    1    0    2    3    0            f_res
9133   20.282731
11180  19.929065
11182  22.324006
13235  22.207100
15329  20.850723
1: X_train und x_test:  [[0 6 2 0 2 1]
 [4 7 7 1 1 2]
 [7 2 4 3 1 2]
 [7 5 5 2 3 2]
 [5 9 2 3 3 2]
 [5 1 0 3 3 0]
 [6 1 0 3 1 0]
 [6 1 0 3 3 0]
 [7 1 0 3 1 0]
 [8 1 0 2 3 0]] [[23.21834584]
 [48.5687321 ]
 [37.2542088 ]
 [56.94229723]
 [72.68881042]
 [20.28273083]
 [19.92906469]
 [22.32400641]
 [22.20709952]
 [20.8507232 ]]
Query step: 2
2:     x_0  x_1  x_2  y_0  y_1  y_2
5     0    1    1    0    1    3
14    0    1    2    0    1    3
23    0    1    3    0    1    3
32    0    1    4    0    1    3
74    0    1    8    0    3    3         f_res
5    5.860142
14  15.048228
23  23.668441
32  30.873160
74  64.222905
2: X_train und x_test:  [[0 6 2 0 2 1]
 [4 7 7 1 1 2]
 [7 2 4 3 1 2]
 [7 5 5 2 3 2]
 [5 9 2 3 3 2]
 [5 1 0 3 3 0]
 [6 1 0 3 1 0]
 [6 1 0 3 3 0]
 [7 1 0 3 1 0]
 [8 1 0 2 3 0]
 [0 1 1 0 1 3]
 [0 1 2 0 1 3]
 [0 1 3 0 1 3]
 [0 1 4 0 1 3]
 [0 1 8 0 3 3]] [[23.21834584]
 [48.5687321 ]
 [37.2542088 ]
 [56.94229723]
 [72.68881042]
 [20.28273083]
 [19.92906469]
 [22.32400641]
 [22.20709952]
 [20.8507232 ]
 [ 5.86014231]
 [15.04822796]
 [23.66844093]
 [30.87315998]
 [64.22290523]]
Query step: 3
3:       x_0  x_1  x_2  y_0  y_1  y_2
2849    1    9    9    3    2    2
7028    3    9    9    3    3    1
2850    1    9    9    3    2    3
7029    3    9    9    3    3    2
7030    3    9    9    3    3    3            f_res
2849   82.830685
7028   79.693748
2850   95.345455
7029  109.201394
7030  114.390989
3: X_train und x_test:  [[0 6 2 0 2 1]
 [4 7 7 1 1 2]
 [7 2 4 3 1 2]
 [7 5 5 2 3 2]
 [5 9 2 3 3 2]
 [5 1 0 3 3 0]
 [6 1 0 3 1 0]
 [6 1 0 3 3 0]
 [7 1 0 3 1 0]
 [8 1 0 2 3 0]
 [0 1 1 0 1 3]
 [0 1 2 0 1 3]
 [0 1 3 0 1 3]
 [0 1 4 0 1 3]
 [0 1 8 0 3 3]
 [1 9 9 3 2 2]
 [3 9 9 3 3 1]
 [1 9 9 3 2 3]
 [3 9 9 3 3 2]
 [3 9 9 3 3 3]] [[ 23.21834584]
 [ 48.5687321 ]
 [ 37.2542088 ]
 [ 56.94229723]
 [ 72.68881042]
 [ 20.28273083]
 [ 19.92906469]
 [ 22.32400641]
 [ 22.20709952]
 [ 20.8507232 ]
 [  5.86014231]
 [ 15.04822796]
 [ 23.66844093]
 [ 30.87315998]
 [ 64.22290523]
 [ 82.83068508]
 [ 79.6937479 ]
 [ 95.3454547 ]
 [109.20139386]
 [114.39098862]]
Query step: 4
4:        x_0  x_1  x_2  y_0  y_1  y_2
6801     3    9    0    3    1    0
10936    5    9    0    2    1    0
12994    6    9    0    2    1    0
8884     4    9    0    3    1    0
10939    5    9    0    3    1    0            f_res
6801   27.000912
10936  28.845419
12994  29.448553
8884   30.830267
10939  33.186694
4: X_train und x_test:  [[0 6 2 0 2 1]
 [4 7 7 1 1 2]
 [7 2 4 3 1 2]
 [7 5 5 2 3 2]
 [5 9 2 3 3 2]
 [5 1 0 3 3 0]
 [6 1 0 3 1 0]
 [6 1 0 3 3 0]
 [7 1 0 3 1 0]
 [8 1 0 2 3 0]
 [0 1 1 0 1 3]
 [0 1 2 0 1 3]
 [0 1 3 0 1 3]
 [0 1 4 0 1 3]
 [0 1 8 0 3 3]
 [1 9 9 3 2 2]
 [3 9 9 3 3 1]
 [1 9 9 3 2 3]
 [3 9 9 3 3 2]
 [3 9 9 3 3 3]
 [3 9 0 3 1 0]
 [5 9 0 2 1 0]
 [6 9 0 2 1 0]
 [4 9 0 3 1 0]
 [5 9 0 3 1 0]] [[ 23.21834584]
 [ 48.5687321 ]
 [ 37.2542088 ]
 [ 56.94229723]
 [ 72.68881042]
 [ 20.28273083]
 [ 19.92906469]
 [ 22.32400641]
 [ 22.20709952]
 [ 20.8507232 ]
 [  5.86014231]
 [ 15.04822796]
 [ 23.66844093]
 [ 30.87315998]
 [ 64.22290523]
 [ 82.83068508]
 [ 79.6937479 ]
 [ 95.3454547 ]
 [109.20139386]
 [114.39098862]
 [ 27.00091243]
 [ 28.84541874]
 [ 29.44855292]
 [ 30.83026725]
 [ 33.18669398]]
Query step: 5
5:        x_0  x_1  x_2  y_0  y_1  y_2
15558    8    1    9    3    1    1
17664    9    1    9    3    2    1
18124    9    3    9    3    1    1
17655    9    1    9    2    1    3
19571    9    9    9    3    1    3             f_res
15558   45.732874
17664   54.049323
18124   49.417395
17655   89.971605
19571  112.077068
5: X_train und x_test:  [[0 6 2 0 2 1]
 [4 7 7 1 1 2]
 [7 2 4 3 1 2]
 [7 5 5 2 3 2]
 [5 9 2 3 3 2]
 [5 1 0 3 3 0]
 [6 1 0 3 1 0]
 [6 1 0 3 3 0]
 [7 1 0 3 1 0]
 [8 1 0 2 3 0]
 [0 1 1 0 1 3]
 [0 1 2 0 1 3]
 [0 1 3 0 1 3]
 [0 1 4 0 1 3]
 [0 1 8 0 3 3]
 [1 9 9 3 2 2]
 [3 9 9 3 3 1]
 [1 9 9 3 2 3]
 [3 9 9 3 3 2]
 [3 9 9 3 3 3]
 [3 9 0 3 1 0]
 [5 9 0 2 1 0]
 [6 9 0 2 1 0]
 [4 9 0 3 1 0]
 [5 9 0 3 1 0]
 [8 1 9 3 1 1]
 [9 1 9 3 2 1]
 [9 3 9 3 1 1]
 [9 1 9 2 1 3]
 [9 9 9 3 1 3]] [[ 23.21834584]
 [ 48.5687321 ]
 [ 37.2542088 ]
 [ 56.94229723]
 [ 72.68881042]
 [ 20.28273083]
 [ 19.92906469]
 [ 22.32400641]
 [ 22.20709952]
 [ 20.8507232 ]
 [  5.86014231]
 [ 15.04822796]
 [ 23.66844093]
 [ 30.87315998]
 [ 64.22290523]
 [ 82.83068508]
 [ 79.6937479 ]
 [ 95.3454547 ]
 [109.20139386]
 [114.39098862]
 [ 27.00091243]
 [ 28.84541874]
 [ 29.44855292]
 [ 30.83026725]
 [ 33.18669398]
 [ 45.73287389]
 [ 54.04932253]
 [ 49.41739496]
 [ 89.97160533]
 [112.07706813]]
Query step: 6
6:        x_0  x_1  x_2  y_0  y_1  y_2
18385    9    5    1    1    1    3
17910    9    3    1    1    1    3
17681    9    2    1    1    2    3
17678    9    2    1    1    1    3
18149    9    4    1    1    3    3            f_res
18385  22.640205
17910  19.653905
17681  18.999945
17678  18.829473
18149  28.672364
6: X_train und x_test:  [[0 6 2 0 2 1]
 [4 7 7 1 1 2]
 [7 2 4 3 1 2]
 [7 5 5 2 3 2]
 [5 9 2 3 3 2]
 [5 1 0 3 3 0]
 [6 1 0 3 1 0]
 [6 1 0 3 3 0]
 [7 1 0 3 1 0]
 [8 1 0 2 3 0]
 [0 1 1 0 1 3]
 [0 1 2 0 1 3]
 [0 1 3 0 1 3]
 [0 1 4 0 1 3]
 [0 1 8 0 3 3]
 [1 9 9 3 2 2]
 [3 9 9 3 3 1]
 [1 9 9 3 2 3]
 [3 9 9 3 3 2]
 [3 9 9 3 3 3]
 [3 9 0 3 1 0]
 [5 9 0 2 1 0]
 [6 9 0 2 1 0]
 [4 9 0 3 1 0]
 [5 9 0 3 1 0]
 [8 1 9 3 1 1]
 [9 1 9 3 2 1]
 [9 3 9 3 1 1]
 [9 1 9 2 1 3]
 [9 9 9 3 1 3]
 [9 5 1 1 1 3]
 [9 3 1 1 1 3]
 [9 2 1 1 2 3]
 [9 2 1 1 1 3]
 [9 4 1 1 3 3]] [[ 23.21834584]
 [ 48.5687321 ]
 [ 37.2542088 ]
 [ 56.94229723]
 [ 72.68881042]
 [ 20.28273083]
 [ 19.92906469]
 [ 22.32400641]
 [ 22.20709952]
 [ 20.8507232 ]
 [  5.86014231]
 [ 15.04822796]
 [ 23.66844093]
 [ 30.87315998]
 [ 64.22290523]
 [ 82.83068508]
 [ 79.6937479 ]
 [ 95.3454547 ]
 [109.20139386]
 [114.39098862]
 [ 27.00091243]
 [ 28.84541874]
 [ 29.44855292]
 [ 30.83026725]
 [ 33.18669398]
 [ 45.73287389]
 [ 54.04932253]
 [ 49.41739496]
 [ 89.97160533]
 [112.07706813]
 [ 22.64020498]
 [ 19.65390453]
 [ 18.99994517]
 [ 18.82947275]
 [ 28.67236406]]
Query step: 7
7:       x_0  x_1  x_2  y_0  y_1  y_2
78      0    1    9    0    2    1
1002    1    2    1    3    3    3
811     1    1    3    3    3    3
582     0    8    2    0    3    3
682     0    9    4    0    3    3           f_res
78    28.008348
1002  18.053792
811   24.299161
582   47.941790
682   62.672877
7: X_train und x_test:  [[0 6 2 0 2 1]
 [4 7 7 1 1 2]
 [7 2 4 3 1 2]
 [7 5 5 2 3 2]
 [5 9 2 3 3 2]
 [5 1 0 3 3 0]
 [6 1 0 3 1 0]
 [6 1 0 3 3 0]
 [7 1 0 3 1 0]
 [8 1 0 2 3 0]
 [0 1 1 0 1 3]
 [0 1 2 0 1 3]
 [0 1 3 0 1 3]
 [0 1 4 0 1 3]
 [0 1 8 0 3 3]
 [1 9 9 3 2 2]
 [3 9 9 3 3 1]
 [1 9 9 3 2 3]
 [3 9 9 3 3 2]
 [3 9 9 3 3 3]
 [3 9 0 3 1 0]
 [5 9 0 2 1 0]
 [6 9 0 2 1 0]
 [4 9 0 3 1 0]
 [5 9 0 3 1 0]
 [8 1 9 3 1 1]
 [9 1 9 3 2 1]
 [9 3 9 3 1 1]
 [9 1 9 2 1 3]
 [9 9 9 3 1 3]
 [9 5 1 1 1 3]
 [9 3 1 1 1 3]
 [9 2 1 1 2 3]
 [9 2 1 1 1 3]
 [9 4 1 1 3 3]
 [0 1 9 0 2 1]
 [1 2 1 3 3 3]
 [1 1 3 3 3 3]
 [0 8 2 0 3 3]
 [0 9 4 0 3 3]] [[ 23.21834584]
 [ 48.5687321 ]
 [ 37.2542088 ]
 [ 56.94229723]
 [ 72.68881042]
 [ 20.28273083]
 [ 19.92906469]
 [ 22.32400641]
 [ 22.20709952]
 [ 20.8507232 ]
 [  5.86014231]
 [ 15.04822796]
 [ 23.66844093]
 [ 30.87315998]
 [ 64.22290523]
 [ 82.83068508]
 [ 79.6937479 ]
 [ 95.3454547 ]
 [109.20139386]
 [114.39098862]
 [ 27.00091243]
 [ 28.84541874]
 [ 29.44855292]
 [ 30.83026725]
 [ 33.18669398]
 [ 45.73287389]
 [ 54.04932253]
 [ 49.41739496]
 [ 89.97160533]
 [112.07706813]
 [ 22.64020498]
 [ 19.65390453]
 [ 18.99994517]
 [ 18.82947275]
 [ 28.67236406]
 [ 28.00834771]
 [ 18.05379167]
 [ 24.29916073]
 [ 47.94179041]
 [ 62.67287737]]
Query step: 8
8:        x_0  x_1  x_2  y_0  y_1  y_2
2638     1    9    1    2    1    3
2412     1    8    1    3    1    3
4736     2    9    1    3    1    3
19425    9    9    4    2    1    1
19446    9    9    5    1    2    1            f_res
2638   24.046684
2412   23.687110
4736   30.500323
19425  37.061833
19446  44.401683
8: X_train und x_test:  [[0 6 2 0 2 1]
 [4 7 7 1 1 2]
 [7 2 4 3 1 2]
 [7 5 5 2 3 2]
 [5 9 2 3 3 2]
 [5 1 0 3 3 0]
 [6 1 0 3 1 0]
 [6 1 0 3 3 0]
 [7 1 0 3 1 0]
 [8 1 0 2 3 0]
 [0 1 1 0 1 3]
 [0 1 2 0 1 3]
 [0 1 3 0 1 3]
 [0 1 4 0 1 3]
 [0 1 8 0 3 3]
 [1 9 9 3 2 2]
 [3 9 9 3 3 1]
 [1 9 9 3 2 3]
 [3 9 9 3 3 2]
 [3 9 9 3 3 3]
 [3 9 0 3 1 0]
 [5 9 0 2 1 0]
 [6 9 0 2 1 0]
 [4 9 0 3 1 0]
 [5 9 0 3 1 0]
 [8 1 9 3 1 1]
 [9 1 9 3 2 1]
 [9 3 9 3 1 1]
 [9 1 9 2 1 3]
 [9 9 9 3 1 3]
 [9 5 1 1 1 3]
 [9 3 1 1 1 3]
 [9 2 1 1 2 3]
 [9 2 1 1 1 3]
 [9 4 1 1 3 3]
 [0 1 9 0 2 1]
 [1 2 1 3 3 3]
 [1 1 3 3 3 3]
 [0 8 2 0 3 3]
 [0 9 4 0 3 3]
 [1 9 1 2 1 3]
 [1 8 1 3 1 3]
 [2 9 1 3 1 3]
 [9 9 4 2 1 1]
 [9 9 5 1 2 1]] [[ 23.21834584]
 [ 48.5687321 ]
 [ 37.2542088 ]
 [ 56.94229723]
 [ 72.68881042]
 [ 20.28273083]
 [ 19.92906469]
 [ 22.32400641]
 [ 22.20709952]
 [ 20.8507232 ]
 [  5.86014231]
 [ 15.04822796]
 [ 23.66844093]
 [ 30.87315998]
 [ 64.22290523]
 [ 82.83068508]
 [ 79.6937479 ]
 [ 95.3454547 ]
 [109.20139386]
 [114.39098862]
 [ 27.00091243]
 [ 28.84541874]
 [ 29.44855292]
 [ 30.83026725]
 [ 33.18669398]
 [ 45.73287389]
 [ 54.04932253]
 [ 49.41739496]
 [ 89.97160533]
 [112.07706813]
 [ 22.64020498]
 [ 19.65390453]
 [ 18.99994517]
 [ 18.82947275]
 [ 28.67236406]
 [ 28.00834771]
 [ 18.05379167]
 [ 24.29916073]
 [ 47.94179041]
 [ 62.67287737]
 [ 24.04668424]
 [ 23.68710959]
 [ 30.50032297]
 [ 37.06183263]
 [ 44.40168301]]
Query step: 9
9:        x_0  x_1  x_2  y_0  y_1  y_2
8542     4    7    6    1    1    1
12438    6    6    6    1    1    1
12439    6    6    6    1    1    2
12440    6    6    6    1    2    1
12451    6    6    6    2    3    1            f_res
8542   29.890098
12438  28.736779
12439  39.795786
12440  35.643172
12451  46.992856
9: X_train und x_test:  [[0 6 2 0 2 1]
 [4 7 7 1 1 2]
 [7 2 4 3 1 2]
 [7 5 5 2 3 2]
 [5 9 2 3 3 2]
 [5 1 0 3 3 0]
 [6 1 0 3 1 0]
 [6 1 0 3 3 0]
 [7 1 0 3 1 0]
 [8 1 0 2 3 0]
 [0 1 1 0 1 3]
 [0 1 2 0 1 3]
 [0 1 3 0 1 3]
 [0 1 4 0 1 3]
 [0 1 8 0 3 3]
 [1 9 9 3 2 2]
 [3 9 9 3 3 1]
 [1 9 9 3 2 3]
 [3 9 9 3 3 2]
 [3 9 9 3 3 3]
 [3 9 0 3 1 0]
 [5 9 0 2 1 0]
 [6 9 0 2 1 0]
 [4 9 0 3 1 0]
 [5 9 0 3 1 0]
 [8 1 9 3 1 1]
 [9 1 9 3 2 1]
 [9 3 9 3 1 1]
 [9 1 9 2 1 3]
 [9 9 9 3 1 3]
 [9 5 1 1 1 3]
 [9 3 1 1 1 3]
 [9 2 1 1 2 3]
 [9 2 1 1 1 3]
 [9 4 1 1 3 3]
 [0 1 9 0 2 1]
 [1 2 1 3 3 3]
 [1 1 3 3 3 3]
 [0 8 2 0 3 3]
 [0 9 4 0 3 3]
 [1 9 1 2 1 3]
 [1 8 1 3 1 3]
 [2 9 1 3 1 3]
 [9 9 4 2 1 1]
 [9 9 5 1 2 1]
 [4 7 6 1 1 1]
 [6 6 6 1 1 1]
 [6 6 6 1 1 2]
 [6 6 6 1 2 1]
 [6 6 6 2 3 1]] [[ 23.21834584]
 [ 48.5687321 ]
 [ 37.2542088 ]
 [ 56.94229723]
 [ 72.68881042]
 [ 20.28273083]
 [ 19.92906469]
 [ 22.32400641]
 [ 22.20709952]
 [ 20.8507232 ]
 [  5.86014231]
 [ 15.04822796]
 [ 23.66844093]
 [ 30.87315998]
 [ 64.22290523]
 [ 82.83068508]
 [ 79.6937479 ]
 [ 95.3454547 ]
 [109.20139386]
 [114.39098862]
 [ 27.00091243]
 [ 28.84541874]
 [ 29.44855292]
 [ 30.83026725]
 [ 33.18669398]
 [ 45.73287389]
 [ 54.04932253]
 [ 49.41739496]
 [ 89.97160533]
 [112.07706813]
 [ 22.64020498]
 [ 19.65390453]
 [ 18.99994517]
 [ 18.82947275]
 [ 28.67236406]
 [ 28.00834771]
 [ 18.05379167]
 [ 24.29916073]
 [ 47.94179041]
 [ 62.67287737]
 [ 24.04668424]
 [ 23.68710959]
 [ 30.50032297]
 [ 37.06183263]
 [ 44.40168301]
 [ 29.89009801]
 [ 28.73677945]
 [ 39.79578615]
 [ 35.64317231]
 [ 46.99285629]]
Query step: 10
10:        x_0  x_1  x_2  y_0  y_1  y_2
36       0    1    4    0    3    1
564      0    8    0    0    3    0
6797     3    9    0    1    3    0
4714     2    9    0    2    3    0
17620    9    1    7    3    3    3            f_res
36     13.499185
564    37.788801
6797   47.153329
4714   48.064520
17620  84.421610
10: X_train und x_test:  [[0 6 2 0 2 1]
 [4 7 7 1 1 2]
 [7 2 4 3 1 2]
 [7 5 5 2 3 2]
 [5 9 2 3 3 2]
 [5 1 0 3 3 0]
 [6 1 0 3 1 0]
 [6 1 0 3 3 0]
 [7 1 0 3 1 0]
 [8 1 0 2 3 0]
 [0 1 1 0 1 3]
 [0 1 2 0 1 3]
 [0 1 3 0 1 3]
 [0 1 4 0 1 3]
 [0 1 8 0 3 3]
 [1 9 9 3 2 2]
 [3 9 9 3 3 1]
 [1 9 9 3 2 3]
 [3 9 9 3 3 2]
 [3 9 9 3 3 3]
 [3 9 0 3 1 0]
 [5 9 0 2 1 0]
 [6 9 0 2 1 0]
 [4 9 0 3 1 0]
 [5 9 0 3 1 0]
 [8 1 9 3 1 1]
 [9 1 9 3 2 1]
 [9 3 9 3 1 1]
 [9 1 9 2 1 3]
 [9 9 9 3 1 3]
 [9 5 1 1 1 3]
 [9 3 1 1 1 3]
 [9 2 1 1 2 3]
 [9 2 1 1 1 3]
 [9 4 1 1 3 3]
 [0 1 9 0 2 1]
 [1 2 1 3 3 3]
 [1 1 3 3 3 3]
 [0 8 2 0 3 3]
 [0 9 4 0 3 3]
 [1 9 1 2 1 3]
 [1 8 1 3 1 3]
 [2 9 1 3 1 3]
 [9 9 4 2 1 1]
 [9 9 5 1 2 1]
 [4 7 6 1 1 1]
 [6 6 6 1 1 1]
 [6 6 6 1 1 2]
 [6 6 6 1 2 1]
 [6 6 6 2 3 1]
 [0 1 4 0 3 1]
 [0 8 0 0 3 0]
 [3 9 0 1 3 0]
 [2 9 0 2 3 0]
 [9 1 7 3 3 3]] [[ 23.21834584]
 [ 48.5687321 ]
 [ 37.2542088 ]
 [ 56.94229723]
 [ 72.68881042]
 [ 20.28273083]
 [ 19.92906469]
 [ 22.32400641]
 [ 22.20709952]
 [ 20.8507232 ]
 [  5.86014231]
 [ 15.04822796]
 [ 23.66844093]
 [ 30.87315998]
 [ 64.22290523]
 [ 82.83068508]
 [ 79.6937479 ]
 [ 95.3454547 ]
 [109.20139386]
 [114.39098862]
 [ 27.00091243]
 [ 28.84541874]
 [ 29.44855292]
 [ 30.83026725]
 [ 33.18669398]
 [ 45.73287389]
 [ 54.04932253]
 [ 49.41739496]
 [ 89.97160533]
 [112.07706813]
 [ 22.64020498]
 [ 19.65390453]
 [ 18.99994517]
 [ 18.82947275]
 [ 28.67236406]
 [ 28.00834771]
 [ 18.05379167]
 [ 24.29916073]
 [ 47.94179041]
 [ 62.67287737]
 [ 24.04668424]
 [ 23.68710959]
 [ 30.50032297]
 [ 37.06183263]
 [ 44.40168301]
 [ 29.89009801]
 [ 28.73677945]
 [ 39.79578615]
 [ 35.64317231]
 [ 46.99285629]
 [ 13.49918528]
 [ 37.78880103]
 [ 47.15332945]
 [ 48.06452024]
 [ 84.42160997]]
Query step: 11
11:        x_0  x_1  x_2  y_0  y_1  y_2
715      0    9    8    0    3    1
18599    9    5    9    1    3    3
19558    9    9    9    1    3    2
17171    8    8    9    1    3    3
19290    9    8    8    1    3    3             f_res
715     64.183354
18599   95.824912
19558  101.522781
17171  105.332771
19290  100.688720
11: X_train und x_test:  [[0 6 2 0 2 1]
 [4 7 7 1 1 2]
 [7 2 4 3 1 2]
 [7 5 5 2 3 2]
 [5 9 2 3 3 2]
 [5 1 0 3 3 0]
 [6 1 0 3 1 0]
 [6 1 0 3 3 0]
 [7 1 0 3 1 0]
 [8 1 0 2 3 0]
 [0 1 1 0 1 3]
 [0 1 2 0 1 3]
 [0 1 3 0 1 3]
 [0 1 4 0 1 3]
 [0 1 8 0 3 3]
 [1 9 9 3 2 2]
 [3 9 9 3 3 1]
 [1 9 9 3 2 3]
 [3 9 9 3 3 2]
 [3 9 9 3 3 3]
 [3 9 0 3 1 0]
 [5 9 0 2 1 0]
 [6 9 0 2 1 0]
 [4 9 0 3 1 0]
 [5 9 0 3 1 0]
 [8 1 9 3 1 1]
 [9 1 9 3 2 1]
 [9 3 9 3 1 1]
 [9 1 9 2 1 3]
 [9 9 9 3 1 3]
 [9 5 1 1 1 3]
 [9 3 1 1 1 3]
 [9 2 1 1 2 3]
 [9 2 1 1 1 3]
 [9 4 1 1 3 3]
 [0 1 9 0 2 1]
 [1 2 1 3 3 3]
 [1 1 3 3 3 3]
 [0 8 2 0 3 3]
 [0 9 4 0 3 3]
 [1 9 1 2 1 3]
 [1 8 1 3 1 3]
 [2 9 1 3 1 3]
 [9 9 4 2 1 1]
 [9 9 5 1 2 1]
 [4 7 6 1 1 1]
 [6 6 6 1 1 1]
 [6 6 6 1 1 2]
 [6 6 6 1 2 1]
 [6 6 6 2 3 1]
 [0 1 4 0 3 1]
 [0 8 0 0 3 0]
 [3 9 0 1 3 0]
 [2 9 0 2 3 0]
 [9 1 7 3 3 3]
 [0 9 8 0 3 1]
 [9 5 9 1 3 3]
 [9 9 9 1 3 2]
 [8 8 9 1 3 3]
 [9 8 8 1 3 3]] [[ 23.21834584]
 [ 48.5687321 ]
 [ 37.2542088 ]
 [ 56.94229723]
 [ 72.68881042]
 [ 20.28273083]
 [ 19.92906469]
 [ 22.32400641]
 [ 22.20709952]
 [ 20.8507232 ]
 [  5.86014231]
 [ 15.04822796]
 [ 23.66844093]
 [ 30.87315998]
 [ 64.22290523]
 [ 82.83068508]
 [ 79.6937479 ]
 [ 95.3454547 ]
 [109.20139386]
 [114.39098862]
 [ 27.00091243]
 [ 28.84541874]
 [ 29.44855292]
 [ 30.83026725]
 [ 33.18669398]
 [ 45.73287389]
 [ 54.04932253]
 [ 49.41739496]
 [ 89.97160533]
 [112.07706813]
 [ 22.64020498]
 [ 19.65390453]
 [ 18.99994517]
 [ 18.82947275]
 [ 28.67236406]
 [ 28.00834771]
 [ 18.05379167]
 [ 24.29916073]
 [ 47.94179041]
 [ 62.67287737]
 [ 24.04668424]
 [ 23.68710959]
 [ 30.50032297]
 [ 37.06183263]
 [ 44.40168301]
 [ 29.89009801]
 [ 28.73677945]
 [ 39.79578615]
 [ 35.64317231]
 [ 46.99285629]
 [ 13.49918528]
 [ 37.78880103]
 [ 47.15332945]
 [ 48.06452024]
 [ 84.42160997]
 [ 64.18335352]
 [ 95.82491214]
 [101.52278149]
 [105.33277083]
 [100.68872019]]
Query step: 12
12:       x_0  x_1  x_2  y_0  y_1  y_2
1       0    1    0    0    2    0
962     1    1    9    3    1    2
3092    2    1    9    3    3    2
936     1    1    8    3    1    3
720     0    9    9    0    1    3           f_res
1      3.578906
962   52.107752
3092  73.300277
936   71.665327
720   78.186001
12: X_train und x_test:  [[0 6 2 0 2 1]
 [4 7 7 1 1 2]
 [7 2 4 3 1 2]
 [7 5 5 2 3 2]
 [5 9 2 3 3 2]
 [5 1 0 3 3 0]
 [6 1 0 3 1 0]
 [6 1 0 3 3 0]
 [7 1 0 3 1 0]
 [8 1 0 2 3 0]
 [0 1 1 0 1 3]
 [0 1 2 0 1 3]
 [0 1 3 0 1 3]
 [0 1 4 0 1 3]
 [0 1 8 0 3 3]
 [1 9 9 3 2 2]
 [3 9 9 3 3 1]
 [1 9 9 3 2 3]
 [3 9 9 3 3 2]
 [3 9 9 3 3 3]
 [3 9 0 3 1 0]
 [5 9 0 2 1 0]
 [6 9 0 2 1 0]
 [4 9 0 3 1 0]
 [5 9 0 3 1 0]
 [8 1 9 3 1 1]
 [9 1 9 3 2 1]
 [9 3 9 3 1 1]
 [9 1 9 2 1 3]
 [9 9 9 3 1 3]
 [9 5 1 1 1 3]
 [9 3 1 1 1 3]
 [9 2 1 1 2 3]
 [9 2 1 1 1 3]
 [9 4 1 1 3 3]
 [0 1 9 0 2 1]
 [1 2 1 3 3 3]
 [1 1 3 3 3 3]
 [0 8 2 0 3 3]
 [0 9 4 0 3 3]
 [1 9 1 2 1 3]
 [1 8 1 3 1 3]
 [2 9 1 3 1 3]
 [9 9 4 2 1 1]
 [9 9 5 1 2 1]
 [4 7 6 1 1 1]
 [6 6 6 1 1 1]
 [6 6 6 1 1 2]
 [6 6 6 1 2 1]
 [6 6 6 2 3 1]
 [0 1 4 0 3 1]
 [0 8 0 0 3 0]
 [3 9 0 1 3 0]
 [2 9 0 2 3 0]
 [9 1 7 3 3 3]
 [0 9 8 0 3 1]
 [9 5 9 1 3 3]
 [9 9 9 1 3 2]
 [8 8 9 1 3 3]
 [9 8 8 1 3 3]
 [0 1 0 0 2 0]
 [1 1 9 3 1 2]
 [2 1 9 3 3 2]
 [1 1 8 3 1 3]
 [0 9 9 0 1 3]] [[ 23.21834584]
 [ 48.5687321 ]
 [ 37.2542088 ]
 [ 56.94229723]
 [ 72.68881042]
 [ 20.28273083]
 [ 19.92906469]
 [ 22.32400641]
 [ 22.20709952]
 [ 20.8507232 ]
 [  5.86014231]
 [ 15.04822796]
 [ 23.66844093]
 [ 30.87315998]
 [ 64.22290523]
 [ 82.83068508]
 [ 79.6937479 ]
 [ 95.3454547 ]
 [109.20139386]
 [114.39098862]
 [ 27.00091243]
 [ 28.84541874]
 [ 29.44855292]
 [ 30.83026725]
 [ 33.18669398]
 [ 45.73287389]
 [ 54.04932253]
 [ 49.41739496]
 [ 89.97160533]
 [112.07706813]
 [ 22.64020498]
 [ 19.65390453]
 [ 18.99994517]
 [ 18.82947275]
 [ 28.67236406]
 [ 28.00834771]
 [ 18.05379167]
 [ 24.29916073]
 [ 47.94179041]
 [ 62.67287737]
 [ 24.04668424]
 [ 23.68710959]
 [ 30.50032297]
 [ 37.06183263]
 [ 44.40168301]
 [ 29.89009801]
 [ 28.73677945]
 [ 39.79578615]
 [ 35.64317231]
 [ 46.99285629]
 [ 13.49918528]
 [ 37.78880103]
 [ 47.15332945]
 [ 48.06452024]
 [ 84.42160997]
 [ 64.18335352]
 [ 95.82491214]
 [101.52278149]
 [105.33277083]
 [100.68872019]
 [  3.57890576]
 [ 52.10775246]
 [ 73.30027746]
 [ 71.66532728]
 [ 78.18600077]]
Query step: 13
13:        x_0  x_1  x_2  y_0  y_1  y_2
742      1    1    1    1    3    2
94       0    2    1    0    3    2
17445    9    1    1    1    3    2
15357    8    1    1    3    3    2
19442    9    9    4    3    3    3            f_res
742     8.220642
94     14.108561
17445  17.924587
15357  34.137081
19442  96.377998
13: X_train und x_test:  [[0 6 2 0 2 1]
 [4 7 7 1 1 2]
 [7 2 4 3 1 2]
 [7 5 5 2 3 2]
 [5 9 2 3 3 2]
 [5 1 0 3 3 0]
 [6 1 0 3 1 0]
 [6 1 0 3 3 0]
 [7 1 0 3 1 0]
 [8 1 0 2 3 0]
 [0 1 1 0 1 3]
 [0 1 2 0 1 3]
 [0 1 3 0 1 3]
 [0 1 4 0 1 3]
 [0 1 8 0 3 3]
 [1 9 9 3 2 2]
 [3 9 9 3 3 1]
 [1 9 9 3 2 3]
 [3 9 9 3 3 2]
 [3 9 9 3 3 3]
 [3 9 0 3 1 0]
 [5 9 0 2 1 0]
 [6 9 0 2 1 0]
 [4 9 0 3 1 0]
 [5 9 0 3 1 0]
 [8 1 9 3 1 1]
 [9 1 9 3 2 1]
 [9 3 9 3 1 1]
 [9 1 9 2 1 3]
 [9 9 9 3 1 3]
 [9 5 1 1 1 3]
 [9 3 1 1 1 3]
 [9 2 1 1 2 3]
 [9 2 1 1 1 3]
 [9 4 1 1 3 3]
 [0 1 9 0 2 1]
 [1 2 1 3 3 3]
 [1 1 3 3 3 3]
 [0 8 2 0 3 3]
 [0 9 4 0 3 3]
 [1 9 1 2 1 3]
 [1 8 1 3 1 3]
 [2 9 1 3 1 3]
 [9 9 4 2 1 1]
 [9 9 5 1 2 1]
 [4 7 6 1 1 1]
 [6 6 6 1 1 1]
 [6 6 6 1 1 2]
 [6 6 6 1 2 1]
 [6 6 6 2 3 1]
 [0 1 4 0 3 1]
 [0 8 0 0 3 0]
 [3 9 0 1 3 0]
 [2 9 0 2 3 0]
 [9 1 7 3 3 3]
 [0 9 8 0 3 1]
 [9 5 9 1 3 3]
 [9 9 9 1 3 2]
 [8 8 9 1 3 3]
 [9 8 8 1 3 3]
 [0 1 0 0 2 0]
 [1 1 9 3 1 2]
 [2 1 9 3 3 2]
 [1 1 8 3 1 3]
 [0 9 9 0 1 3]
 [1 1 1 1 3 2]
 [0 2 1 0 3 2]
 [9 1 1 1 3 2]
 [8 1 1 3 3 2]
 [9 9 4 3 3 3]] [[ 23.21834584]
 [ 48.5687321 ]
 [ 37.2542088 ]
 [ 56.94229723]
 [ 72.68881042]
 [ 20.28273083]
 [ 19.92906469]
 [ 22.32400641]
 [ 22.20709952]
 [ 20.8507232 ]
 [  5.86014231]
 [ 15.04822796]
 [ 23.66844093]
 [ 30.87315998]
 [ 64.22290523]
 [ 82.83068508]
 [ 79.6937479 ]
 [ 95.3454547 ]
 [109.20139386]
 [114.39098862]
 [ 27.00091243]
 [ 28.84541874]
 [ 29.44855292]
 [ 30.83026725]
 [ 33.18669398]
 [ 45.73287389]
 [ 54.04932253]
 [ 49.41739496]
 [ 89.97160533]
 [112.07706813]
 [ 22.64020498]
 [ 19.65390453]
 [ 18.99994517]
 [ 18.82947275]
 [ 28.67236406]
 [ 28.00834771]
 [ 18.05379167]
 [ 24.29916073]
 [ 47.94179041]
 [ 62.67287737]
 [ 24.04668424]
 [ 23.68710959]
 [ 30.50032297]
 [ 37.06183263]
 [ 44.40168301]
 [ 29.89009801]
 [ 28.73677945]
 [ 39.79578615]
 [ 35.64317231]
 [ 46.99285629]
 [ 13.49918528]
 [ 37.78880103]
 [ 47.15332945]
 [ 48.06452024]
 [ 84.42160997]
 [ 64.18335352]
 [ 95.82491214]
 [101.52278149]
 [105.33277083]
 [100.68872019]
 [  3.57890576]
 [ 52.10775246]
 [ 73.30027746]
 [ 71.66532728]
 [ 78.18600077]
 [  8.22064168]
 [ 14.10856088]
 [ 17.92458735]
 [ 34.13708053]
 [ 96.37799785]]
Query step: 14
14:        x_0  x_1  x_2  y_0  y_1  y_2
1120     1    2    6    3    1    1
1094     1    2    5    3    1    1
832      1    1    4    3    2    1
17881    9    2    9    1    3    1
19551    9    9    9    1    1    1             f_res
1120    20.610017
1094    17.047358
832    164.268042
17881   46.871031
19551   40.794016
14: X_train und x_test:  [[0 6 2 0 2 1]
 [4 7 7 1 1 2]
 [7 2 4 3 1 2]
 [7 5 5 2 3 2]
 [5 9 2 3 3 2]
 [5 1 0 3 3 0]
 [6 1 0 3 1 0]
 [6 1 0 3 3 0]
 [7 1 0 3 1 0]
 [8 1 0 2 3 0]
 [0 1 1 0 1 3]
 [0 1 2 0 1 3]
 [0 1 3 0 1 3]
 [0 1 4 0 1 3]
 [0 1 8 0 3 3]
 [1 9 9 3 2 2]
 [3 9 9 3 3 1]
 [1 9 9 3 2 3]
 [3 9 9 3 3 2]
 [3 9 9 3 3 3]
 [3 9 0 3 1 0]
 [5 9 0 2 1 0]
 [6 9 0 2 1 0]
 [4 9 0 3 1 0]
 [5 9 0 3 1 0]
 [8 1 9 3 1 1]
 [9 1 9 3 2 1]
 [9 3 9 3 1 1]
 [9 1 9 2 1 3]
 [9 9 9 3 1 3]
 [9 5 1 1 1 3]
 [9 3 1 1 1 3]
 [9 2 1 1 2 3]
 [9 2 1 1 1 3]
 [9 4 1 1 3 3]
 [0 1 9 0 2 1]
 [1 2 1 3 3 3]
 [1 1 3 3 3 3]
 [0 8 2 0 3 3]
 [0 9 4 0 3 3]
 [1 9 1 2 1 3]
 [1 8 1 3 1 3]
 [2 9 1 3 1 3]
 [9 9 4 2 1 1]
 [9 9 5 1 2 1]
 [4 7 6 1 1 1]
 [6 6 6 1 1 1]
 [6 6 6 1 1 2]
 [6 6 6 1 2 1]
 [6 6 6 2 3 1]
 [0 1 4 0 3 1]
 [0 8 0 0 3 0]
 [3 9 0 1 3 0]
 [2 9 0 2 3 0]
 [9 1 7 3 3 3]
 [0 9 8 0 3 1]
 [9 5 9 1 3 3]
 [9 9 9 1 3 2]
 [8 8 9 1 3 3]
 [9 8 8 1 3 3]
 [0 1 0 0 2 0]
 [1 1 9 3 1 2]
 [2 1 9 3 3 2]
 [1 1 8 3 1 3]
 [0 9 9 0 1 3]
 [1 1 1 1 3 2]
 [0 2 1 0 3 2]
 [9 1 1 1 3 2]
 [8 1 1 3 3 2]
 [9 9 4 3 3 3]
 [1 2 6 3 1 1]
 [1 2 5 3 1 1]
 [1 1 4 3 2 1]
 [9 2 9 1 3 1]
 [9 9 9 1 1 1]] [[ 23.21834584]
 [ 48.5687321 ]
 [ 37.2542088 ]
 [ 56.94229723]
 [ 72.68881042]
 [ 20.28273083]
 [ 19.92906469]
 [ 22.32400641]
 [ 22.20709952]
 [ 20.8507232 ]
 [  5.86014231]
 [ 15.04822796]
 [ 23.66844093]
 [ 30.87315998]
 [ 64.22290523]
 [ 82.83068508]
 [ 79.6937479 ]
 [ 95.3454547 ]
 [109.20139386]
 [114.39098862]
 [ 27.00091243]
 [ 28.84541874]
 [ 29.44855292]
 [ 30.83026725]
 [ 33.18669398]
 [ 45.73287389]
 [ 54.04932253]
 [ 49.41739496]
 [ 89.97160533]
 [112.07706813]
 [ 22.64020498]
 [ 19.65390453]
 [ 18.99994517]
 [ 18.82947275]
 [ 28.67236406]
 [ 28.00834771]
 [ 18.05379167]
 [ 24.29916073]
 [ 47.94179041]
 [ 62.67287737]
 [ 24.04668424]
 [ 23.68710959]
 [ 30.50032297]
 [ 37.06183263]
 [ 44.40168301]
 [ 29.89009801]
 [ 28.73677945]
 [ 39.79578615]
 [ 35.64317231]
 [ 46.99285629]
 [ 13.49918528]
 [ 37.78880103]
 [ 47.15332945]
 [ 48.06452024]
 [ 84.42160997]
 [ 64.18335352]
 [ 95.82491214]
 [101.52278149]
 [105.33277083]
 [100.68872019]
 [  3.57890576]
 [ 52.10775246]
 [ 73.30027746]
 [ 71.66532728]
 [ 78.18600077]
 [  8.22064168]
 [ 14.10856088]
 [ 17.92458735]
 [ 34.13708053]
 [ 96.37799785]
 [ 20.6100165 ]
 [ 17.04735774]
 [164.26804206]
 [ 46.87103136]
 [ 40.79401605]]
Query step: 15
15:        x_0  x_1  x_2  y_0  y_1  y_2
4716     2    9    0    3    2    0
2649     1    9    1    3    2    3
6802     3    9    0    3    2    0
14862    7    8    0    3    2    0
722      0    9    9    0    2    3            f_res
4716   34.386196
2649   38.107280
6802   39.496890
14862  44.892233
722    88.655764
15: X_train und x_test:  [[0 6 2 0 2 1]
 [4 7 7 1 1 2]
 [7 2 4 3 1 2]
 [7 5 5 2 3 2]
 [5 9 2 3 3 2]
 [5 1 0 3 3 0]
 [6 1 0 3 1 0]
 [6 1 0 3 3 0]
 [7 1 0 3 1 0]
 [8 1 0 2 3 0]
 [0 1 1 0 1 3]
 [0 1 2 0 1 3]
 [0 1 3 0 1 3]
 [0 1 4 0 1 3]
 [0 1 8 0 3 3]
 [1 9 9 3 2 2]
 [3 9 9 3 3 1]
 [1 9 9 3 2 3]
 [3 9 9 3 3 2]
 [3 9 9 3 3 3]
 [3 9 0 3 1 0]
 [5 9 0 2 1 0]
 [6 9 0 2 1 0]
 [4 9 0 3 1 0]
 [5 9 0 3 1 0]
 [8 1 9 3 1 1]
 [9 1 9 3 2 1]
 [9 3 9 3 1 1]
 [9 1 9 2 1 3]
 [9 9 9 3 1 3]
 [9 5 1 1 1 3]
 [9 3 1 1 1 3]
 [9 2 1 1 2 3]
 [9 2 1 1 1 3]
 [9 4 1 1 3 3]
 [0 1 9 0 2 1]
 [1 2 1 3 3 3]
 [1 1 3 3 3 3]
 [0 8 2 0 3 3]
 [0 9 4 0 3 3]
 [1 9 1 2 1 3]
 [1 8 1 3 1 3]
 [2 9 1 3 1 3]
 [9 9 4 2 1 1]
 [9 9 5 1 2 1]
 [4 7 6 1 1 1]
 [6 6 6 1 1 1]
 [6 6 6 1 1 2]
 [6 6 6 1 2 1]
 [6 6 6 2 3 1]
 [0 1 4 0 3 1]
 [0 8 0 0 3 0]
 [3 9 0 1 3 0]
 [2 9 0 2 3 0]
 [9 1 7 3 3 3]
 [0 9 8 0 3 1]
 [9 5 9 1 3 3]
 [9 9 9 1 3 2]
 [8 8 9 1 3 3]
 [9 8 8 1 3 3]
 [0 1 0 0 2 0]
 [1 1 9 3 1 2]
 [2 1 9 3 3 2]
 [1 1 8 3 1 3]
 [0 9 9 0 1 3]
 [1 1 1 1 3 2]
 [0 2 1 0 3 2]
 [9 1 1 1 3 2]
 [8 1 1 3 3 2]
 [9 9 4 3 3 3]
 [1 2 6 3 1 1]
 [1 2 5 3 1 1]
 [1 1 4 3 2 1]
 [9 2 9 1 3 1]
 [9 9 9 1 1 1]
 [2 9 0 3 2 0]
 [1 9 1 3 2 3]
 [3 9 0 3 2 0]
 [7 8 0 3 2 0]
 [0 9 9 0 2 3]] [[ 23.21834584]
 [ 48.5687321 ]
 [ 37.2542088 ]
 [ 56.94229723]
 [ 72.68881042]
 [ 20.28273083]
 [ 19.92906469]
 [ 22.32400641]
 [ 22.20709952]
 [ 20.8507232 ]
 [  5.86014231]
 [ 15.04822796]
 [ 23.66844093]
 [ 30.87315998]
 [ 64.22290523]
 [ 82.83068508]
 [ 79.6937479 ]
 [ 95.3454547 ]
 [109.20139386]
 [114.39098862]
 [ 27.00091243]
 [ 28.84541874]
 [ 29.44855292]
 [ 30.83026725]
 [ 33.18669398]
 [ 45.73287389]
 [ 54.04932253]
 [ 49.41739496]
 [ 89.97160533]
 [112.07706813]
 [ 22.64020498]
 [ 19.65390453]
 [ 18.99994517]
 [ 18.82947275]
 [ 28.67236406]
 [ 28.00834771]
 [ 18.05379167]
 [ 24.29916073]
 [ 47.94179041]
 [ 62.67287737]
 [ 24.04668424]
 [ 23.68710959]
 [ 30.50032297]
 [ 37.06183263]
 [ 44.40168301]
 [ 29.89009801]
 [ 28.73677945]
 [ 39.79578615]
 [ 35.64317231]
 [ 46.99285629]
 [ 13.49918528]
 [ 37.78880103]
 [ 47.15332945]
 [ 48.06452024]
 [ 84.42160997]
 [ 64.18335352]
 [ 95.82491214]
 [101.52278149]
 [105.33277083]
 [100.68872019]
 [  3.57890576]
 [ 52.10775246]
 [ 73.30027746]
 [ 71.66532728]
 [ 78.18600077]
 [  8.22064168]
 [ 14.10856088]
 [ 17.92458735]
 [ 34.13708053]
 [ 96.37799785]
 [ 20.6100165 ]
 [ 17.04735774]
 [164.26804206]
 [ 46.87103136]
 [ 40.79401605]
 [ 34.38619611]
 [ 38.10727984]
 [ 39.49689037]
 [ 44.89223268]
 [ 88.65576419]]
Query step: 16
16:        x_0  x_1  x_2  y_0  y_1  y_2
7892     4    4    8    1    2    2
6990     3    9    8    2    2    1
4220     2    6    8    3    2    2
7893     4    4    8    1    2    3
16420    8    5    7    2    2    3            f_res
7892   73.860211
6990   55.334777
4220   79.946829
7893   89.852109
16420  91.750572
16: X_train und x_test:  [[0 6 2 0 2 1]
 [4 7 7 1 1 2]
 [7 2 4 3 1 2]
 [7 5 5 2 3 2]
 [5 9 2 3 3 2]
 [5 1 0 3 3 0]
 [6 1 0 3 1 0]
 [6 1 0 3 3 0]
 [7 1 0 3 1 0]
 [8 1 0 2 3 0]
 [0 1 1 0 1 3]
 [0 1 2 0 1 3]
 [0 1 3 0 1 3]
 [0 1 4 0 1 3]
 [0 1 8 0 3 3]
 [1 9 9 3 2 2]
 [3 9 9 3 3 1]
 [1 9 9 3 2 3]
 [3 9 9 3 3 2]
 [3 9 9 3 3 3]
 [3 9 0 3 1 0]
 [5 9 0 2 1 0]
 [6 9 0 2 1 0]
 [4 9 0 3 1 0]
 [5 9 0 3 1 0]
 [8 1 9 3 1 1]
 [9 1 9 3 2 1]
 [9 3 9 3 1 1]
 [9 1 9 2 1 3]
 [9 9 9 3 1 3]
 [9 5 1 1 1 3]
 [9 3 1 1 1 3]
 [9 2 1 1 2 3]
 [9 2 1 1 1 3]
 [9 4 1 1 3 3]
 [0 1 9 0 2 1]
 [1 2 1 3 3 3]
 [1 1 3 3 3 3]
 [0 8 2 0 3 3]
 [0 9 4 0 3 3]
 [1 9 1 2 1 3]
 [1 8 1 3 1 3]
 [2 9 1 3 1 3]
 [9 9 4 2 1 1]
 [9 9 5 1 2 1]
 [4 7 6 1 1 1]
 [6 6 6 1 1 1]
 [6 6 6 1 1 2]
 [6 6 6 1 2 1]
 [6 6 6 2 3 1]
 [0 1 4 0 3 1]
 [0 8 0 0 3 0]
 [3 9 0 1 3 0]
 [2 9 0 2 3 0]
 [9 1 7 3 3 3]
 [0 9 8 0 3 1]
 [9 5 9 1 3 3]
 [9 9 9 1 3 2]
 [8 8 9 1 3 3]
 [9 8 8 1 3 3]
 [0 1 0 0 2 0]
 [1 1 9 3 1 2]
 [2 1 9 3 3 2]
 [1 1 8 3 1 3]
 [0 9 9 0 1 3]
 [1 1 1 1 3 2]
 [0 2 1 0 3 2]
 [9 1 1 1 3 2]
 [8 1 1 3 3 2]
 [9 9 4 3 3 3]
 [1 2 6 3 1 1]
 [1 2 5 3 1 1]
 [1 1 4 3 2 1]
 [9 2 9 1 3 1]
 [9 9 9 1 1 1]
 [2 9 0 3 2 0]
 [1 9 1 3 2 3]
 [3 9 0 3 2 0]
 [7 8 0 3 2 0]
 [0 9 9 0 2 3]
 [4 4 8 1 2 2]
 [3 9 8 2 2 1]
 [2 6 8 3 2 2]
 [4 4 8 1 2 3]
 [8 5 7 2 2 3]] [[ 23.21834584]
 [ 48.5687321 ]
 [ 37.2542088 ]
 [ 56.94229723]
 [ 72.68881042]
 [ 20.28273083]
 [ 19.92906469]
 [ 22.32400641]
 [ 22.20709952]
 [ 20.8507232 ]
 [  5.86014231]
 [ 15.04822796]
 [ 23.66844093]
 [ 30.87315998]
 [ 64.22290523]
 [ 82.83068508]
 [ 79.6937479 ]
 [ 95.3454547 ]
 [109.20139386]
 [114.39098862]
 [ 27.00091243]
 [ 28.84541874]
 [ 29.44855292]
 [ 30.83026725]
 [ 33.18669398]
 [ 45.73287389]
 [ 54.04932253]
 [ 49.41739496]
 [ 89.97160533]
 [112.07706813]
 [ 22.64020498]
 [ 19.65390453]
 [ 18.99994517]
 [ 18.82947275]
 [ 28.67236406]
 [ 28.00834771]
 [ 18.05379167]
 [ 24.29916073]
 [ 47.94179041]
 [ 62.67287737]
 [ 24.04668424]
 [ 23.68710959]
 [ 30.50032297]
 [ 37.06183263]
 [ 44.40168301]
 [ 29.89009801]
 [ 28.73677945]
 [ 39.79578615]
 [ 35.64317231]
 [ 46.99285629]
 [ 13.49918528]
 [ 37.78880103]
 [ 47.15332945]
 [ 48.06452024]
 [ 84.42160997]
 [ 64.18335352]
 [ 95.82491214]
 [101.52278149]
 [105.33277083]
 [100.68872019]
 [  3.57890576]
 [ 52.10775246]
 [ 73.30027746]
 [ 71.66532728]
 [ 78.18600077]
 [  8.22064168]
 [ 14.10856088]
 [ 17.92458735]
 [ 34.13708053]
 [ 96.37799785]
 [ 20.6100165 ]
 [ 17.04735774]
 [164.26804206]
 [ 46.87103136]
 [ 40.79401605]
 [ 34.38619611]
 [ 38.10727984]
 [ 39.49689037]
 [ 44.89223268]
 [ 88.65576419]
 [ 73.86021122]
 [ 55.33477714]
 [ 79.94682899]
 [ 89.85210912]
 [ 91.75057213]]
Query step: 17
17:      x_0  x_1  x_2  y_0  y_1  y_2
44     0    1    5    0    2    3
128    0    2    5    0    2    3
210    0    3    5    0    2    3
527    0    7    5    0    2    3
606    0    8    5    0    2    3          f_res
44   44.951912
128  46.587250
210  48.929697
527  60.162060
606  60.973396
17: X_train und x_test:  [[0 6 2 0 2 1]
 [4 7 7 1 1 2]
 [7 2 4 3 1 2]
 [7 5 5 2 3 2]
 [5 9 2 3 3 2]
 [5 1 0 3 3 0]
 [6 1 0 3 1 0]
 [6 1 0 3 3 0]
 [7 1 0 3 1 0]
 [8 1 0 2 3 0]
 [0 1 1 0 1 3]
 [0 1 2 0 1 3]
 [0 1 3 0 1 3]
 [0 1 4 0 1 3]
 [0 1 8 0 3 3]
 [1 9 9 3 2 2]
 [3 9 9 3 3 1]
 [1 9 9 3 2 3]
 [3 9 9 3 3 2]
 [3 9 9 3 3 3]
 [3 9 0 3 1 0]
 [5 9 0 2 1 0]
 [6 9 0 2 1 0]
 [4 9 0 3 1 0]
 [5 9 0 3 1 0]
 [8 1 9 3 1 1]
 [9 1 9 3 2 1]
 [9 3 9 3 1 1]
 [9 1 9 2 1 3]
 [9 9 9 3 1 3]
 [9 5 1 1 1 3]
 [9 3 1 1 1 3]
 [9 2 1 1 2 3]
 [9 2 1 1 1 3]
 [9 4 1 1 3 3]
 [0 1 9 0 2 1]
 [1 2 1 3 3 3]
 [1 1 3 3 3 3]
 [0 8 2 0 3 3]
 [0 9 4 0 3 3]
 [1 9 1 2 1 3]
 [1 8 1 3 1 3]
 [2 9 1 3 1 3]
 [9 9 4 2 1 1]
 [9 9 5 1 2 1]
 [4 7 6 1 1 1]
 [6 6 6 1 1 1]
 [6 6 6 1 1 2]
 [6 6 6 1 2 1]
 [6 6 6 2 3 1]
 [0 1 4 0 3 1]
 [0 8 0 0 3 0]
 [3 9 0 1 3 0]
 [2 9 0 2 3 0]
 [9 1 7 3 3 3]
 [0 9 8 0 3 1]
 [9 5 9 1 3 3]
 [9 9 9 1 3 2]
 [8 8 9 1 3 3]
 [9 8 8 1 3 3]
 [0 1 0 0 2 0]
 [1 1 9 3 1 2]
 [2 1 9 3 3 2]
 [1 1 8 3 1 3]
 [0 9 9 0 1 3]
 [1 1 1 1 3 2]
 [0 2 1 0 3 2]
 [9 1 1 1 3 2]
 [8 1 1 3 3 2]
 [9 9 4 3 3 3]
 [1 2 6 3 1 1]
 [1 2 5 3 1 1]
 [1 1 4 3 2 1]
 [9 2 9 1 3 1]
 [9 9 9 1 1 1]
 [2 9 0 3 2 0]
 [1 9 1 3 2 3]
 [3 9 0 3 2 0]
 [7 8 0 3 2 0]
 [0 9 9 0 2 3]
 [4 4 8 1 2 2]
 [3 9 8 2 2 1]
 [2 6 8 3 2 2]
 [4 4 8 1 2 3]
 [8 5 7 2 2 3]
 [0 1 5 0 2 3]
 [0 2 5 0 2 3]
 [0 3 5 0 2 3]
 [0 7 5 0 2 3]
 [0 8 5 0 2 3]] [[ 23.21834584]
 [ 48.5687321 ]
 [ 37.2542088 ]
 [ 56.94229723]
 [ 72.68881042]
 [ 20.28273083]
 [ 19.92906469]
 [ 22.32400641]
 [ 22.20709952]
 [ 20.8507232 ]
 [  5.86014231]
 [ 15.04822796]
 [ 23.66844093]
 [ 30.87315998]
 [ 64.22290523]
 [ 82.83068508]
 [ 79.6937479 ]
 [ 95.3454547 ]
 [109.20139386]
 [114.39098862]
 [ 27.00091243]
 [ 28.84541874]
 [ 29.44855292]
 [ 30.83026725]
 [ 33.18669398]
 [ 45.73287389]
 [ 54.04932253]
 [ 49.41739496]
 [ 89.97160533]
 [112.07706813]
 [ 22.64020498]
 [ 19.65390453]
 [ 18.99994517]
 [ 18.82947275]
 [ 28.67236406]
 [ 28.00834771]
 [ 18.05379167]
 [ 24.29916073]
 [ 47.94179041]
 [ 62.67287737]
 [ 24.04668424]
 [ 23.68710959]
 [ 30.50032297]
 [ 37.06183263]
 [ 44.40168301]
 [ 29.89009801]
 [ 28.73677945]
 [ 39.79578615]
 [ 35.64317231]
 [ 46.99285629]
 [ 13.49918528]
 [ 37.78880103]
 [ 47.15332945]
 [ 48.06452024]
 [ 84.42160997]
 [ 64.18335352]
 [ 95.82491214]
 [101.52278149]
 [105.33277083]
 [100.68872019]
 [  3.57890576]
 [ 52.10775246]
 [ 73.30027746]
 [ 71.66532728]
 [ 78.18600077]
 [  8.22064168]
 [ 14.10856088]
 [ 17.92458735]
 [ 34.13708053]
 [ 96.37799785]
 [ 20.6100165 ]
 [ 17.04735774]
 [164.26804206]
 [ 46.87103136]
 [ 40.79401605]
 [ 34.38619611]
 [ 38.10727984]
 [ 39.49689037]
 [ 44.89223268]
 [ 88.65576419]
 [ 73.86021122]
 [ 55.33477714]
 [ 79.94682899]
 [ 89.85210912]
 [ 91.75057213]
 [ 44.95191185]
 [ 46.58724958]
 [ 48.92969734]
 [ 60.16206045]
 [ 60.97339622]]
Query step: 18
18:        x_0  x_1  x_2  y_0  y_1  y_2
75       0    1    9    0    1    1
15409    8    1    3    3    2    3
6903     3    9    4    3    2    3
17751    9    2    3    3    2    3
13098    6    9    4    3    2    3            f_res
75     20.467454
15409  46.024699
6903   67.378583
17751  50.673785
13098  76.168538
18: X_train und x_test:  [[0 6 2 0 2 1]
 [4 7 7 1 1 2]
 [7 2 4 3 1 2]
 [7 5 5 2 3 2]
 [5 9 2 3 3 2]
 [5 1 0 3 3 0]
 [6 1 0 3 1 0]
 [6 1 0 3 3 0]
 [7 1 0 3 1 0]
 [8 1 0 2 3 0]
 [0 1 1 0 1 3]
 [0 1 2 0 1 3]
 [0 1 3 0 1 3]
 [0 1 4 0 1 3]
 [0 1 8 0 3 3]
 [1 9 9 3 2 2]
 [3 9 9 3 3 1]
 [1 9 9 3 2 3]
 [3 9 9 3 3 2]
 [3 9 9 3 3 3]
 [3 9 0 3 1 0]
 [5 9 0 2 1 0]
 [6 9 0 2 1 0]
 [4 9 0 3 1 0]
 [5 9 0 3 1 0]
 [8 1 9 3 1 1]
 [9 1 9 3 2 1]
 [9 3 9 3 1 1]
 [9 1 9 2 1 3]
 [9 9 9 3 1 3]
 [9 5 1 1 1 3]
 [9 3 1 1 1 3]
 [9 2 1 1 2 3]
 [9 2 1 1 1 3]
 [9 4 1 1 3 3]
 [0 1 9 0 2 1]
 [1 2 1 3 3 3]
 [1 1 3 3 3 3]
 [0 8 2 0 3 3]
 [0 9 4 0 3 3]
 [1 9 1 2 1 3]
 [1 8 1 3 1 3]
 [2 9 1 3 1 3]
 [9 9 4 2 1 1]
 [9 9 5 1 2 1]
 [4 7 6 1 1 1]
 [6 6 6 1 1 1]
 [6 6 6 1 1 2]
 [6 6 6 1 2 1]
 [6 6 6 2 3 1]
 [0 1 4 0 3 1]
 [0 8 0 0 3 0]
 [3 9 0 1 3 0]
 [2 9 0 2 3 0]
 [9 1 7 3 3 3]
 [0 9 8 0 3 1]
 [9 5 9 1 3 3]
 [9 9 9 1 3 2]
 [8 8 9 1 3 3]
 [9 8 8 1 3 3]
 [0 1 0 0 2 0]
 [1 1 9 3 1 2]
 [2 1 9 3 3 2]
 [1 1 8 3 1 3]
 [0 9 9 0 1 3]
 [1 1 1 1 3 2]
 [0 2 1 0 3 2]
 [9 1 1 1 3 2]
 [8 1 1 3 3 2]
 [9 9 4 3 3 3]
 [1 2 6 3 1 1]
 [1 2 5 3 1 1]
 [1 1 4 3 2 1]
 [9 2 9 1 3 1]
 [9 9 9 1 1 1]
 [2 9 0 3 2 0]
 [1 9 1 3 2 3]
 [3 9 0 3 2 0]
 [7 8 0 3 2 0]
 [0 9 9 0 2 3]
 [4 4 8 1 2 2]
 [3 9 8 2 2 1]
 [2 6 8 3 2 2]
 [4 4 8 1 2 3]
 [8 5 7 2 2 3]
 [0 1 5 0 2 3]
 [0 2 5 0 2 3]
 [0 3 5 0 2 3]
 [0 7 5 0 2 3]
 [0 8 5 0 2 3]
 [0 1 9 0 1 1]
 [8 1 3 3 2 3]
 [3 9 4 3 2 3]
 [9 2 3 3 2 3]
 [6 9 4 3 2 3]] [[ 23.21834584]
 [ 48.5687321 ]
 [ 37.2542088 ]
 [ 56.94229723]
 [ 72.68881042]
 [ 20.28273083]
 [ 19.92906469]
 [ 22.32400641]
 [ 22.20709952]
 [ 20.8507232 ]
 [  5.86014231]
 [ 15.04822796]
 [ 23.66844093]
 [ 30.87315998]
 [ 64.22290523]
 [ 82.83068508]
 [ 79.6937479 ]
 [ 95.3454547 ]
 [109.20139386]
 [114.39098862]
 [ 27.00091243]
 [ 28.84541874]
 [ 29.44855292]
 [ 30.83026725]
 [ 33.18669398]
 [ 45.73287389]
 [ 54.04932253]
 [ 49.41739496]
 [ 89.97160533]
 [112.07706813]
 [ 22.64020498]
 [ 19.65390453]
 [ 18.99994517]
 [ 18.82947275]
 [ 28.67236406]
 [ 28.00834771]
 [ 18.05379167]
 [ 24.29916073]
 [ 47.94179041]
 [ 62.67287737]
 [ 24.04668424]
 [ 23.68710959]
 [ 30.50032297]
 [ 37.06183263]
 [ 44.40168301]
 [ 29.89009801]
 [ 28.73677945]
 [ 39.79578615]
 [ 35.64317231]
 [ 46.99285629]
 [ 13.49918528]
 [ 37.78880103]
 [ 47.15332945]
 [ 48.06452024]
 [ 84.42160997]
 [ 64.18335352]
 [ 95.82491214]
 [101.52278149]
 [105.33277083]
 [100.68872019]
 [  3.57890576]
 [ 52.10775246]
 [ 73.30027746]
 [ 71.66532728]
 [ 78.18600077]
 [  8.22064168]
 [ 14.10856088]
 [ 17.92458735]
 [ 34.13708053]
 [ 96.37799785]
 [ 20.6100165 ]
 [ 17.04735774]
 [164.26804206]
 [ 46.87103136]
 [ 40.79401605]
 [ 34.38619611]
 [ 38.10727984]
 [ 39.49689037]
 [ 44.89223268]
 [ 88.65576419]
 [ 73.86021122]
 [ 55.33477714]
 [ 79.94682899]
 [ 89.85210912]
 [ 91.75057213]
 [ 44.95191185]
 [ 46.58724958]
 [ 48.92969734]
 [ 60.16206045]
 [ 60.97339622]
 [ 20.46745449]
 [ 46.02469939]
 [ 67.37858251]
 [ 50.67378503]
 [ 76.16853798]]
Query step: 19
19:        x_0  x_1  x_2  y_0  y_1  y_2
2461     1    8    3    3    1    1
19392    9    9    3    1    1    1
6872     3    9    3    3    1    1
14917    7    8    3    1    3    1
8944     4    9    3    1    3    1            f_res
2461   21.377354
19392  27.147002
6872   32.220449
14917  51.920505
8944   54.626013
19: X_train und x_test:  [[0 6 2 0 2 1]
 [4 7 7 1 1 2]
 [7 2 4 3 1 2]
 [7 5 5 2 3 2]
 [5 9 2 3 3 2]
 [5 1 0 3 3 0]
 [6 1 0 3 1 0]
 [6 1 0 3 3 0]
 [7 1 0 3 1 0]
 [8 1 0 2 3 0]
 [0 1 1 0 1 3]
 [0 1 2 0 1 3]
 [0 1 3 0 1 3]
 [0 1 4 0 1 3]
 [0 1 8 0 3 3]
 [1 9 9 3 2 2]
 [3 9 9 3 3 1]
 [1 9 9 3 2 3]
 [3 9 9 3 3 2]
 [3 9 9 3 3 3]
 [3 9 0 3 1 0]
 [5 9 0 2 1 0]
 [6 9 0 2 1 0]
 [4 9 0 3 1 0]
 [5 9 0 3 1 0]
 [8 1 9 3 1 1]
 [9 1 9 3 2 1]
 [9 3 9 3 1 1]
 [9 1 9 2 1 3]
 [9 9 9 3 1 3]
 [9 5 1 1 1 3]
 [9 3 1 1 1 3]
 [9 2 1 1 2 3]
 [9 2 1 1 1 3]
 [9 4 1 1 3 3]
 [0 1 9 0 2 1]
 [1 2 1 3 3 3]
 [1 1 3 3 3 3]
 [0 8 2 0 3 3]
 [0 9 4 0 3 3]
 [1 9 1 2 1 3]
 [1 8 1 3 1 3]
 [2 9 1 3 1 3]
 [9 9 4 2 1 1]
 [9 9 5 1 2 1]
 [4 7 6 1 1 1]
 [6 6 6 1 1 1]
 [6 6 6 1 1 2]
 [6 6 6 1 2 1]
 [6 6 6 2 3 1]
 [0 1 4 0 3 1]
 [0 8 0 0 3 0]
 [3 9 0 1 3 0]
 [2 9 0 2 3 0]
 [9 1 7 3 3 3]
 [0 9 8 0 3 1]
 [9 5 9 1 3 3]
 [9 9 9 1 3 2]
 [8 8 9 1 3 3]
 [9 8 8 1 3 3]
 [0 1 0 0 2 0]
 [1 1 9 3 1 2]
 [2 1 9 3 3 2]
 [1 1 8 3 1 3]
 [0 9 9 0 1 3]
 [1 1 1 1 3 2]
 [0 2 1 0 3 2]
 [9 1 1 1 3 2]
 [8 1 1 3 3 2]
 [9 9 4 3 3 3]
 [1 2 6 3 1 1]
 [1 2 5 3 1 1]
 [1 1 4 3 2 1]
 [9 2 9 1 3 1]
 [9 9 9 1 1 1]
 [2 9 0 3 2 0]
 [1 9 1 3 2 3]
 [3 9 0 3 2 0]
 [7 8 0 3 2 0]
 [0 9 9 0 2 3]
 [4 4 8 1 2 2]
 [3 9 8 2 2 1]
 [2 6 8 3 2 2]
 [4 4 8 1 2 3]
 [8 5 7 2 2 3]
 [0 1 5 0 2 3]
 [0 2 5 0 2 3]
 [0 3 5 0 2 3]
 [0 7 5 0 2 3]
 [0 8 5 0 2 3]
 [0 1 9 0 1 1]
 [8 1 3 3 2 3]
 [3 9 4 3 2 3]
 [9 2 3 3 2 3]
 [6 9 4 3 2 3]
 [1 8 3 3 1 1]
 [9 9 3 1 1 1]
 [3 9 3 3 1 1]
 [7 8 3 1 3 1]
 [4 9 3 1 3 1]] [[ 23.21834584]
 [ 48.5687321 ]
 [ 37.2542088 ]
 [ 56.94229723]
 [ 72.68881042]
 [ 20.28273083]
 [ 19.92906469]
 [ 22.32400641]
 [ 22.20709952]
 [ 20.8507232 ]
 [  5.86014231]
 [ 15.04822796]
 [ 23.66844093]
 [ 30.87315998]
 [ 64.22290523]
 [ 82.83068508]
 [ 79.6937479 ]
 [ 95.3454547 ]
 [109.20139386]
 [114.39098862]
 [ 27.00091243]
 [ 28.84541874]
 [ 29.44855292]
 [ 30.83026725]
 [ 33.18669398]
 [ 45.73287389]
 [ 54.04932253]
 [ 49.41739496]
 [ 89.97160533]
 [112.07706813]
 [ 22.64020498]
 [ 19.65390453]
 [ 18.99994517]
 [ 18.82947275]
 [ 28.67236406]
 [ 28.00834771]
 [ 18.05379167]
 [ 24.29916073]
 [ 47.94179041]
 [ 62.67287737]
 [ 24.04668424]
 [ 23.68710959]
 [ 30.50032297]
 [ 37.06183263]
 [ 44.40168301]
 [ 29.89009801]
 [ 28.73677945]
 [ 39.79578615]
 [ 35.64317231]
 [ 46.99285629]
 [ 13.49918528]
 [ 37.78880103]
 [ 47.15332945]
 [ 48.06452024]
 [ 84.42160997]
 [ 64.18335352]
 [ 95.82491214]
 [101.52278149]
 [105.33277083]
 [100.68872019]
 [  3.57890576]
 [ 52.10775246]
 [ 73.30027746]
 [ 71.66532728]
 [ 78.18600077]
 [  8.22064168]
 [ 14.10856088]
 [ 17.92458735]
 [ 34.13708053]
 [ 96.37799785]
 [ 20.6100165 ]
 [ 17.04735774]
 [164.26804206]
 [ 46.87103136]
 [ 40.79401605]
 [ 34.38619611]
 [ 38.10727984]
 [ 39.49689037]
 [ 44.89223268]
 [ 88.65576419]
 [ 73.86021122]
 [ 55.33477714]
 [ 79.94682899]
 [ 89.85210912]
 [ 91.75057213]
 [ 44.95191185]
 [ 46.58724958]
 [ 48.92969734]
 [ 60.16206045]
 [ 60.97339622]
 [ 20.46745449]
 [ 46.02469939]
 [ 67.37858251]
 [ 50.67378503]
 [ 76.16853798]
 [ 21.37735389]
 [ 27.14700184]
 [ 32.22044907]
 [ 51.92050499]
 [ 54.62601346]]
Query step: 20
20:        x_0  x_1  x_2  y_0  y_1  y_2
1152     1    2    7    3    3    1
15513    8    1    7    3    3    1
15747    8    2    7    3    3    1
18318    9    4    7    3    3    1
17137    8    8    7    3    3    1            f_res
1152   31.277273
15513  40.849822
15747  42.314253
18318  50.999050
17137  73.748451
20: X_train und x_test:  [[0 6 2 0 2 1]
 [4 7 7 1 1 2]
 [7 2 4 3 1 2]
 [7 5 5 2 3 2]
 [5 9 2 3 3 2]
 [5 1 0 3 3 0]
 [6 1 0 3 1 0]
 [6 1 0 3 3 0]
 [7 1 0 3 1 0]
 [8 1 0 2 3 0]
 [0 1 1 0 1 3]
 [0 1 2 0 1 3]
 [0 1 3 0 1 3]
 [0 1 4 0 1 3]
 [0 1 8 0 3 3]
 [1 9 9 3 2 2]
 [3 9 9 3 3 1]
 [1 9 9 3 2 3]
 [3 9 9 3 3 2]
 [3 9 9 3 3 3]
 [3 9 0 3 1 0]
 [5 9 0 2 1 0]
 [6 9 0 2 1 0]
 [4 9 0 3 1 0]
 [5 9 0 3 1 0]
 [8 1 9 3 1 1]
 [9 1 9 3 2 1]
 [9 3 9 3 1 1]
 [9 1 9 2 1 3]
 [9 9 9 3 1 3]
 [9 5 1 1 1 3]
 [9 3 1 1 1 3]
 [9 2 1 1 2 3]
 [9 2 1 1 1 3]
 [9 4 1 1 3 3]
 [0 1 9 0 2 1]
 [1 2 1 3 3 3]
 [1 1 3 3 3 3]
 [0 8 2 0 3 3]
 [0 9 4 0 3 3]
 [1 9 1 2 1 3]
 [1 8 1 3 1 3]
 [2 9 1 3 1 3]
 [9 9 4 2 1 1]
 [9 9 5 1 2 1]
 [4 7 6 1 1 1]
 [6 6 6 1 1 1]
 [6 6 6 1 1 2]
 [6 6 6 1 2 1]
 [6 6 6 2 3 1]
 [0 1 4 0 3 1]
 [0 8 0 0 3 0]
 [3 9 0 1 3 0]
 [2 9 0 2 3 0]
 [9 1 7 3 3 3]
 [0 9 8 0 3 1]
 [9 5 9 1 3 3]
 [9 9 9 1 3 2]
 [8 8 9 1 3 3]
 [9 8 8 1 3 3]
 [0 1 0 0 2 0]
 [1 1 9 3 1 2]
 [2 1 9 3 3 2]
 [1 1 8 3 1 3]
 [0 9 9 0 1 3]
 [1 1 1 1 3 2]
 [0 2 1 0 3 2]
 [9 1 1 1 3 2]
 [8 1 1 3 3 2]
 [9 9 4 3 3 3]
 [1 2 6 3 1 1]
 [1 2 5 3 1 1]
 [1 1 4 3 2 1]
 [9 2 9 1 3 1]
 [9 9 9 1 1 1]
 [2 9 0 3 2 0]
 [1 9 1 3 2 3]
 [3 9 0 3 2 0]
 [7 8 0 3 2 0]
 [0 9 9 0 2 3]
 [4 4 8 1 2 2]
 [3 9 8 2 2 1]
 [2 6 8 3 2 2]
 [4 4 8 1 2 3]
 [8 5 7 2 2 3]
 [0 1 5 0 2 3]
 [0 2 5 0 2 3]
 [0 3 5 0 2 3]
 [0 7 5 0 2 3]
 [0 8 5 0 2 3]
 [0 1 9 0 1 1]
 [8 1 3 3 2 3]
 [3 9 4 3 2 3]
 [9 2 3 3 2 3]
 [6 9 4 3 2 3]
 [1 8 3 3 1 1]
 [9 9 3 1 1 1]
 [3 9 3 3 1 1]
 [7 8 3 1 3 1]
 [4 9 3 1 3 1]
 [1 2 7 3 3 1]
 [8 1 7 3 3 1]
 [8 2 7 3 3 1]
 [9 4 7 3 3 1]
 [8 8 7 3 3 1]] [[ 23.21834584]
 [ 48.5687321 ]
 [ 37.2542088 ]
 [ 56.94229723]
 [ 72.68881042]
 [ 20.28273083]
 [ 19.92906469]
 [ 22.32400641]
 [ 22.20709952]
 [ 20.8507232 ]
 [  5.86014231]
 [ 15.04822796]
 [ 23.66844093]
 [ 30.87315998]
 [ 64.22290523]
 [ 82.83068508]
 [ 79.6937479 ]
 [ 95.3454547 ]
 [109.20139386]
 [114.39098862]
 [ 27.00091243]
 [ 28.84541874]
 [ 29.44855292]
 [ 30.83026725]
 [ 33.18669398]
 [ 45.73287389]
 [ 54.04932253]
 [ 49.41739496]
 [ 89.97160533]
 [112.07706813]
 [ 22.64020498]
 [ 19.65390453]
 [ 18.99994517]
 [ 18.82947275]
 [ 28.67236406]
 [ 28.00834771]
 [ 18.05379167]
 [ 24.29916073]
 [ 47.94179041]
 [ 62.67287737]
 [ 24.04668424]
 [ 23.68710959]
 [ 30.50032297]
 [ 37.06183263]
 [ 44.40168301]
 [ 29.89009801]
 [ 28.73677945]
 [ 39.79578615]
 [ 35.64317231]
 [ 46.99285629]
 [ 13.49918528]
 [ 37.78880103]
 [ 47.15332945]
 [ 48.06452024]
 [ 84.42160997]
 [ 64.18335352]
 [ 95.82491214]
 [101.52278149]
 [105.33277083]
 [100.68872019]
 [  3.57890576]
 [ 52.10775246]
 [ 73.30027746]
 [ 71.66532728]
 [ 78.18600077]
 [  8.22064168]
 [ 14.10856088]
 [ 17.92458735]
 [ 34.13708053]
 [ 96.37799785]
 [ 20.6100165 ]
 [ 17.04735774]
 [164.26804206]
 [ 46.87103136]
 [ 40.79401605]
 [ 34.38619611]
 [ 38.10727984]
 [ 39.49689037]
 [ 44.89223268]
 [ 88.65576419]
 [ 73.86021122]
 [ 55.33477714]
 [ 79.94682899]
 [ 89.85210912]
 [ 91.75057213]
 [ 44.95191185]
 [ 46.58724958]
 [ 48.92969734]
 [ 60.16206045]
 [ 60.97339622]
 [ 20.46745449]
 [ 46.02469939]
 [ 67.37858251]
 [ 50.67378503]
 [ 76.16853798]
 [ 21.37735389]
 [ 27.14700184]
 [ 32.22044907]
 [ 51.92050499]
 [ 54.62601346]
 [ 31.27727315]
 [ 40.84982157]
 [ 42.31425318]
 [ 50.99904969]
 [ 73.74845094]]
