(sim) C:\Users\Administrator\ALinSim\src>uv run GP_active_learning_trc.py --random_state 47
Total valid pool combinations (paper-consistent): 21168 (should be 21168)
Valid pool count (paper-consistent): 21168, should be 21168
delta = 0.1865  (=0.5 * median NN distance in normalized space)
Pool after removing test points: 21068
Pool kept after distance filtering: 19669 / 21068
Query step: 0
step == 0 [14588, 8483, 14823, 1914, 10693]
0:        x_0  x_1  x_2  y_0  y_1  y_2
1914     1    5    8    3    3    1
14588    7    6    4    1    3    1
8483     4    6    9    3    2    1
14823    7    7    4    1    3    2
10693    5    7    6    3    3    1            f_res
1914   48.884107
14588  41.836104
8483   55.315587
14823  59.084810
10693  57.200366
0: X_train und x_test:  [[1 5 8 3 3 1]
 [7 6 4 1 3 1]
 [4 6 9 3 2 1]
 [7 7 4 1 3 2]
 [5 7 6 3 3 1]] [[48.88410709]
 [41.83610381]
 [55.31558741]
 [59.08481025]
 [57.20036557]]
Query step: 1
1:       x_0  x_1  x_2  y_0  y_1  y_2
1003    1    2    1    3    1    3
760     1    1    1    3    3    3
784     1    1    2    3    2    3
811     1    1    3    3    2    3
940     1    1    8    3    1    3           f_res
1003  12.594651
760   11.882643
784   16.923190
811   24.610872
940   71.665327
1: X_train und x_test:  [[1 5 8 3 3 1]
 [7 6 4 1 3 1]
 [4 6 9 3 2 1]
 [7 7 4 1 3 2]
 [5 7 6 3 3 1]
 [1 2 1 3 1 3]
 [1 1 1 3 3 3]
 [1 1 2 3 2 3]
 [1 1 3 3 2 3]
 [1 1 8 3 1 3]] [[48.88410709]
 [41.83610381]
 [55.31558741]
 [59.08481025]
 [57.20036557]
 [12.5946511 ]
 [11.88264274]
 [16.9231897 ]
 [24.61087153]
 [71.66532728]]
Query step: 2
2:      x_0  x_1  x_2  y_0  y_1  y_2
82     0    2    0    0    1    0
83     0    2    0    0    2    0
488    0    7    0    0    2    0
2      0    1    0    0    3    0
489    0    7    0    0    3    0          f_res
82    3.584220
83    8.185665
488  21.848765
2     5.053278
489  33.592058
2: X_train und x_test:  [[1 5 8 3 3 1]
 [7 6 4 1 3 1]
 [4 6 9 3 2 1]
 [7 7 4 1 3 2]
 [5 7 6 3 3 1]
 [1 2 1 3 1 3]
 [1 1 1 3 3 3]
 [1 1 2 3 2 3]
 [1 1 3 3 2 3]
 [1 1 8 3 1 3]
 [0 2 0 0 1 0]
 [0 2 0 0 2 0]
 [0 7 0 0 2 0]
 [0 1 0 0 3 0]
 [0 7 0 0 3 0]] [[48.88410709]
 [41.83610381]
 [55.31558741]
 [59.08481025]
 [57.20036557]
 [12.5946511 ]
 [11.88264274]
 [16.9231897 ]
 [24.61087153]
 [71.66532728]
 [ 3.58421987]
 [ 8.18566502]
 [21.84876511]
 [ 5.0532783 ]
 [33.59205773]]
Query step: 3
3:        x_0  x_1  x_2  y_0  y_1  y_2
2894     1    9    9    1    3    3
5024     2    9    9    1    3    3
15433    7    9    9    1    3    3
17529    8    9    9    1    3    3
19651    9    9    9    1    3    3             f_res
2894    98.547509
5024   100.926355
15433  106.830237
17529  106.664845
19651  106.286810
3: X_train und x_test:  [[1 5 8 3 3 1]
 [7 6 4 1 3 1]
 [4 6 9 3 2 1]
 [7 7 4 1 3 2]
 [5 7 6 3 3 1]
 [1 2 1 3 1 3]
 [1 1 1 3 3 3]
 [1 1 2 3 2 3]
 [1 1 3 3 2 3]
 [1 1 8 3 1 3]
 [0 2 0 0 1 0]
 [0 2 0 0 2 0]
 [0 7 0 0 2 0]
 [0 1 0 0 3 0]
 [0 7 0 0 3 0]
 [1 9 9 1 3 3]
 [2 9 9 1 3 3]
 [7 9 9 1 3 3]
 [8 9 9 1 3 3]
 [9 9 9 1 3 3]] [[ 48.88410709]
 [ 41.83610381]
 [ 55.31558741]
 [ 59.08481025]
 [ 57.20036557]
 [ 12.5946511 ]
 [ 11.88264274]
 [ 16.9231897 ]
 [ 24.61087153]
 [ 71.66532728]
 [  3.58421987]
 [  8.18566502]
 [ 21.84876511]
 [  5.0532783 ]
 [ 33.59205773]
 [ 98.54750923]
 [100.92635524]
 [106.83023748]
 [106.66484492]
 [106.28680988]]
Query step: 4
4:        x_0  x_1  x_2  y_0  y_1  y_2
17567    9    1    1    2    1    3
17766    9    1    9    1    2    3
17775    9    1    9    2    2    3
17785    9    1    9    3    3    2
17783    9    1    9    3    2    3            f_res
17567  28.650156
17766  76.533376
17775  84.545429
17785  89.886935
17783  97.996469
4: X_train und x_test:  [[1 5 8 3 3 1]
 [7 6 4 1 3 1]
 [4 6 9 3 2 1]
 [7 7 4 1 3 2]
 [5 7 6 3 3 1]
 [1 2 1 3 1 3]
 [1 1 1 3 3 3]
 [1 1 2 3 2 3]
 [1 1 3 3 2 3]
 [1 1 8 3 1 3]
 [0 2 0 0 1 0]
 [0 2 0 0 2 0]
 [0 7 0 0 2 0]
 [0 1 0 0 3 0]
 [0 7 0 0 3 0]
 [1 9 9 1 3 3]
 [2 9 9 1 3 3]
 [7 9 9 1 3 3]
 [8 9 9 1 3 3]
 [9 9 9 1 3 3]
 [9 1 1 2 1 3]
 [9 1 9 1 2 3]
 [9 1 9 2 2 3]
 [9 1 9 3 3 2]
 [9 1 9 3 2 3]] [[ 48.88410709]
 [ 41.83610381]
 [ 55.31558741]
 [ 59.08481025]
 [ 57.20036557]
 [ 12.5946511 ]
 [ 11.88264274]
 [ 16.9231897 ]
 [ 24.61087153]
 [ 71.66532728]
 [  3.58421987]
 [  8.18566502]
 [ 21.84876511]
 [  5.0532783 ]
 [ 33.59205773]
 [ 98.54750923]
 [100.92635524]
 [106.83023748]
 [106.66484492]
 [106.28680988]
 [ 28.65015592]
 [ 76.53337631]
 [ 84.54542913]
 [ 89.88693514]
 [ 97.99646907]]
Query step: 5
5:        x_0  x_1  x_2  y_0  y_1  y_2
9400     5    2    0    3    1    0
11240    6    1    0    3    2    0
15458    8    1    0    3    3    0
18027    9    3    0    3    1    0
17555    9    1    0    3    3    0            f_res
9400   18.815770
11240  20.540477
15458  26.749513
18027  29.517310
17555  29.147470
5: X_train und x_test:  [[1 5 8 3 3 1]
 [7 6 4 1 3 1]
 [4 6 9 3 2 1]
 [7 7 4 1 3 2]
 [5 7 6 3 3 1]
 [1 2 1 3 1 3]
 [1 1 1 3 3 3]
 [1 1 2 3 2 3]
 [1 1 3 3 2 3]
 [1 1 8 3 1 3]
 [0 2 0 0 1 0]
 [0 2 0 0 2 0]
 [0 7 0 0 2 0]
 [0 1 0 0 3 0]
 [0 7 0 0 3 0]
 [1 9 9 1 3 3]
 [2 9 9 1 3 3]
 [7 9 9 1 3 3]
 [8 9 9 1 3 3]
 [9 9 9 1 3 3]
 [9 1 1 2 1 3]
 [9 1 9 1 2 3]
 [9 1 9 2 2 3]
 [9 1 9 3 3 2]
 [9 1 9 3 2 3]
 [5 2 0 3 1 0]
 [6 1 0 3 2 0]
 [8 1 0 3 3 0]
 [9 3 0 3 1 0]
 [9 1 0 3 3 0]] [[ 48.88410709]
 [ 41.83610381]
 [ 55.31558741]
 [ 59.08481025]
 [ 57.20036557]
 [ 12.5946511 ]
 [ 11.88264274]
 [ 16.9231897 ]
 [ 24.61087153]
 [ 71.66532728]
 [  3.58421987]
 [  8.18566502]
 [ 21.84876511]
 [  5.0532783 ]
 [ 33.59205773]
 [ 98.54750923]
 [100.92635524]
 [106.83023748]
 [106.66484492]
 [106.28680988]
 [ 28.65015592]
 [ 76.53337631]
 [ 84.54542913]
 [ 89.88693514]
 [ 97.99646907]
 [ 18.81577034]
 [ 20.54047675]
 [ 26.74951336]
 [ 29.5173105 ]
 [ 29.14746984]]
Query step: 6
6:        x_0  x_1  x_2  y_0  y_1  y_2
13120    6    9    1    3    1    3
19454    9    9    1    2    1    3
19487    9    9    2    3    1    3
17342    8    9    1    3    2    3
15242    7    9    1    3    3    3            f_res
13120  42.963735
19454  38.762777
19487  52.044530
17342  59.086835
15242  73.711870
6: X_train und x_test:  [[1 5 8 3 3 1]
 [7 6 4 1 3 1]
 [4 6 9 3 2 1]
 [7 7 4 1 3 2]
 [5 7 6 3 3 1]
 [1 2 1 3 1 3]
 [1 1 1 3 3 3]
 [1 1 2 3 2 3]
 [1 1 3 3 2 3]
 [1 1 8 3 1 3]
 [0 2 0 0 1 0]
 [0 2 0 0 2 0]
 [0 7 0 0 2 0]
 [0 1 0 0 3 0]
 [0 7 0 0 3 0]
 [1 9 9 1 3 3]
 [2 9 9 1 3 3]
 [7 9 9 1 3 3]
 [8 9 9 1 3 3]
 [9 9 9 1 3 3]
 [9 1 1 2 1 3]
 [9 1 9 1 2 3]
 [9 1 9 2 2 3]
 [9 1 9 3 3 2]
 [9 1 9 3 2 3]
 [5 2 0 3 1 0]
 [6 1 0 3 2 0]
 [8 1 0 3 3 0]
 [9 3 0 3 1 0]
 [9 1 0 3 3 0]
 [6 9 1 3 1 3]
 [9 9 1 2 1 3]
 [9 9 2 3 1 3]
 [8 9 1 3 2 3]
 [7 9 1 3 3 3]] [[ 48.88410709]
 [ 41.83610381]
 [ 55.31558741]
 [ 59.08481025]
 [ 57.20036557]
 [ 12.5946511 ]
 [ 11.88264274]
 [ 16.9231897 ]
 [ 24.61087153]
 [ 71.66532728]
 [  3.58421987]
 [  8.18566502]
 [ 21.84876511]
 [  5.0532783 ]
 [ 33.59205773]
 [ 98.54750923]
 [100.92635524]
 [106.83023748]
 [106.66484492]
 [106.28680988]
 [ 28.65015592]
 [ 76.53337631]
 [ 84.54542913]
 [ 89.88693514]
 [ 97.99646907]
 [ 18.81577034]
 [ 20.54047675]
 [ 26.74951336]
 [ 29.5173105 ]
 [ 29.14746984]
 [ 42.96373458]
 [ 38.76277721]
 [ 52.04453001]
 [ 59.08683485]
 [ 73.71187018]]
Query step: 7
7:      x_0  x_1  x_2  y_0  y_1  y_2
57     0    1    7    0    1    1
626    0    8    8    0    1    1
691    0    9    6    0    1    1
710    0    9    8    0    2    1
713    0    9    8    0    3    1          f_res
57   18.018537
626  27.983991
691  23.024215
710  45.629257
713  64.183354
7: X_train und x_test:  [[1 5 8 3 3 1]
 [7 6 4 1 3 1]
 [4 6 9 3 2 1]
 [7 7 4 1 3 2]
 [5 7 6 3 3 1]
 [1 2 1 3 1 3]
 [1 1 1 3 3 3]
 [1 1 2 3 2 3]
 [1 1 3 3 2 3]
 [1 1 8 3 1 3]
 [0 2 0 0 1 0]
 [0 2 0 0 2 0]
 [0 7 0 0 2 0]
 [0 1 0 0 3 0]
 [0 7 0 0 3 0]
 [1 9 9 1 3 3]
 [2 9 9 1 3 3]
 [7 9 9 1 3 3]
 [8 9 9 1 3 3]
 [9 9 9 1 3 3]
 [9 1 1 2 1 3]
 [9 1 9 1 2 3]
 [9 1 9 2 2 3]
 [9 1 9 3 3 2]
 [9 1 9 3 2 3]
 [5 2 0 3 1 0]
 [6 1 0 3 2 0]
 [8 1 0 3 3 0]
 [9 3 0 3 1 0]
 [9 1 0 3 3 0]
 [6 9 1 3 1 3]
 [9 9 1 2 1 3]
 [9 9 2 3 1 3]
 [8 9 1 3 2 3]
 [7 9 1 3 3 3]
 [0 1 7 0 1 1]
 [0 8 8 0 1 1]
 [0 9 6 0 1 1]
 [0 9 8 0 2 1]
 [0 9 8 0 3 1]] [[ 48.88410709]
 [ 41.83610381]
 [ 55.31558741]
 [ 59.08481025]
 [ 57.20036557]
 [ 12.5946511 ]
 [ 11.88264274]
 [ 16.9231897 ]
 [ 24.61087153]
 [ 71.66532728]
 [  3.58421987]
 [  8.18566502]
 [ 21.84876511]
 [  5.0532783 ]
 [ 33.59205773]
 [ 98.54750923]
 [100.92635524]
 [106.83023748]
 [106.66484492]
 [106.28680988]
 [ 28.65015592]
 [ 76.53337631]
 [ 84.54542913]
 [ 89.88693514]
 [ 97.99646907]
 [ 18.81577034]
 [ 20.54047675]
 [ 26.74951336]
 [ 29.5173105 ]
 [ 29.14746984]
 [ 42.96373458]
 [ 38.76277721]
 [ 52.04453001]
 [ 59.08683485]
 [ 73.71187018]
 [ 18.0185368 ]
 [ 27.98399083]
 [ 23.02421519]
 [ 45.62925673]
 [ 64.18335352]]
Query step: 8
8:      x_0  x_1  x_2  y_0  y_1  y_2
96     0    2    2    0    1    3
17     0    1    2    0    2    3
172    0    3    1    0    2    3
175    0    3    1    0    3    3
29     0    1    3    0    3    3          f_res
96   16.481669
17   14.678220
172  15.848744
175  20.489386
29   22.796313
8: X_train und x_test:  [[1 5 8 3 3 1]
 [7 6 4 1 3 1]
 [4 6 9 3 2 1]
 [7 7 4 1 3 2]
 [5 7 6 3 3 1]
 [1 2 1 3 1 3]
 [1 1 1 3 3 3]
 [1 1 2 3 2 3]
 [1 1 3 3 2 3]
 [1 1 8 3 1 3]
 [0 2 0 0 1 0]
 [0 2 0 0 2 0]
 [0 7 0 0 2 0]
 [0 1 0 0 3 0]
 [0 7 0 0 3 0]
 [1 9 9 1 3 3]
 [2 9 9 1 3 3]
 [7 9 9 1 3 3]
 [8 9 9 1 3 3]
 [9 9 9 1 3 3]
 [9 1 1 2 1 3]
 [9 1 9 1 2 3]
 [9 1 9 2 2 3]
 [9 1 9 3 3 2]
 [9 1 9 3 2 3]
 [5 2 0 3 1 0]
 [6 1 0 3 2 0]
 [8 1 0 3 3 0]
 [9 3 0 3 1 0]
 [9 1 0 3 3 0]
 [6 9 1 3 1 3]
 [9 9 1 2 1 3]
 [9 9 2 3 1 3]
 [8 9 1 3 2 3]
 [7 9 1 3 3 3]
 [0 1 7 0 1 1]
 [0 8 8 0 1 1]
 [0 9 6 0 1 1]
 [0 9 8 0 2 1]
 [0 9 8 0 3 1]
 [0 2 2 0 1 3]
 [0 1 2 0 2 3]
 [0 3 1 0 2 3]
 [0 3 1 0 3 3]
 [0 1 3 0 3 3]] [[ 48.88410709]
 [ 41.83610381]
 [ 55.31558741]
 [ 59.08481025]
 [ 57.20036557]
 [ 12.5946511 ]
 [ 11.88264274]
 [ 16.9231897 ]
 [ 24.61087153]
 [ 71.66532728]
 [  3.58421987]
 [  8.18566502]
 [ 21.84876511]
 [  5.0532783 ]
 [ 33.59205773]
 [ 98.54750923]
 [100.92635524]
 [106.83023748]
 [106.66484492]
 [106.28680988]
 [ 28.65015592]
 [ 76.53337631]
 [ 84.54542913]
 [ 89.88693514]
 [ 97.99646907]
 [ 18.81577034]
 [ 20.54047675]
 [ 26.74951336]
 [ 29.5173105 ]
 [ 29.14746984]
 [ 42.96373458]
 [ 38.76277721]
 [ 52.04453001]
 [ 59.08683485]
 [ 73.71187018]
 [ 18.0185368 ]
 [ 27.98399083]
 [ 23.02421519]
 [ 45.62925673]
 [ 64.18335352]
 [ 16.48166924]
 [ 14.67822036]
 [ 15.84874418]
 [ 20.48938628]
 [ 22.7963126 ]]
Query step: 9
9:        x_0  x_1  x_2  y_0  y_1  y_2
6887     3    9    0    3    1    0
6888     3    9    0    3    2    0
11006    5    9    0    3    3    0
13099    6    9    0    3    3    0
15216    7    9    0    3    3    0            f_res
6887   27.000912
6888   39.496890
11006  60.782780
13099  62.664909
15216  63.785071
9: X_train und x_test:  [[1 5 8 3 3 1]
 [7 6 4 1 3 1]
 [4 6 9 3 2 1]
 [7 7 4 1 3 2]
 [5 7 6 3 3 1]
 [1 2 1 3 1 3]
 [1 1 1 3 3 3]
 [1 1 2 3 2 3]
 [1 1 3 3 2 3]
 [1 1 8 3 1 3]
 [0 2 0 0 1 0]
 [0 2 0 0 2 0]
 [0 7 0 0 2 0]
 [0 1 0 0 3 0]
 [0 7 0 0 3 0]
 [1 9 9 1 3 3]
 [2 9 9 1 3 3]
 [7 9 9 1 3 3]
 [8 9 9 1 3 3]
 [9 9 9 1 3 3]
 [9 1 1 2 1 3]
 [9 1 9 1 2 3]
 [9 1 9 2 2 3]
 [9 1 9 3 3 2]
 [9 1 9 3 2 3]
 [5 2 0 3 1 0]
 [6 1 0 3 2 0]
 [8 1 0 3 3 0]
 [9 3 0 3 1 0]
 [9 1 0 3 3 0]
 [6 9 1 3 1 3]
 [9 9 1 2 1 3]
 [9 9 2 3 1 3]
 [8 9 1 3 2 3]
 [7 9 1 3 3 3]
 [0 1 7 0 1 1]
 [0 8 8 0 1 1]
 [0 9 6 0 1 1]
 [0 9 8 0 2 1]
 [0 9 8 0 3 1]
 [0 2 2 0 1 3]
 [0 1 2 0 2 3]
 [0 3 1 0 2 3]
 [0 3 1 0 3 3]
 [0 1 3 0 3 3]
 [3 9 0 3 1 0]
 [3 9 0 3 2 0]
 [5 9 0 3 3 0]
 [6 9 0 3 3 0]
 [7 9 0 3 3 0]] [[ 48.88410709]
 [ 41.83610381]
 [ 55.31558741]
 [ 59.08481025]
 [ 57.20036557]
 [ 12.5946511 ]
 [ 11.88264274]
 [ 16.9231897 ]
 [ 24.61087153]
 [ 71.66532728]
 [  3.58421987]
 [  8.18566502]
 [ 21.84876511]
 [  5.0532783 ]
 [ 33.59205773]
 [ 98.54750923]
 [100.92635524]
 [106.83023748]
 [106.66484492]
 [106.28680988]
 [ 28.65015592]
 [ 76.53337631]
 [ 84.54542913]
 [ 89.88693514]
 [ 97.99646907]
 [ 18.81577034]
 [ 20.54047675]
 [ 26.74951336]
 [ 29.5173105 ]
 [ 29.14746984]
 [ 42.96373458]
 [ 38.76277721]
 [ 52.04453001]
 [ 59.08683485]
 [ 73.71187018]
 [ 18.0185368 ]
 [ 27.98399083]
 [ 23.02421519]
 [ 45.62925673]
 [ 64.18335352]
 [ 16.48166924]
 [ 14.67822036]
 [ 15.84874418]
 [ 20.48938628]
 [ 22.7963126 ]
 [ 27.00091243]
 [ 39.49689037]
 [ 60.78277985]
 [ 62.66490852]
 [ 63.78507129]]
Query step: 10
10:        x_0  x_1  x_2  y_0  y_1  y_2
17770    9    1    9    2    1    1
5009     2    9    8    3    1    3
2908     1    9    9    3    2    3
15444    7    9    9    3    1    3
17540    8    9    9    3    1    3             f_res
17770   41.024303
5009    89.389709
2908    95.345455
15444  111.670008
17540  112.040123
10: X_train und x_test:  [[1 5 8 3 3 1]
 [7 6 4 1 3 1]
 [4 6 9 3 2 1]
 [7 7 4 1 3 2]
 [5 7 6 3 3 1]
 [1 2 1 3 1 3]
 [1 1 1 3 3 3]
 [1 1 2 3 2 3]
 [1 1 3 3 2 3]
 [1 1 8 3 1 3]
 [0 2 0 0 1 0]
 [0 2 0 0 2 0]
 [0 7 0 0 2 0]
 [0 1 0 0 3 0]
 [0 7 0 0 3 0]
 [1 9 9 1 3 3]
 [2 9 9 1 3 3]
 [7 9 9 1 3 3]
 [8 9 9 1 3 3]
 [9 9 9 1 3 3]
 [9 1 1 2 1 3]
 [9 1 9 1 2 3]
 [9 1 9 2 2 3]
 [9 1 9 3 3 2]
 [9 1 9 3 2 3]
 [5 2 0 3 1 0]
 [6 1 0 3 2 0]
 [8 1 0 3 3 0]
 [9 3 0 3 1 0]
 [9 1 0 3 3 0]
 [6 9 1 3 1 3]
 [9 9 1 2 1 3]
 [9 9 2 3 1 3]
 [8 9 1 3 2 3]
 [7 9 1 3 3 3]
 [0 1 7 0 1 1]
 [0 8 8 0 1 1]
 [0 9 6 0 1 1]
 [0 9 8 0 2 1]
 [0 9 8 0 3 1]
 [0 2 2 0 1 3]
 [0 1 2 0 2 3]
 [0 3 1 0 2 3]
 [0 3 1 0 3 3]
 [0 1 3 0 3 3]
 [3 9 0 3 1 0]
 [3 9 0 3 2 0]
 [5 9 0 3 3 0]
 [6 9 0 3 3 0]
 [7 9 0 3 3 0]
 [9 1 9 2 1 1]
 [2 9 8 3 1 3]
 [1 9 9 3 2 3]
 [7 9 9 3 1 3]
 [8 9 9 3 1 3]] [[ 48.88410709]
 [ 41.83610381]
 [ 55.31558741]
 [ 59.08481025]
 [ 57.20036557]
 [ 12.5946511 ]
 [ 11.88264274]
 [ 16.9231897 ]
 [ 24.61087153]
 [ 71.66532728]
 [  3.58421987]
 [  8.18566502]
 [ 21.84876511]
 [  5.0532783 ]
 [ 33.59205773]
 [ 98.54750923]
 [100.92635524]
 [106.83023748]
 [106.66484492]
 [106.28680988]
 [ 28.65015592]
 [ 76.53337631]
 [ 84.54542913]
 [ 89.88693514]
 [ 97.99646907]
 [ 18.81577034]
 [ 20.54047675]
 [ 26.74951336]
 [ 29.5173105 ]
 [ 29.14746984]
 [ 42.96373458]
 [ 38.76277721]
 [ 52.04453001]
 [ 59.08683485]
 [ 73.71187018]
 [ 18.0185368 ]
 [ 27.98399083]
 [ 23.02421519]
 [ 45.62925673]
 [ 64.18335352]
 [ 16.48166924]
 [ 14.67822036]
 [ 15.84874418]
 [ 20.48938628]
 [ 22.7963126 ]
 [ 27.00091243]
 [ 39.49689037]
 [ 60.78277985]
 [ 62.66490852]
 [ 63.78507129]
 [ 41.02430326]
 [ 89.38970858]
 [ 95.3454547 ]
 [111.67000828]
 [112.04012293]]
Query step: 11
11:        x_0  x_1  x_2  y_0  y_1  y_2
17548    9    1    0    1    2    0
18021    9    3    0    1    1    0
19572    9    9    6    1    1    1
718      0    9    9    0    1    3
19408    9    8    9    1    1    1            f_res
17548  43.831584
18021  13.867119
19572  32.955676
718    78.186001
19408  39.978124
11: X_train und x_test:  [[1 5 8 3 3 1]
 [7 6 4 1 3 1]
 [4 6 9 3 2 1]
 [7 7 4 1 3 2]
 [5 7 6 3 3 1]
 [1 2 1 3 1 3]
 [1 1 1 3 3 3]
 [1 1 2 3 2 3]
 [1 1 3 3 2 3]
 [1 1 8 3 1 3]
 [0 2 0 0 1 0]
 [0 2 0 0 2 0]
 [0 7 0 0 2 0]
 [0 1 0 0 3 0]
 [0 7 0 0 3 0]
 [1 9 9 1 3 3]
 [2 9 9 1 3 3]
 [7 9 9 1 3 3]
 [8 9 9 1 3 3]
 [9 9 9 1 3 3]
 [9 1 1 2 1 3]
 [9 1 9 1 2 3]
 [9 1 9 2 2 3]
 [9 1 9 3 3 2]
 [9 1 9 3 2 3]
 [5 2 0 3 1 0]
 [6 1 0 3 2 0]
 [8 1 0 3 3 0]
 [9 3 0 3 1 0]
 [9 1 0 3 3 0]
 [6 9 1 3 1 3]
 [9 9 1 2 1 3]
 [9 9 2 3 1 3]
 [8 9 1 3 2 3]
 [7 9 1 3 3 3]
 [0 1 7 0 1 1]
 [0 8 8 0 1 1]
 [0 9 6 0 1 1]
 [0 9 8 0 2 1]
 [0 9 8 0 3 1]
 [0 2 2 0 1 3]
 [0 1 2 0 2 3]
 [0 3 1 0 2 3]
 [0 3 1 0 3 3]
 [0 1 3 0 3 3]
 [3 9 0 3 1 0]
 [3 9 0 3 2 0]
 [5 9 0 3 3 0]
 [6 9 0 3 3 0]
 [7 9 0 3 3 0]
 [9 1 9 2 1 1]
 [2 9 8 3 1 3]
 [1 9 9 3 2 3]
 [7 9 9 3 1 3]
 [8 9 9 3 1 3]
 [9 1 0 1 2 0]
 [9 3 0 1 1 0]
 [9 9 6 1 1 1]
 [0 9 9 0 1 3]
 [9 8 9 1 1 1]] [[ 48.88410709]
 [ 41.83610381]
 [ 55.31558741]
 [ 59.08481025]
 [ 57.20036557]
 [ 12.5946511 ]
 [ 11.88264274]
 [ 16.9231897 ]
 [ 24.61087153]
 [ 71.66532728]
 [  3.58421987]
 [  8.18566502]
 [ 21.84876511]
 [  5.0532783 ]
 [ 33.59205773]
 [ 98.54750923]
 [100.92635524]
 [106.83023748]
 [106.66484492]
 [106.28680988]
 [ 28.65015592]
 [ 76.53337631]
 [ 84.54542913]
 [ 89.88693514]
 [ 97.99646907]
 [ 18.81577034]
 [ 20.54047675]
 [ 26.74951336]
 [ 29.5173105 ]
 [ 29.14746984]
 [ 42.96373458]
 [ 38.76277721]
 [ 52.04453001]
 [ 59.08683485]
 [ 73.71187018]
 [ 18.0185368 ]
 [ 27.98399083]
 [ 23.02421519]
 [ 45.62925673]
 [ 64.18335352]
 [ 16.48166924]
 [ 14.67822036]
 [ 15.84874418]
 [ 20.48938628]
 [ 22.7963126 ]
 [ 27.00091243]
 [ 39.49689037]
 [ 60.78277985]
 [ 62.66490852]
 [ 63.78507129]
 [ 41.02430326]
 [ 89.38970858]
 [ 95.3454547 ]
 [111.67000828]
 [112.04012293]
 [ 43.83158372]
 [ 13.86711892]
 [ 32.95567594]
 [ 78.18600077]
 [ 39.97812433]]
Query step: 12
12:       x_0  x_1  x_2  y_0  y_1  y_2
649     0    9    1    0    1    3
161     0    2    9    0    3    1
1201    1    2    9    1    3    1
81      0    1    9    0    3    3
163     0    2    9    0    3    3           f_res
649   19.814765
161   44.158746
1201  45.268190
81    65.726096
163   75.247578
12: X_train und x_test:  [[1 5 8 3 3 1]
 [7 6 4 1 3 1]
 [4 6 9 3 2 1]
 [7 7 4 1 3 2]
 [5 7 6 3 3 1]
 [1 2 1 3 1 3]
 [1 1 1 3 3 3]
 [1 1 2 3 2 3]
 [1 1 3 3 2 3]
 [1 1 8 3 1 3]
 [0 2 0 0 1 0]
 [0 2 0 0 2 0]
 [0 7 0 0 2 0]
 [0 1 0 0 3 0]
 [0 7 0 0 3 0]
 [1 9 9 1 3 3]
 [2 9 9 1 3 3]
 [7 9 9 1 3 3]
 [8 9 9 1 3 3]
 [9 9 9 1 3 3]
 [9 1 1 2 1 3]
 [9 1 9 1 2 3]
 [9 1 9 2 2 3]
 [9 1 9 3 3 2]
 [9 1 9 3 2 3]
 [5 2 0 3 1 0]
 [6 1 0 3 2 0]
 [8 1 0 3 3 0]
 [9 3 0 3 1 0]
 [9 1 0 3 3 0]
 [6 9 1 3 1 3]
 [9 9 1 2 1 3]
 [9 9 2 3 1 3]
 [8 9 1 3 2 3]
 [7 9 1 3 3 3]
 [0 1 7 0 1 1]
 [0 8 8 0 1 1]
 [0 9 6 0 1 1]
 [0 9 8 0 2 1]
 [0 9 8 0 3 1]
 [0 2 2 0 1 3]
 [0 1 2 0 2 3]
 [0 3 1 0 2 3]
 [0 3 1 0 3 3]
 [0 1 3 0 3 3]
 [3 9 0 3 1 0]
 [3 9 0 3 2 0]
 [5 9 0 3 3 0]
 [6 9 0 3 3 0]
 [7 9 0 3 3 0]
 [9 1 9 2 1 1]
 [2 9 8 3 1 3]
 [1 9 9 3 2 3]
 [7 9 9 3 1 3]
 [8 9 9 3 1 3]
 [9 1 0 1 2 0]
 [9 3 0 1 1 0]
 [9 9 6 1 1 1]
 [0 9 9 0 1 3]
 [9 8 9 1 1 1]
 [0 9 1 0 1 3]
 [0 2 9 0 3 1]
 [1 2 9 1 3 1]
 [0 1 9 0 3 3]
 [0 2 9 0 3 3]] [[ 48.88410709]
 [ 41.83610381]
 [ 55.31558741]
 [ 59.08481025]
 [ 57.20036557]
 [ 12.5946511 ]
 [ 11.88264274]
 [ 16.9231897 ]
 [ 24.61087153]
 [ 71.66532728]
 [  3.58421987]
 [  8.18566502]
 [ 21.84876511]
 [  5.0532783 ]
 [ 33.59205773]
 [ 98.54750923]
 [100.92635524]
 [106.83023748]
 [106.66484492]
 [106.28680988]
 [ 28.65015592]
 [ 76.53337631]
 [ 84.54542913]
 [ 89.88693514]
 [ 97.99646907]
 [ 18.81577034]
 [ 20.54047675]
 [ 26.74951336]
 [ 29.5173105 ]
 [ 29.14746984]
 [ 42.96373458]
 [ 38.76277721]
 [ 52.04453001]
 [ 59.08683485]
 [ 73.71187018]
 [ 18.0185368 ]
 [ 27.98399083]
 [ 23.02421519]
 [ 45.62925673]
 [ 64.18335352]
 [ 16.48166924]
 [ 14.67822036]
 [ 15.84874418]
 [ 20.48938628]
 [ 22.7963126 ]
 [ 27.00091243]
 [ 39.49689037]
 [ 60.78277985]
 [ 62.66490852]
 [ 63.78507129]
 [ 41.02430326]
 [ 89.38970858]
 [ 95.3454547 ]
 [111.67000828]
 [112.04012293]
 [ 43.83158372]
 [ 13.86711892]
 [ 32.95567594]
 [ 78.18600077]
 [ 39.97812433]
 [ 19.81476523]
 [ 44.15874626]
 [ 45.26818995]
 [ 65.72609631]
 [ 75.24757849]]
Query step: 13
13:        x_0  x_1  x_2  y_0  y_1  y_2
19434    9    9    0    1    1    0
18038    9    3    1    1    3    3
19203    9    8    0    1    3    0
17821    9    2    1    3    3    3
2901     1    9    9    2    3    1            f_res
19434  22.988366
18038  23.372093
19203  44.878070
17821  41.562975
2901   71.005971
13: X_train und x_test:  [[1 5 8 3 3 1]
 [7 6 4 1 3 1]
 [4 6 9 3 2 1]
 [7 7 4 1 3 2]
 [5 7 6 3 3 1]
 [1 2 1 3 1 3]
 [1 1 1 3 3 3]
 [1 1 2 3 2 3]
 [1 1 3 3 2 3]
 [1 1 8 3 1 3]
 [0 2 0 0 1 0]
 [0 2 0 0 2 0]
 [0 7 0 0 2 0]
 [0 1 0 0 3 0]
 [0 7 0 0 3 0]
 [1 9 9 1 3 3]
 [2 9 9 1 3 3]
 [7 9 9 1 3 3]
 [8 9 9 1 3 3]
 [9 9 9 1 3 3]
 [9 1 1 2 1 3]
 [9 1 9 1 2 3]
 [9 1 9 2 2 3]
 [9 1 9 3 3 2]
 [9 1 9 3 2 3]
 [5 2 0 3 1 0]
 [6 1 0 3 2 0]
 [8 1 0 3 3 0]
 [9 3 0 3 1 0]
 [9 1 0 3 3 0]
 [6 9 1 3 1 3]
 [9 9 1 2 1 3]
 [9 9 2 3 1 3]
 [8 9 1 3 2 3]
 [7 9 1 3 3 3]
 [0 1 7 0 1 1]
 [0 8 8 0 1 1]
 [0 9 6 0 1 1]
 [0 9 8 0 2 1]
 [0 9 8 0 3 1]
 [0 2 2 0 1 3]
 [0 1 2 0 2 3]
 [0 3 1 0 2 3]
 [0 3 1 0 3 3]
 [0 1 3 0 3 3]
 [3 9 0 3 1 0]
 [3 9 0 3 2 0]
 [5 9 0 3 3 0]
 [6 9 0 3 3 0]
 [7 9 0 3 3 0]
 [9 1 9 2 1 1]
 [2 9 8 3 1 3]
 [1 9 9 3 2 3]
 [7 9 9 3 1 3]
 [8 9 9 3 1 3]
 [9 1 0 1 2 0]
 [9 3 0 1 1 0]
 [9 9 6 1 1 1]
 [0 9 9 0 1 3]
 [9 8 9 1 1 1]
 [0 9 1 0 1 3]
 [0 2 9 0 3 1]
 [1 2 9 1 3 1]
 [0 1 9 0 3 3]
 [0 2 9 0 3 3]
 [9 9 0 1 1 0]
 [9 3 1 1 3 3]
 [9 8 0 1 3 0]
 [9 2 1 3 3 3]
 [1 9 9 2 3 1]] [[ 48.88410709]
 [ 41.83610381]
 [ 55.31558741]
 [ 59.08481025]
 [ 57.20036557]
 [ 12.5946511 ]
 [ 11.88264274]
 [ 16.9231897 ]
 [ 24.61087153]
 [ 71.66532728]
 [  3.58421987]
 [  8.18566502]
 [ 21.84876511]
 [  5.0532783 ]
 [ 33.59205773]
 [ 98.54750923]
 [100.92635524]
 [106.83023748]
 [106.66484492]
 [106.28680988]
 [ 28.65015592]
 [ 76.53337631]
 [ 84.54542913]
 [ 89.88693514]
 [ 97.99646907]
 [ 18.81577034]
 [ 20.54047675]
 [ 26.74951336]
 [ 29.5173105 ]
 [ 29.14746984]
 [ 42.96373458]
 [ 38.76277721]
 [ 52.04453001]
 [ 59.08683485]
 [ 73.71187018]
 [ 18.0185368 ]
 [ 27.98399083]
 [ 23.02421519]
 [ 45.62925673]
 [ 64.18335352]
 [ 16.48166924]
 [ 14.67822036]
 [ 15.84874418]
 [ 20.48938628]
 [ 22.7963126 ]
 [ 27.00091243]
 [ 39.49689037]
 [ 60.78277985]
 [ 62.66490852]
 [ 63.78507129]
 [ 41.02430326]
 [ 89.38970858]
 [ 95.3454547 ]
 [111.67000828]
 [112.04012293]
 [ 43.83158372]
 [ 13.86711892]
 [ 32.95567594]
 [ 78.18600077]
 [ 39.97812433]
 [ 19.81476523]
 [ 44.15874626]
 [ 45.26818995]
 [ 65.72609631]
 [ 75.24757849]
 [ 22.9883661 ]
 [ 23.37209317]
 [ 44.87806981]
 [ 41.56297469]
 [ 71.00597116]]
Query step: 14
14:        x_0  x_1  x_2  y_0  y_1  y_2
18645    9    5    7    1    1    3
16582    8    5    9    1    1    3
18705    9    5    9    2    1    3
12381    6    5    9    3    3    3
18932    9    6    8    3    3    3             f_res
18645   78.457111
16582   89.429785
18705   98.056589
12381  109.594989
18932  111.053766
14: X_train und x_test:  [[1 5 8 3 3 1]
 [7 6 4 1 3 1]
 [4 6 9 3 2 1]
 [7 7 4 1 3 2]
 [5 7 6 3 3 1]
 [1 2 1 3 1 3]
 [1 1 1 3 3 3]
 [1 1 2 3 2 3]
 [1 1 3 3 2 3]
 [1 1 8 3 1 3]
 [0 2 0 0 1 0]
 [0 2 0 0 2 0]
 [0 7 0 0 2 0]
 [0 1 0 0 3 0]
 [0 7 0 0 3 0]
 [1 9 9 1 3 3]
 [2 9 9 1 3 3]
 [7 9 9 1 3 3]
 [8 9 9 1 3 3]
 [9 9 9 1 3 3]
 [9 1 1 2 1 3]
 [9 1 9 1 2 3]
 [9 1 9 2 2 3]
 [9 1 9 3 3 2]
 [9 1 9 3 2 3]
 [5 2 0 3 1 0]
 [6 1 0 3 2 0]
 [8 1 0 3 3 0]
 [9 3 0 3 1 0]
 [9 1 0 3 3 0]
 [6 9 1 3 1 3]
 [9 9 1 2 1 3]
 [9 9 2 3 1 3]
 [8 9 1 3 2 3]
 [7 9 1 3 3 3]
 [0 1 7 0 1 1]
 [0 8 8 0 1 1]
 [0 9 6 0 1 1]
 [0 9 8 0 2 1]
 [0 9 8 0 3 1]
 [0 2 2 0 1 3]
 [0 1 2 0 2 3]
 [0 3 1 0 2 3]
 [0 3 1 0 3 3]
 [0 1 3 0 3 3]
 [3 9 0 3 1 0]
 [3 9 0 3 2 0]
 [5 9 0 3 3 0]
 [6 9 0 3 3 0]
 [7 9 0 3 3 0]
 [9 1 9 2 1 1]
 [2 9 8 3 1 3]
 [1 9 9 3 2 3]
 [7 9 9 3 1 3]
 [8 9 9 3 1 3]
 [9 1 0 1 2 0]
 [9 3 0 1 1 0]
 [9 9 6 1 1 1]
 [0 9 9 0 1 3]
 [9 8 9 1 1 1]
 [0 9 1 0 1 3]
 [0 2 9 0 3 1]
 [1 2 9 1 3 1]
 [0 1 9 0 3 3]
 [0 2 9 0 3 3]
 [9 9 0 1 1 0]
 [9 3 1 1 3 3]
 [9 8 0 1 3 0]
 [9 2 1 3 3 3]
 [1 9 9 2 3 1]
 [9 5 7 1 1 3]
 [8 5 9 1 1 3]
 [9 5 9 2 1 3]
 [6 5 9 3 3 3]
 [9 6 8 3 3 3]] [[ 48.88410709]
 [ 41.83610381]
 [ 55.31558741]
 [ 59.08481025]
 [ 57.20036557]
 [ 12.5946511 ]
 [ 11.88264274]
 [ 16.9231897 ]
 [ 24.61087153]
 [ 71.66532728]
 [  3.58421987]
 [  8.18566502]
 [ 21.84876511]
 [  5.0532783 ]
 [ 33.59205773]
 [ 98.54750923]
 [100.92635524]
 [106.83023748]
 [106.66484492]
 [106.28680988]
 [ 28.65015592]
 [ 76.53337631]
 [ 84.54542913]
 [ 89.88693514]
 [ 97.99646907]
 [ 18.81577034]
 [ 20.54047675]
 [ 26.74951336]
 [ 29.5173105 ]
 [ 29.14746984]
 [ 42.96373458]
 [ 38.76277721]
 [ 52.04453001]
 [ 59.08683485]
 [ 73.71187018]
 [ 18.0185368 ]
 [ 27.98399083]
 [ 23.02421519]
 [ 45.62925673]
 [ 64.18335352]
 [ 16.48166924]
 [ 14.67822036]
 [ 15.84874418]
 [ 20.48938628]
 [ 22.7963126 ]
 [ 27.00091243]
 [ 39.49689037]
 [ 60.78277985]
 [ 62.66490852]
 [ 63.78507129]
 [ 41.02430326]
 [ 89.38970858]
 [ 95.3454547 ]
 [111.67000828]
 [112.04012293]
 [ 43.83158372]
 [ 13.86711892]
 [ 32.95567594]
 [ 78.18600077]
 [ 39.97812433]
 [ 19.81476523]
 [ 44.15874626]
 [ 45.26818995]
 [ 65.72609631]
 [ 75.24757849]
 [ 22.9883661 ]
 [ 23.37209317]
 [ 44.87806981]
 [ 41.56297469]
 [ 71.00597116]
 [ 78.45711072]
 [ 89.42978534]
 [ 98.05658904]
 [109.59498912]
 [111.05376555]]
Query step: 15
15:       x_0  x_1  x_2  y_0  y_1  y_2
1749    1    5    2    2    1    1
1725    1    5    1    2    2    1
1709    1    5    0    2    3    0
1728    1    5    1    2    3    1
3149    2    1    9    3    1    1           f_res
1749  16.368799
1725  22.247372
1709  26.012411
1728  29.009317
3149  32.708679
15: X_train und x_test:  [[1 5 8 3 3 1]
 [7 6 4 1 3 1]
 [4 6 9 3 2 1]
 [7 7 4 1 3 2]
 [5 7 6 3 3 1]
 [1 2 1 3 1 3]
 [1 1 1 3 3 3]
 [1 1 2 3 2 3]
 [1 1 3 3 2 3]
 [1 1 8 3 1 3]
 [0 2 0 0 1 0]
 [0 2 0 0 2 0]
 [0 7 0 0 2 0]
 [0 1 0 0 3 0]
 [0 7 0 0 3 0]
 [1 9 9 1 3 3]
 [2 9 9 1 3 3]
 [7 9 9 1 3 3]
 [8 9 9 1 3 3]
 [9 9 9 1 3 3]
 [9 1 1 2 1 3]
 [9 1 9 1 2 3]
 [9 1 9 2 2 3]
 [9 1 9 3 3 2]
 [9 1 9 3 2 3]
 [5 2 0 3 1 0]
 [6 1 0 3 2 0]
 [8 1 0 3 3 0]
 [9 3 0 3 1 0]
 [9 1 0 3 3 0]
 [6 9 1 3 1 3]
 [9 9 1 2 1 3]
 [9 9 2 3 1 3]
 [8 9 1 3 2 3]
 [7 9 1 3 3 3]
 [0 1 7 0 1 1]
 [0 8 8 0 1 1]
 [0 9 6 0 1 1]
 [0 9 8 0 2 1]
 [0 9 8 0 3 1]
 [0 2 2 0 1 3]
 [0 1 2 0 2 3]
 [0 3 1 0 2 3]
 [0 3 1 0 3 3]
 [0 1 3 0 3 3]
 [3 9 0 3 1 0]
 [3 9 0 3 2 0]
 [5 9 0 3 3 0]
 [6 9 0 3 3 0]
 [7 9 0 3 3 0]
 [9 1 9 2 1 1]
 [2 9 8 3 1 3]
 [1 9 9 3 2 3]
 [7 9 9 3 1 3]
 [8 9 9 3 1 3]
 [9 1 0 1 2 0]
 [9 3 0 1 1 0]
 [9 9 6 1 1 1]
 [0 9 9 0 1 3]
 [9 8 9 1 1 1]
 [0 9 1 0 1 3]
 [0 2 9 0 3 1]
 [1 2 9 1 3 1]
 [0 1 9 0 3 3]
 [0 2 9 0 3 3]
 [9 9 0 1 1 0]
 [9 3 1 1 3 3]
 [9 8 0 1 3 0]
 [9 2 1 3 3 3]
 [1 9 9 2 3 1]
 [9 5 7 1 1 3]
 [8 5 9 1 1 3]
 [9 5 9 2 1 3]
 [6 5 9 3 3 3]
 [9 6 8 3 3 3]
 [1 5 2 2 1 1]
 [1 5 1 2 2 1]
 [1 5 0 2 3 0]
 [1 5 1 2 3 1]
 [2 1 9 3 1 1]] [[ 48.88410709]
 [ 41.83610381]
 [ 55.31558741]
 [ 59.08481025]
 [ 57.20036557]
 [ 12.5946511 ]
 [ 11.88264274]
 [ 16.9231897 ]
 [ 24.61087153]
 [ 71.66532728]
 [  3.58421987]
 [  8.18566502]
 [ 21.84876511]
 [  5.0532783 ]
 [ 33.59205773]
 [ 98.54750923]
 [100.92635524]
 [106.83023748]
 [106.66484492]
 [106.28680988]
 [ 28.65015592]
 [ 76.53337631]
 [ 84.54542913]
 [ 89.88693514]
 [ 97.99646907]
 [ 18.81577034]
 [ 20.54047675]
 [ 26.74951336]
 [ 29.5173105 ]
 [ 29.14746984]
 [ 42.96373458]
 [ 38.76277721]
 [ 52.04453001]
 [ 59.08683485]
 [ 73.71187018]
 [ 18.0185368 ]
 [ 27.98399083]
 [ 23.02421519]
 [ 45.62925673]
 [ 64.18335352]
 [ 16.48166924]
 [ 14.67822036]
 [ 15.84874418]
 [ 20.48938628]
 [ 22.7963126 ]
 [ 27.00091243]
 [ 39.49689037]
 [ 60.78277985]
 [ 62.66490852]
 [ 63.78507129]
 [ 41.02430326]
 [ 89.38970858]
 [ 95.3454547 ]
 [111.67000828]
 [112.04012293]
 [ 43.83158372]
 [ 13.86711892]
 [ 32.95567594]
 [ 78.18600077]
 [ 39.97812433]
 [ 19.81476523]
 [ 44.15874626]
 [ 45.26818995]
 [ 65.72609631]
 [ 75.24757849]
 [ 22.9883661 ]
 [ 23.37209317]
 [ 44.87806981]
 [ 41.56297469]
 [ 71.00597116]
 [ 78.45711072]
 [ 89.42978534]
 [ 98.05658904]
 [109.59498912]
 [111.05376555]
 [ 16.36879922]
 [ 22.2473722 ]
 [ 26.01241095]
 [ 29.0093168 ]
 [ 32.70867925]]
Query step: 16
16:        x_0  x_1  x_2  y_0  y_1  y_2
17693    9    1    6    1    3    1
2878     1    9    8    3    1    1
5034     2    9    9    3    1    1
574      0    8    1    0    3    3
17652    9    1    4    3    1    1            f_res
17693  26.801714
2878   33.759623
5034   41.118591
574    44.422300
17652  33.510897
16: X_train und x_test:  [[1 5 8 3 3 1]
 [7 6 4 1 3 1]
 [4 6 9 3 2 1]
 [7 7 4 1 3 2]
 [5 7 6 3 3 1]
 [1 2 1 3 1 3]
 [1 1 1 3 3 3]
 [1 1 2 3 2 3]
 [1 1 3 3 2 3]
 [1 1 8 3 1 3]
 [0 2 0 0 1 0]
 [0 2 0 0 2 0]
 [0 7 0 0 2 0]
 [0 1 0 0 3 0]
 [0 7 0 0 3 0]
 [1 9 9 1 3 3]
 [2 9 9 1 3 3]
 [7 9 9 1 3 3]
 [8 9 9 1 3 3]
 [9 9 9 1 3 3]
 [9 1 1 2 1 3]
 [9 1 9 1 2 3]
 [9 1 9 2 2 3]
 [9 1 9 3 3 2]
 [9 1 9 3 2 3]
 [5 2 0 3 1 0]
 [6 1 0 3 2 0]
 [8 1 0 3 3 0]
 [9 3 0 3 1 0]
 [9 1 0 3 3 0]
 [6 9 1 3 1 3]
 [9 9 1 2 1 3]
 [9 9 2 3 1 3]
 [8 9 1 3 2 3]
 [7 9 1 3 3 3]
 [0 1 7 0 1 1]
 [0 8 8 0 1 1]
 [0 9 6 0 1 1]
 [0 9 8 0 2 1]
 [0 9 8 0 3 1]
 [0 2 2 0 1 3]
 [0 1 2 0 2 3]
 [0 3 1 0 2 3]
 [0 3 1 0 3 3]
 [0 1 3 0 3 3]
 [3 9 0 3 1 0]
 [3 9 0 3 2 0]
 [5 9 0 3 3 0]
 [6 9 0 3 3 0]
 [7 9 0 3 3 0]
 [9 1 9 2 1 1]
 [2 9 8 3 1 3]
 [1 9 9 3 2 3]
 [7 9 9 3 1 3]
 [8 9 9 3 1 3]
 [9 1 0 1 2 0]
 [9 3 0 1 1 0]
 [9 9 6 1 1 1]
 [0 9 9 0 1 3]
 [9 8 9 1 1 1]
 [0 9 1 0 1 3]
 [0 2 9 0 3 1]
 [1 2 9 1 3 1]
 [0 1 9 0 3 3]
 [0 2 9 0 3 3]
 [9 9 0 1 1 0]
 [9 3 1 1 3 3]
 [9 8 0 1 3 0]
 [9 2 1 3 3 3]
 [1 9 9 2 3 1]
 [9 5 7 1 1 3]
 [8 5 9 1 1 3]
 [9 5 9 2 1 3]
 [6 5 9 3 3 3]
 [9 6 8 3 3 3]
 [1 5 2 2 1 1]
 [1 5 1 2 2 1]
 [1 5 0 2 3 0]
 [1 5 1 2 3 1]
 [2 1 9 3 1 1]
 [9 1 6 1 3 1]
 [1 9 8 3 1 1]
 [2 9 9 3 1 1]
 [0 8 1 0 3 3]
 [9 1 4 3 1 1]] [[ 48.88410709]
 [ 41.83610381]
 [ 55.31558741]
 [ 59.08481025]
 [ 57.20036557]
 [ 12.5946511 ]
 [ 11.88264274]
 [ 16.9231897 ]
 [ 24.61087153]
 [ 71.66532728]
 [  3.58421987]
 [  8.18566502]
 [ 21.84876511]
 [  5.0532783 ]
 [ 33.59205773]
 [ 98.54750923]
 [100.92635524]
 [106.83023748]
 [106.66484492]
 [106.28680988]
 [ 28.65015592]
 [ 76.53337631]
 [ 84.54542913]
 [ 89.88693514]
 [ 97.99646907]
 [ 18.81577034]
 [ 20.54047675]
 [ 26.74951336]
 [ 29.5173105 ]
 [ 29.14746984]
 [ 42.96373458]
 [ 38.76277721]
 [ 52.04453001]
 [ 59.08683485]
 [ 73.71187018]
 [ 18.0185368 ]
 [ 27.98399083]
 [ 23.02421519]
 [ 45.62925673]
 [ 64.18335352]
 [ 16.48166924]
 [ 14.67822036]
 [ 15.84874418]
 [ 20.48938628]
 [ 22.7963126 ]
 [ 27.00091243]
 [ 39.49689037]
 [ 60.78277985]
 [ 62.66490852]
 [ 63.78507129]
 [ 41.02430326]
 [ 89.38970858]
 [ 95.3454547 ]
 [111.67000828]
 [112.04012293]
 [ 43.83158372]
 [ 13.86711892]
 [ 32.95567594]
 [ 78.18600077]
 [ 39.97812433]
 [ 19.81476523]
 [ 44.15874626]
 [ 45.26818995]
 [ 65.72609631]
 [ 75.24757849]
 [ 22.9883661 ]
 [ 23.37209317]
 [ 44.87806981]
 [ 41.56297469]
 [ 71.00597116]
 [ 78.45711072]
 [ 89.42978534]
 [ 98.05658904]
 [109.59498912]
 [111.05376555]
 [ 16.36879922]
 [ 22.2473722 ]
 [ 26.01241095]
 [ 29.0093168 ]
 [ 32.70867925]
 [ 26.80171383]
 [ 33.75962344]
 [ 41.11859058]
 [ 44.42230004]
 [ 33.51089691]]
Query step: 17
17:        x_0  x_1  x_2  y_0  y_1  y_2
1765     1    5    2    3    3    3
16401    8    5    1    3    1    3
16633    8    6    1    3    1    3
2082     1    6    5    3    3    3
2297     1    7    4    3    3    3            f_res
1765   38.207507
16401  36.713812
16633  38.580215
2082   69.827618
2297   63.355706
17: X_train und x_test:  [[1 5 8 3 3 1]
 [7 6 4 1 3 1]
 [4 6 9 3 2 1]
 [7 7 4 1 3 2]
 [5 7 6 3 3 1]
 [1 2 1 3 1 3]
 [1 1 1 3 3 3]
 [1 1 2 3 2 3]
 [1 1 3 3 2 3]
 [1 1 8 3 1 3]
 [0 2 0 0 1 0]
 [0 2 0 0 2 0]
 [0 7 0 0 2 0]
 [0 1 0 0 3 0]
 [0 7 0 0 3 0]
 [1 9 9 1 3 3]
 [2 9 9 1 3 3]
 [7 9 9 1 3 3]
 [8 9 9 1 3 3]
 [9 9 9 1 3 3]
 [9 1 1 2 1 3]
 [9 1 9 1 2 3]
 [9 1 9 2 2 3]
 [9 1 9 3 3 2]
 [9 1 9 3 2 3]
 [5 2 0 3 1 0]
 [6 1 0 3 2 0]
 [8 1 0 3 3 0]
 [9 3 0 3 1 0]
 [9 1 0 3 3 0]
 [6 9 1 3 1 3]
 [9 9 1 2 1 3]
 [9 9 2 3 1 3]
 [8 9 1 3 2 3]
 [7 9 1 3 3 3]
 [0 1 7 0 1 1]
 [0 8 8 0 1 1]
 [0 9 6 0 1 1]
 [0 9 8 0 2 1]
 [0 9 8 0 3 1]
 [0 2 2 0 1 3]
 [0 1 2 0 2 3]
 [0 3 1 0 2 3]
 [0 3 1 0 3 3]
 [0 1 3 0 3 3]
 [3 9 0 3 1 0]
 [3 9 0 3 2 0]
 [5 9 0 3 3 0]
 [6 9 0 3 3 0]
 [7 9 0 3 3 0]
 [9 1 9 2 1 1]
 [2 9 8 3 1 3]
 [1 9 9 3 2 3]
 [7 9 9 3 1 3]
 [8 9 9 3 1 3]
 [9 1 0 1 2 0]
 [9 3 0 1 1 0]
 [9 9 6 1 1 1]
 [0 9 9 0 1 3]
 [9 8 9 1 1 1]
 [0 9 1 0 1 3]
 [0 2 9 0 3 1]
 [1 2 9 1 3 1]
 [0 1 9 0 3 3]
 [0 2 9 0 3 3]
 [9 9 0 1 1 0]
 [9 3 1 1 3 3]
 [9 8 0 1 3 0]
 [9 2 1 3 3 3]
 [1 9 9 2 3 1]
 [9 5 7 1 1 3]
 [8 5 9 1 1 3]
 [9 5 9 2 1 3]
 [6 5 9 3 3 3]
 [9 6 8 3 3 3]
 [1 5 2 2 1 1]
 [1 5 1 2 2 1]
 [1 5 0 2 3 0]
 [1 5 1 2 3 1]
 [2 1 9 3 1 1]
 [9 1 6 1 3 1]
 [1 9 8 3 1 1]
 [2 9 9 3 1 1]
 [0 8 1 0 3 3]
 [9 1 4 3 1 1]
 [1 5 2 3 3 3]
 [8 5 1 3 1 3]
 [8 6 1 3 1 3]
 [1 6 5 3 3 3]
 [1 7 4 3 3 3]] [[ 48.88410709]
 [ 41.83610381]
 [ 55.31558741]
 [ 59.08481025]
 [ 57.20036557]
 [ 12.5946511 ]
 [ 11.88264274]
 [ 16.9231897 ]
 [ 24.61087153]
 [ 71.66532728]
 [  3.58421987]
 [  8.18566502]
 [ 21.84876511]
 [  5.0532783 ]
 [ 33.59205773]
 [ 98.54750923]
 [100.92635524]
 [106.83023748]
 [106.66484492]
 [106.28680988]
 [ 28.65015592]
 [ 76.53337631]
 [ 84.54542913]
 [ 89.88693514]
 [ 97.99646907]
 [ 18.81577034]
 [ 20.54047675]
 [ 26.74951336]
 [ 29.5173105 ]
 [ 29.14746984]
 [ 42.96373458]
 [ 38.76277721]
 [ 52.04453001]
 [ 59.08683485]
 [ 73.71187018]
 [ 18.0185368 ]
 [ 27.98399083]
 [ 23.02421519]
 [ 45.62925673]
 [ 64.18335352]
 [ 16.48166924]
 [ 14.67822036]
 [ 15.84874418]
 [ 20.48938628]
 [ 22.7963126 ]
 [ 27.00091243]
 [ 39.49689037]
 [ 60.78277985]
 [ 62.66490852]
 [ 63.78507129]
 [ 41.02430326]
 [ 89.38970858]
 [ 95.3454547 ]
 [111.67000828]
 [112.04012293]
 [ 43.83158372]
 [ 13.86711892]
 [ 32.95567594]
 [ 78.18600077]
 [ 39.97812433]
 [ 19.81476523]
 [ 44.15874626]
 [ 45.26818995]
 [ 65.72609631]
 [ 75.24757849]
 [ 22.9883661 ]
 [ 23.37209317]
 [ 44.87806981]
 [ 41.56297469]
 [ 71.00597116]
 [ 78.45711072]
 [ 89.42978534]
 [ 98.05658904]
 [109.59498912]
 [111.05376555]
 [ 16.36879922]
 [ 22.2473722 ]
 [ 26.01241095]
 [ 29.0093168 ]
 [ 32.70867925]
 [ 26.80171383]
 [ 33.75962344]
 [ 41.11859058]
 [ 44.42230004]
 [ 33.51089691]
 [ 38.20750692]
 [ 36.7138116 ]
 [ 38.58021459]
 [ 69.82761784]
 [ 63.35570584]]
Query step: 18
18:        x_0  x_1  x_2  y_0  y_1  y_2
17557    9    1    1    1    1    2
922      1    1    8    1    1    3
973      1    1    9    3    3    3
19431    9    8    9    3    3    1
19641    9    9    8    3    3    1            f_res
17557  17.783425
922    68.419848
973    70.835607
19431  87.390804
19641  86.743365
18: X_train und x_test:  [[1 5 8 3 3 1]
 [7 6 4 1 3 1]
 [4 6 9 3 2 1]
 [7 7 4 1 3 2]
 [5 7 6 3 3 1]
 [1 2 1 3 1 3]
 [1 1 1 3 3 3]
 [1 1 2 3 2 3]
 [1 1 3 3 2 3]
 [1 1 8 3 1 3]
 [0 2 0 0 1 0]
 [0 2 0 0 2 0]
 [0 7 0 0 2 0]
 [0 1 0 0 3 0]
 [0 7 0 0 3 0]
 [1 9 9 1 3 3]
 [2 9 9 1 3 3]
 [7 9 9 1 3 3]
 [8 9 9 1 3 3]
 [9 9 9 1 3 3]
 [9 1 1 2 1 3]
 [9 1 9 1 2 3]
 [9 1 9 2 2 3]
 [9 1 9 3 3 2]
 [9 1 9 3 2 3]
 [5 2 0 3 1 0]
 [6 1 0 3 2 0]
 [8 1 0 3 3 0]
 [9 3 0 3 1 0]
 [9 1 0 3 3 0]
 [6 9 1 3 1 3]
 [9 9 1 2 1 3]
 [9 9 2 3 1 3]
 [8 9 1 3 2 3]
 [7 9 1 3 3 3]
 [0 1 7 0 1 1]
 [0 8 8 0 1 1]
 [0 9 6 0 1 1]
 [0 9 8 0 2 1]
 [0 9 8 0 3 1]
 [0 2 2 0 1 3]
 [0 1 2 0 2 3]
 [0 3 1 0 2 3]
 [0 3 1 0 3 3]
 [0 1 3 0 3 3]
 [3 9 0 3 1 0]
 [3 9 0 3 2 0]
 [5 9 0 3 3 0]
 [6 9 0 3 3 0]
 [7 9 0 3 3 0]
 [9 1 9 2 1 1]
 [2 9 8 3 1 3]
 [1 9 9 3 2 3]
 [7 9 9 3 1 3]
 [8 9 9 3 1 3]
 [9 1 0 1 2 0]
 [9 3 0 1 1 0]
 [9 9 6 1 1 1]
 [0 9 9 0 1 3]
 [9 8 9 1 1 1]
 [0 9 1 0 1 3]
 [0 2 9 0 3 1]
 [1 2 9 1 3 1]
 [0 1 9 0 3 3]
 [0 2 9 0 3 3]
 [9 9 0 1 1 0]
 [9 3 1 1 3 3]
 [9 8 0 1 3 0]
 [9 2 1 3 3 3]
 [1 9 9 2 3 1]
 [9 5 7 1 1 3]
 [8 5 9 1 1 3]
 [9 5 9 2 1 3]
 [6 5 9 3 3 3]
 [9 6 8 3 3 3]
 [1 5 2 2 1 1]
 [1 5 1 2 2 1]
 [1 5 0 2 3 0]
 [1 5 1 2 3 1]
 [2 1 9 3 1 1]
 [9 1 6 1 3 1]
 [1 9 8 3 1 1]
 [2 9 9 3 1 1]
 [0 8 1 0 3 3]
 [9 1 4 3 1 1]
 [1 5 2 3 3 3]
 [8 5 1 3 1 3]
 [8 6 1 3 1 3]
 [1 6 5 3 3 3]
 [1 7 4 3 3 3]
 [9 1 1 1 1 2]
 [1 1 8 1 1 3]
 [1 1 9 3 3 3]
 [9 8 9 3 3 1]
 [9 9 8 3 3 1]] [[ 48.88410709]
 [ 41.83610381]
 [ 55.31558741]
 [ 59.08481025]
 [ 57.20036557]
 [ 12.5946511 ]
 [ 11.88264274]
 [ 16.9231897 ]
 [ 24.61087153]
 [ 71.66532728]
 [  3.58421987]
 [  8.18566502]
 [ 21.84876511]
 [  5.0532783 ]
 [ 33.59205773]
 [ 98.54750923]
 [100.92635524]
 [106.83023748]
 [106.66484492]
 [106.28680988]
 [ 28.65015592]
 [ 76.53337631]
 [ 84.54542913]
 [ 89.88693514]
 [ 97.99646907]
 [ 18.81577034]
 [ 20.54047675]
 [ 26.74951336]
 [ 29.5173105 ]
 [ 29.14746984]
 [ 42.96373458]
 [ 38.76277721]
 [ 52.04453001]
 [ 59.08683485]
 [ 73.71187018]
 [ 18.0185368 ]
 [ 27.98399083]
 [ 23.02421519]
 [ 45.62925673]
 [ 64.18335352]
 [ 16.48166924]
 [ 14.67822036]
 [ 15.84874418]
 [ 20.48938628]
 [ 22.7963126 ]
 [ 27.00091243]
 [ 39.49689037]
 [ 60.78277985]
 [ 62.66490852]
 [ 63.78507129]
 [ 41.02430326]
 [ 89.38970858]
 [ 95.3454547 ]
 [111.67000828]
 [112.04012293]
 [ 43.83158372]
 [ 13.86711892]
 [ 32.95567594]
 [ 78.18600077]
 [ 39.97812433]
 [ 19.81476523]
 [ 44.15874626]
 [ 45.26818995]
 [ 65.72609631]
 [ 75.24757849]
 [ 22.9883661 ]
 [ 23.37209317]
 [ 44.87806981]
 [ 41.56297469]
 [ 71.00597116]
 [ 78.45711072]
 [ 89.42978534]
 [ 98.05658904]
 [109.59498912]
 [111.05376555]
 [ 16.36879922]
 [ 22.2473722 ]
 [ 26.01241095]
 [ 29.0093168 ]
 [ 32.70867925]
 [ 26.80171383]
 [ 33.75962344]
 [ 41.11859058]
 [ 44.42230004]
 [ 33.51089691]
 [ 38.20750692]
 [ 36.7138116 ]
 [ 38.58021459]
 [ 69.82761784]
 [ 63.35570584]
 [ 17.78342525]
 [ 68.41984836]
 [ 70.83560677]
 [ 87.39080375]
 [ 86.74336501]]
Query step: 19
19:        x_0  x_1  x_2  y_0  y_1  y_2
19338    9    8    6    1    2    1
19600    9    9    7    1    2    2
19582    9    9    6    2    2    1
19623    9    9    8    1    2    2
19566    9    9    5    3    2    1            f_res
19338  44.429249
19600  74.669325
19582  54.866781
19623  83.483365
19566  60.739578
19: X_train und x_test:  [[1 5 8 3 3 1]
 [7 6 4 1 3 1]
 [4 6 9 3 2 1]
 [7 7 4 1 3 2]
 [5 7 6 3 3 1]
 [1 2 1 3 1 3]
 [1 1 1 3 3 3]
 [1 1 2 3 2 3]
 [1 1 3 3 2 3]
 [1 1 8 3 1 3]
 [0 2 0 0 1 0]
 [0 2 0 0 2 0]
 [0 7 0 0 2 0]
 [0 1 0 0 3 0]
 [0 7 0 0 3 0]
 [1 9 9 1 3 3]
 [2 9 9 1 3 3]
 [7 9 9 1 3 3]
 [8 9 9 1 3 3]
 [9 9 9 1 3 3]
 [9 1 1 2 1 3]
 [9 1 9 1 2 3]
 [9 1 9 2 2 3]
 [9 1 9 3 3 2]
 [9 1 9 3 2 3]
 [5 2 0 3 1 0]
 [6 1 0 3 2 0]
 [8 1 0 3 3 0]
 [9 3 0 3 1 0]
 [9 1 0 3 3 0]
 [6 9 1 3 1 3]
 [9 9 1 2 1 3]
 [9 9 2 3 1 3]
 [8 9 1 3 2 3]
 [7 9 1 3 3 3]
 [0 1 7 0 1 1]
 [0 8 8 0 1 1]
 [0 9 6 0 1 1]
 [0 9 8 0 2 1]
 [0 9 8 0 3 1]
 [0 2 2 0 1 3]
 [0 1 2 0 2 3]
 [0 3 1 0 2 3]
 [0 3 1 0 3 3]
 [0 1 3 0 3 3]
 [3 9 0 3 1 0]
 [3 9 0 3 2 0]
 [5 9 0 3 3 0]
 [6 9 0 3 3 0]
 [7 9 0 3 3 0]
 [9 1 9 2 1 1]
 [2 9 8 3 1 3]
 [1 9 9 3 2 3]
 [7 9 9 3 1 3]
 [8 9 9 3 1 3]
 [9 1 0 1 2 0]
 [9 3 0 1 1 0]
 [9 9 6 1 1 1]
 [0 9 9 0 1 3]
 [9 8 9 1 1 1]
 [0 9 1 0 1 3]
 [0 2 9 0 3 1]
 [1 2 9 1 3 1]
 [0 1 9 0 3 3]
 [0 2 9 0 3 3]
 [9 9 0 1 1 0]
 [9 3 1 1 3 3]
 [9 8 0 1 3 0]
 [9 2 1 3 3 3]
 [1 9 9 2 3 1]
 [9 5 7 1 1 3]
 [8 5 9 1 1 3]
 [9 5 9 2 1 3]
 [6 5 9 3 3 3]
 [9 6 8 3 3 3]
 [1 5 2 2 1 1]
 [1 5 1 2 2 1]
 [1 5 0 2 3 0]
 [1 5 1 2 3 1]
 [2 1 9 3 1 1]
 [9 1 6 1 3 1]
 [1 9 8 3 1 1]
 [2 9 9 3 1 1]
 [0 8 1 0 3 3]
 [9 1 4 3 1 1]
 [1 5 2 3 3 3]
 [8 5 1 3 1 3]
 [8 6 1 3 1 3]
 [1 6 5 3 3 3]
 [1 7 4 3 3 3]
 [9 1 1 1 1 2]
 [1 1 8 1 1 3]
 [1 1 9 3 3 3]
 [9 8 9 3 3 1]
 [9 9 8 3 3 1]
 [9 8 6 1 2 1]
 [9 9 7 1 2 2]
 [9 9 6 2 2 1]
 [9 9 8 1 2 2]
 [9 9 5 3 2 1]] [[ 48.88410709]
 [ 41.83610381]
 [ 55.31558741]
 [ 59.08481025]
 [ 57.20036557]
 [ 12.5946511 ]
 [ 11.88264274]
 [ 16.9231897 ]
 [ 24.61087153]
 [ 71.66532728]
 [  3.58421987]
 [  8.18566502]
 [ 21.84876511]
 [  5.0532783 ]
 [ 33.59205773]
 [ 98.54750923]
 [100.92635524]
 [106.83023748]
 [106.66484492]
 [106.28680988]
 [ 28.65015592]
 [ 76.53337631]
 [ 84.54542913]
 [ 89.88693514]
 [ 97.99646907]
 [ 18.81577034]
 [ 20.54047675]
 [ 26.74951336]
 [ 29.5173105 ]
 [ 29.14746984]
 [ 42.96373458]
 [ 38.76277721]
 [ 52.04453001]
 [ 59.08683485]
 [ 73.71187018]
 [ 18.0185368 ]
 [ 27.98399083]
 [ 23.02421519]
 [ 45.62925673]
 [ 64.18335352]
 [ 16.48166924]
 [ 14.67822036]
 [ 15.84874418]
 [ 20.48938628]
 [ 22.7963126 ]
 [ 27.00091243]
 [ 39.49689037]
 [ 60.78277985]
 [ 62.66490852]
 [ 63.78507129]
 [ 41.02430326]
 [ 89.38970858]
 [ 95.3454547 ]
 [111.67000828]
 [112.04012293]
 [ 43.83158372]
 [ 13.86711892]
 [ 32.95567594]
 [ 78.18600077]
 [ 39.97812433]
 [ 19.81476523]
 [ 44.15874626]
 [ 45.26818995]
 [ 65.72609631]
 [ 75.24757849]
 [ 22.9883661 ]
 [ 23.37209317]
 [ 44.87806981]
 [ 41.56297469]
 [ 71.00597116]
 [ 78.45711072]
 [ 89.42978534]
 [ 98.05658904]
 [109.59498912]
 [111.05376555]
 [ 16.36879922]
 [ 22.2473722 ]
 [ 26.01241095]
 [ 29.0093168 ]
 [ 32.70867925]
 [ 26.80171383]
 [ 33.75962344]
 [ 41.11859058]
 [ 44.42230004]
 [ 33.51089691]
 [ 38.20750692]
 [ 36.7138116 ]
 [ 38.58021459]
 [ 69.82761784]
 [ 63.35570584]
 [ 17.78342525]
 [ 68.41984836]
 [ 70.83560677]
 [ 87.39080375]
 [ 86.74336501]
 [ 44.42924898]
 [ 74.66932461]
 [ 54.86678071]
 [ 83.48336451]
 [ 60.73957795]]
Query step: 20
20:       x_0  x_1  x_2  y_0  y_1  y_2
36      0    1    4    0    3    1
856     1    1    5    2    3    1
5150    3    1    4    3    3    1
5177    3    1    5    3    3    1
444     0    6    5    0    1    3           f_res
36    13.499185
856   17.551168
5150  21.943291
5177  22.549608
444   46.084604
20: X_train und x_test:  [[1 5 8 3 3 1]
 [7 6 4 1 3 1]
 [4 6 9 3 2 1]
 [7 7 4 1 3 2]
 [5 7 6 3 3 1]
 [1 2 1 3 1 3]
 [1 1 1 3 3 3]
 [1 1 2 3 2 3]
 [1 1 3 3 2 3]
 [1 1 8 3 1 3]
 [0 2 0 0 1 0]
 [0 2 0 0 2 0]
 [0 7 0 0 2 0]
 [0 1 0 0 3 0]
 [0 7 0 0 3 0]
 [1 9 9 1 3 3]
 [2 9 9 1 3 3]
 [7 9 9 1 3 3]
 [8 9 9 1 3 3]
 [9 9 9 1 3 3]
 [9 1 1 2 1 3]
 [9 1 9 1 2 3]
 [9 1 9 2 2 3]
 [9 1 9 3 3 2]
 [9 1 9 3 2 3]
 [5 2 0 3 1 0]
 [6 1 0 3 2 0]
 [8 1 0 3 3 0]
 [9 3 0 3 1 0]
 [9 1 0 3 3 0]
 [6 9 1 3 1 3]
 [9 9 1 2 1 3]
 [9 9 2 3 1 3]
 [8 9 1 3 2 3]
 [7 9 1 3 3 3]
 [0 1 7 0 1 1]
 [0 8 8 0 1 1]
 [0 9 6 0 1 1]
 [0 9 8 0 2 1]
 [0 9 8 0 3 1]
 [0 2 2 0 1 3]
 [0 1 2 0 2 3]
 [0 3 1 0 2 3]
 [0 3 1 0 3 3]
 [0 1 3 0 3 3]
 [3 9 0 3 1 0]
 [3 9 0 3 2 0]
 [5 9 0 3 3 0]
 [6 9 0 3 3 0]
 [7 9 0 3 3 0]
 [9 1 9 2 1 1]
 [2 9 8 3 1 3]
 [1 9 9 3 2 3]
 [7 9 9 3 1 3]
 [8 9 9 3 1 3]
 [9 1 0 1 2 0]
 [9 3 0 1 1 0]
 [9 9 6 1 1 1]
 [0 9 9 0 1 3]
 [9 8 9 1 1 1]
 [0 9 1 0 1 3]
 [0 2 9 0 3 1]
 [1 2 9 1 3 1]
 [0 1 9 0 3 3]
 [0 2 9 0 3 3]
 [9 9 0 1 1 0]
 [9 3 1 1 3 3]
 [9 8 0 1 3 0]
 [9 2 1 3 3 3]
 [1 9 9 2 3 1]
 [9 5 7 1 1 3]
 [8 5 9 1 1 3]
 [9 5 9 2 1 3]
 [6 5 9 3 3 3]
 [9 6 8 3 3 3]
 [1 5 2 2 1 1]
 [1 5 1 2 2 1]
 [1 5 0 2 3 0]
 [1 5 1 2 3 1]
 [2 1 9 3 1 1]
 [9 1 6 1 3 1]
 [1 9 8 3 1 1]
 [2 9 9 3 1 1]
 [0 8 1 0 3 3]
 [9 1 4 3 1 1]
 [1 5 2 3 3 3]
 [8 5 1 3 1 3]
 [8 6 1 3 1 3]
 [1 6 5 3 3 3]
 [1 7 4 3 3 3]
 [9 1 1 1 1 2]
 [1 1 8 1 1 3]
 [1 1 9 3 3 3]
 [9 8 9 3 3 1]
 [9 9 8 3 3 1]
 [9 8 6 1 2 1]
 [9 9 7 1 2 2]
 [9 9 6 2 2 1]
 [9 9 8 1 2 2]
 [9 9 5 3 2 1]
 [0 1 4 0 3 1]
 [1 1 5 2 3 1]
 [3 1 4 3 3 1]
 [3 1 5 3 3 1]
 [0 6 5 0 1 3]] [[ 48.88410709]
 [ 41.83610381]
 [ 55.31558741]
 [ 59.08481025]
 [ 57.20036557]
 [ 12.5946511 ]
 [ 11.88264274]
 [ 16.9231897 ]
 [ 24.61087153]
 [ 71.66532728]
 [  3.58421987]
 [  8.18566502]
 [ 21.84876511]
 [  5.0532783 ]
 [ 33.59205773]
 [ 98.54750923]
 [100.92635524]
 [106.83023748]
 [106.66484492]
 [106.28680988]
 [ 28.65015592]
 [ 76.53337631]
 [ 84.54542913]
 [ 89.88693514]
 [ 97.99646907]
 [ 18.81577034]
 [ 20.54047675]
 [ 26.74951336]
 [ 29.5173105 ]
 [ 29.14746984]
 [ 42.96373458]
 [ 38.76277721]
 [ 52.04453001]
 [ 59.08683485]
 [ 73.71187018]
 [ 18.0185368 ]
 [ 27.98399083]
 [ 23.02421519]
 [ 45.62925673]
 [ 64.18335352]
 [ 16.48166924]
 [ 14.67822036]
 [ 15.84874418]
 [ 20.48938628]
 [ 22.7963126 ]
 [ 27.00091243]
 [ 39.49689037]
 [ 60.78277985]
 [ 62.66490852]
 [ 63.78507129]
 [ 41.02430326]
 [ 89.38970858]
 [ 95.3454547 ]
 [111.67000828]
 [112.04012293]
 [ 43.83158372]
 [ 13.86711892]
 [ 32.95567594]
 [ 78.18600077]
 [ 39.97812433]
 [ 19.81476523]
 [ 44.15874626]
 [ 45.26818995]
 [ 65.72609631]
 [ 75.24757849]
 [ 22.9883661 ]
 [ 23.37209317]
 [ 44.87806981]
 [ 41.56297469]
 [ 71.00597116]
 [ 78.45711072]
 [ 89.42978534]
 [ 98.05658904]
 [109.59498912]
 [111.05376555]
 [ 16.36879922]
 [ 22.2473722 ]
 [ 26.01241095]
 [ 29.0093168 ]
 [ 32.70867925]
 [ 26.80171383]
 [ 33.75962344]
 [ 41.11859058]
 [ 44.42230004]
 [ 33.51089691]
 [ 38.20750692]
 [ 36.7138116 ]
 [ 38.58021459]
 [ 69.82761784]
 [ 63.35570584]
 [ 17.78342525]
 [ 68.41984836]
 [ 70.83560677]
 [ 87.39080375]
 [ 86.74336501]
 [ 44.42924898]
 [ 74.66932461]
 [ 54.86678071]
 [ 83.48336451]
 [ 60.73957795]
 [ 13.49918528]
 [ 17.55116787]
 [ 21.94329128]
 [ 22.54960824]
 [ 46.08460424]]