(sim) C:\Users\Administrator\ALinSim\src>uv run .\GP_Active_learning_trc.py --random_state 45
Total valid pool combinations (paper-consistent): 21168 (should be 21168)
Valid pool count (paper-consistent): 21168, should be 21168
delta = 0.1979  (=0.5 * median NN distance in normalized space)
Pool after removing test points: 21068
Pool kept after distance filtering: 19751 / 21068
Query step: 0
step == 0 [18256, 11318, 10504, 14448, 10437]
0:        x_0  x_1  x_2  y_0  y_1  y_2
11318    6    1    4    1    1    1
14448    7    5    7    1    1    3
10504    5    6    8    2    3    1
18256    9    3    8    1    1    3
10437    5    6    5    3    2    3            f_res
11318  15.858504
14448  80.254396
10504  57.283288
18256  81.011252
10437  72.034440
0: X_train und x_test:  [[6 1 4 1 1 1]
 [7 5 7 1 1 3]
 [5 6 8 2 3 1]
 [9 3 8 1 1 3]
 [5 6 5 3 2 3]] [[15.85850438]
 [80.25439633]
 [57.2832875 ]
 [81.01125201]
 [72.03444028]]
Query step: 1
1:       x_0  x_1  x_2  y_0  y_1  y_2
2370    1    8    0    3    2    0
2135    1    7    0    3    3    0
4711    2    9    0    3    2    0
4479    2    8    0    3    3    0
8918    4    9    0    3    3    0           f_res
2370  27.604276
2135  36.354067
4711  34.386196
4479  45.339396
8918  57.897735
1: X_train und x_test:  [[6 1 4 1 1 1]
 [7 5 7 1 1 3]
 [5 6 8 2 3 1]
 [9 3 8 1 1 3]
 [5 6 5 3 2 3]
 [1 8 0 3 2 0]
 [1 7 0 3 3 0]
 [2 9 0 3 2 0]
 [2 8 0 3 3 0]
 [4 9 0 3 3 0]] [[15.85850438]
 [80.25439633]
 [57.2832875 ]
 [81.01125201]
 [72.03444028]
 [27.60427618]
 [36.35406745]
 [34.38619611]
 [45.33939582]
 [57.8977352 ]]
Query step: 2
2:     x_0  x_1  x_2  y_0  y_1  y_2
8     0    1    1    0    2    3
15    0    1    2    0    2    3
55    0    1    7    0    3    3
62    0    1    8    0    3    3
69    0    1    9    0    3    3         f_res
8   29.229467
15  14.678220
55  61.627715
62  64.222905
69  65.726096
2: X_train und x_test:  [[6 1 4 1 1 1]
 [7 5 7 1 1 3]
 [5 6 8 2 3 1]
 [9 3 8 1 1 3]
 [5 6 5 3 2 3]
 [1 8 0 3 2 0]
 [1 7 0 3 3 0]
 [2 9 0 3 2 0]
 [2 8 0 3 3 0]
 [4 9 0 3 3 0]
 [0 1 1 0 2 3]
 [0 1 2 0 2 3]
 [0 1 7 0 3 3]
 [0 1 8 0 3 3]
 [0 1 9 0 3 3]] [[15.85850438]
 [80.25439633]
 [57.2832875 ]
 [81.01125201]
 [72.03444028]
 [27.60427618]
 [36.35406745]
 [34.38619611]
 [45.33939582]
 [57.8977352 ]
 [29.22946657]
 [14.67822036]
 [61.62771526]
 [64.22290523]
 [65.72609631]]
Query step: 3
3:        x_0  x_1  x_2  y_0  y_1  y_2
19036    9    7    1    1    1    3
19543    9    9    2    1    1    3
17621    9    1    1    3    3    3
19531    9    9    1    2    3    3
19540    9    9    1    3    3    3            f_res
19036  26.626591
19543  33.771299
17621  39.406269
19531  65.886358
19540  75.102225
3: X_train und x_test:  [[6 1 4 1 1 1]
 [7 5 7 1 1 3]
 [5 6 8 2 3 1]
 [9 3 8 1 1 3]
 [5 6 5 3 2 3]
 [1 8 0 3 2 0]
 [1 7 0 3 3 0]
 [2 9 0 3 2 0]
 [2 8 0 3 3 0]
 [4 9 0 3 3 0]
 [0 1 1 0 2 3]
 [0 1 2 0 2 3]
 [0 1 7 0 3 3]
 [0 1 8 0 3 3]
 [0 1 9 0 3 3]
 [9 7 1 1 1 3]
 [9 9 2 1 1 3]
 [9 1 1 3 3 3]
 [9 9 1 2 3 3]
 [9 9 1 3 3 3]] [[15.85850438]
 [80.25439633]
 [57.2832875 ]
 [81.01125201]
 [72.03444028]
 [27.60427618]
 [36.35406745]
 [34.38619611]
 [45.33939582]
 [57.8977352 ]
 [29.22946657]
 [14.67822036]
 [61.62771526]
 [64.22290523]
 [65.72609631]
 [26.6265912 ]
 [33.77129932]
 [39.40626917]
 [65.88635803]
 [75.10222507]]
Query step: 4
4:       x_0  x_1  x_2  y_0  y_1  y_2
3073    2    1    9    3    1    1
2596    1    8    9    3    1    1
3074    2    1    9    3    1    2
2597    1    8    9    3    1    2
3075    2    1    9    3    1    3           f_res
3073  32.708679
2596  34.867107
3074  59.698164
2597  62.782812
3075  83.558501
4: X_train und x_test:  [[6 1 4 1 1 1]
 [7 5 7 1 1 3]
 [5 6 8 2 3 1]
 [9 3 8 1 1 3]
 [5 6 5 3 2 3]
 [1 8 0 3 2 0]
 [1 7 0 3 3 0]
 [2 9 0 3 2 0]
 [2 8 0 3 3 0]
 [4 9 0 3 3 0]
 [0 1 1 0 2 3]
 [0 1 2 0 2 3]
 [0 1 7 0 3 3]
 [0 1 8 0 3 3]
 [0 1 9 0 3 3]
 [9 7 1 1 1 3]
 [9 9 2 1 1 3]
 [9 1 1 3 3 3]
 [9 9 1 2 3 3]
 [9 9 1 3 3 3]
 [2 1 9 3 1 1]
 [1 8 9 3 1 1]
 [2 1 9 3 1 2]
 [1 8 9 3 1 2]
 [2 1 9 3 1 3]] [[15.85850438]
 [80.25439633]
 [57.2832875 ]
 [81.01125201]
 [72.03444028]
 [27.60427618]
 [36.35406745]
 [34.38619611]
 [45.33939582]
 [57.8977352 ]
 [29.22946657]
 [14.67822036]
 [61.62771526]
 [64.22290523]
 [65.72609631]
 [26.6265912 ]
 [33.77129932]
 [39.40626917]
 [65.88635803]
 [75.10222507]
 [32.70867925]
 [34.86710717]
 [59.69816401]
 [62.78281167]
 [83.55850084]]
Query step: 5
5:       x_0  x_1  x_2  y_0  y_1  y_2
568     0    8    4    0    1    1
638     0    9    3    0    1    1
581     0    8    5    0    3    1
2696    1    9    4    1    3    1
2714    1    9    4    3    3    1           f_res
568   17.725072
638   16.647893
581   48.882665
2696  51.456378
2714  54.155001
5: X_train und x_test:  [[6 1 4 1 1 1]
 [7 5 7 1 1 3]
 [5 6 8 2 3 1]
 [9 3 8 1 1 3]
 [5 6 5 3 2 3]
 [1 8 0 3 2 0]
 [1 7 0 3 3 0]
 [2 9 0 3 2 0]
 [2 8 0 3 3 0]
 [4 9 0 3 3 0]
 [0 1 1 0 2 3]
 [0 1 2 0 2 3]
 [0 1 7 0 3 3]
 [0 1 8 0 3 3]
 [0 1 9 0 3 3]
 [9 7 1 1 1 3]
 [9 9 2 1 1 3]
 [9 1 1 3 3 3]
 [9 9 1 2 3 3]
 [9 9 1 3 3 3]
 [2 1 9 3 1 1]
 [1 8 9 3 1 1]
 [2 1 9 3 1 2]
 [1 8 9 3 1 2]
 [2 1 9 3 1 3]
 [0 8 4 0 1 1]
 [0 9 3 0 1 1]
 [0 8 5 0 3 1]
 [1 9 4 1 3 1]
 [1 9 4 3 3 1]] [[15.85850438]
 [80.25439633]
 [57.2832875 ]
 [81.01125201]
 [72.03444028]
 [27.60427618]
 [36.35406745]
 [34.38619611]
 [45.33939582]
 [57.8977352 ]
 [29.22946657]
 [14.67822036]
 [61.62771526]
 [64.22290523]
 [65.72609631]
 [26.6265912 ]
 [33.77129932]
 [39.40626917]
 [65.88635803]
 [75.10222507]
 [32.70867925]
 [34.86710717]
 [59.69816401]
 [62.78281167]
 [83.55850084]
 [17.72507249]
 [16.6478929 ]
 [48.88266541]
 [51.45637751]
 [54.15500112]]
Query step: 6
6:        x_0  x_1  x_2  y_0  y_1  y_2
15698    8    2    0    1    1    0
15459    8    1    0    3    1    0
17835    9    2    0    3    1    0
17832    9    2    0    2    1    0
18067    9    3    0    1    1    0            f_res
15698  18.533176
15459  24.667429
17835  28.453355
17832  21.537642
18067  13.867119
6: X_train und x_test:  [[6 1 4 1 1 1]
 [7 5 7 1 1 3]
 [5 6 8 2 3 1]
 [9 3 8 1 1 3]
 [5 6 5 3 2 3]
 [1 8 0 3 2 0]
 [1 7 0 3 3 0]
 [2 9 0 3 2 0]
 [2 8 0 3 3 0]
 [4 9 0 3 3 0]
 [0 1 1 0 2 3]
 [0 1 2 0 2 3]
 [0 1 7 0 3 3]
 [0 1 8 0 3 3]
 [0 1 9 0 3 3]
 [9 7 1 1 1 3]
 [9 9 2 1 1 3]
 [9 1 1 3 3 3]
 [9 9 1 2 3 3]
 [9 9 1 3 3 3]
 [2 1 9 3 1 1]
 [1 8 9 3 1 1]
 [2 1 9 3 1 2]
 [1 8 9 3 1 2]
 [2 1 9 3 1 3]
 [0 8 4 0 1 1]
 [0 9 3 0 1 1]
 [0 8 5 0 3 1]
 [1 9 4 1 3 1]
 [1 9 4 3 3 1]
 [8 2 0 1 1 0]
 [8 1 0 3 1 0]
 [9 2 0 3 1 0]
 [9 2 0 2 1 0]
 [9 3 0 1 1 0]] [[15.85850438]
 [80.25439633]
 [57.2832875 ]
 [81.01125201]
 [72.03444028]
 [27.60427618]
 [36.35406745]
 [34.38619611]
 [45.33939582]
 [57.8977352 ]
 [29.22946657]
 [14.67822036]
 [61.62771526]
 [64.22290523]
 [65.72609631]
 [26.6265912 ]
 [33.77129932]
 [39.40626917]
 [65.88635803]
 [75.10222507]
 [32.70867925]
 [34.86710717]
 [59.69816401]
 [62.78281167]
 [83.55850084]
 [17.72507249]
 [16.6478929 ]
 [48.88266541]
 [51.45637751]
 [54.15500112]
 [18.5331755 ]
 [24.66742915]
 [28.45335532]
 [21.5376419 ]
 [13.86711892]]
Query step: 7
7:        x_0  x_1  x_2  y_0  y_1  y_2
2630     1    9    1    3    1    3
19181    9    7    6    3    1    1
19639    9    9    5    3    1    1
19261    9    7    9    3    3    3
17585    8    9    9    3    3    3             f_res
2630    24.791801
19181   45.311670
19639   46.819156
19261  119.827980
17585  127.660013
7: X_train und x_test:  [[6 1 4 1 1 1]
 [7 5 7 1 1 3]
 [5 6 8 2 3 1]
 [9 3 8 1 1 3]
 [5 6 5 3 2 3]
 [1 8 0 3 2 0]
 [1 7 0 3 3 0]
 [2 9 0 3 2 0]
 [2 8 0 3 3 0]
 [4 9 0 3 3 0]
 [0 1 1 0 2 3]
 [0 1 2 0 2 3]
 [0 1 7 0 3 3]
 [0 1 8 0 3 3]
 [0 1 9 0 3 3]
 [9 7 1 1 1 3]
 [9 9 2 1 1 3]
 [9 1 1 3 3 3]
 [9 9 1 2 3 3]
 [9 9 1 3 3 3]
 [2 1 9 3 1 1]
 [1 8 9 3 1 1]
 [2 1 9 3 1 2]
 [1 8 9 3 1 2]
 [2 1 9 3 1 3]
 [0 8 4 0 1 1]
 [0 9 3 0 1 1]
 [0 8 5 0 3 1]
 [1 9 4 1 3 1]
 [1 9 4 3 3 1]
 [8 2 0 1 1 0]
 [8 1 0 3 1 0]
 [9 2 0 3 1 0]
 [9 2 0 2 1 0]
 [9 3 0 1 1 0]
 [1 9 1 3 1 3]
 [9 7 6 3 1 1]
 [9 9 5 3 1 1]
 [9 7 9 3 3 3]
 [8 9 9 3 3 3]] [[ 15.85850438]
 [ 80.25439633]
 [ 57.2832875 ]
 [ 81.01125201]
 [ 72.03444028]
 [ 27.60427618]
 [ 36.35406745]
 [ 34.38619611]
 [ 45.33939582]
 [ 57.8977352 ]
 [ 29.22946657]
 [ 14.67822036]
 [ 61.62771526]
 [ 64.22290523]
 [ 65.72609631]
 [ 26.6265912 ]
 [ 33.77129932]
 [ 39.40626917]
 [ 65.88635803]
 [ 75.10222507]
 [ 32.70867925]
 [ 34.86710717]
 [ 59.69816401]
 [ 62.78281167]
 [ 83.55850084]
 [ 17.72507249]
 [ 16.6478929 ]
 [ 48.88266541]
 [ 51.45637751]
 [ 54.15500112]
 [ 18.5331755 ]
 [ 24.66742915]
 [ 28.45335532]
 [ 21.5376419 ]
 [ 13.86711892]
 [ 24.79180078]
 [ 45.31167003]
 [ 46.81915649]
 [119.82797976]
 [127.66001348]]
Query step: 8
8:        x_0  x_1  x_2  y_0  y_1  y_2
63       0    1    9    0    1    1
449      0    6    9    0    1    1
530      0    7    9    0    1    1
18999    9    6    9    1    1    1
19733    9    9    9    2    1    1            f_res
63     20.467454
449    29.783508
530    29.963725
18999  38.542258
19733  49.304418
8: X_train und x_test:  [[6 1 4 1 1 1]
 [7 5 7 1 1 3]
 [5 6 8 2 3 1]
 [9 3 8 1 1 3]
 [5 6 5 3 2 3]
 [1 8 0 3 2 0]
 [1 7 0 3 3 0]
 [2 9 0 3 2 0]
 [2 8 0 3 3 0]
 [4 9 0 3 3 0]
 [0 1 1 0 2 3]
 [0 1 2 0 2 3]
 [0 1 7 0 3 3]
 [0 1 8 0 3 3]
 [0 1 9 0 3 3]
 [9 7 1 1 1 3]
 [9 9 2 1 1 3]
 [9 1 1 3 3 3]
 [9 9 1 2 3 3]
 [9 9 1 3 3 3]
 [2 1 9 3 1 1]
 [1 8 9 3 1 1]
 [2 1 9 3 1 2]
 [1 8 9 3 1 2]
 [2 1 9 3 1 3]
 [0 8 4 0 1 1]
 [0 9 3 0 1 1]
 [0 8 5 0 3 1]
 [1 9 4 1 3 1]
 [1 9 4 3 3 1]
 [8 2 0 1 1 0]
 [8 1 0 3 1 0]
 [9 2 0 3 1 0]
 [9 2 0 2 1 0]
 [9 3 0 1 1 0]
 [1 9 1 3 1 3]
 [9 7 6 3 1 1]
 [9 9 5 3 1 1]
 [9 7 9 3 3 3]
 [8 9 9 3 3 3]
 [0 1 9 0 1 1]
 [0 6 9 0 1 1]
 [0 7 9 0 1 1]
 [9 6 9 1 1 1]
 [9 9 9 2 1 1]] [[ 15.85850438]
 [ 80.25439633]
 [ 57.2832875 ]
 [ 81.01125201]
 [ 72.03444028]
 [ 27.60427618]
 [ 36.35406745]
 [ 34.38619611]
 [ 45.33939582]
 [ 57.8977352 ]
 [ 29.22946657]
 [ 14.67822036]
 [ 61.62771526]
 [ 64.22290523]
 [ 65.72609631]
 [ 26.6265912 ]
 [ 33.77129932]
 [ 39.40626917]
 [ 65.88635803]
 [ 75.10222507]
 [ 32.70867925]
 [ 34.86710717]
 [ 59.69816401]
 [ 62.78281167]
 [ 83.55850084]
 [ 17.72507249]
 [ 16.6478929 ]
 [ 48.88266541]
 [ 51.45637751]
 [ 54.15500112]
 [ 18.5331755 ]
 [ 24.66742915]
 [ 28.45335532]
 [ 21.5376419 ]
 [ 13.86711892]
 [ 24.79180078]
 [ 45.31167003]
 [ 46.81915649]
 [119.82797976]
 [127.66001348]
 [ 20.46745449]
 [ 29.78350842]
 [ 29.96372484]
 [ 38.54225812]
 [ 49.30441803]]
Query step: 9
9:        x_0  x_1  x_2  y_0  y_1  y_2
142      0    3    0    0    3    0
17703    9    1    5    1    3    1
17721    9    1    5    3    3    1
19627    9    9    5    1    3    1
19655    9    9    6    1    3    3            f_res
142    16.424543
17703  23.014006
17721  38.481299
19627  60.151705
19655  92.194587
9: X_train und x_test:  [[6 1 4 1 1 1]
 [7 5 7 1 1 3]
 [5 6 8 2 3 1]
 [9 3 8 1 1 3]
 [5 6 5 3 2 3]
 [1 8 0 3 2 0]
 [1 7 0 3 3 0]
 [2 9 0 3 2 0]
 [2 8 0 3 3 0]
 [4 9 0 3 3 0]
 [0 1 1 0 2 3]
 [0 1 2 0 2 3]
 [0 1 7 0 3 3]
 [0 1 8 0 3 3]
 [0 1 9 0 3 3]
 [9 7 1 1 1 3]
 [9 9 2 1 1 3]
 [9 1 1 3 3 3]
 [9 9 1 2 3 3]
 [9 9 1 3 3 3]
 [2 1 9 3 1 1]
 [1 8 9 3 1 1]
 [2 1 9 3 1 2]
 [1 8 9 3 1 2]
 [2 1 9 3 1 3]
 [0 8 4 0 1 1]
 [0 9 3 0 1 1]
 [0 8 5 0 3 1]
 [1 9 4 1 3 1]
 [1 9 4 3 3 1]
 [8 2 0 1 1 0]
 [8 1 0 3 1 0]
 [9 2 0 3 1 0]
 [9 2 0 2 1 0]
 [9 3 0 1 1 0]
 [1 9 1 3 1 3]
 [9 7 6 3 1 1]
 [9 9 5 3 1 1]
 [9 7 9 3 3 3]
 [8 9 9 3 3 3]
 [0 1 9 0 1 1]
 [0 6 9 0 1 1]
 [0 7 9 0 1 1]
 [9 6 9 1 1 1]
 [9 9 9 2 1 1]
 [0 3 0 0 3 0]
 [9 1 5 1 3 1]
 [9 1 5 3 3 1]
 [9 9 5 1 3 1]
 [9 9 6 1 3 3]] [[ 15.85850438]
 [ 80.25439633]
 [ 57.2832875 ]
 [ 81.01125201]
 [ 72.03444028]
 [ 27.60427618]
 [ 36.35406745]
 [ 34.38619611]
 [ 45.33939582]
 [ 57.8977352 ]
 [ 29.22946657]
 [ 14.67822036]
 [ 61.62771526]
 [ 64.22290523]
 [ 65.72609631]
 [ 26.6265912 ]
 [ 33.77129932]
 [ 39.40626917]
 [ 65.88635803]
 [ 75.10222507]
 [ 32.70867925]
 [ 34.86710717]
 [ 59.69816401]
 [ 62.78281167]
 [ 83.55850084]
 [ 17.72507249]
 [ 16.6478929 ]
 [ 48.88266541]
 [ 51.45637751]
 [ 54.15500112]
 [ 18.5331755 ]
 [ 24.66742915]
 [ 28.45335532]
 [ 21.5376419 ]
 [ 13.86711892]
 [ 24.79180078]
 [ 45.31167003]
 [ 46.81915649]
 [119.82797976]
 [127.66001348]
 [ 20.46745449]
 [ 29.78350842]
 [ 29.96372484]
 [ 38.54225812]
 [ 49.30441803]
 [ 16.42454322]
 [ 23.01400631]
 [ 38.48129916]
 [ 60.1517048 ]
 [ 92.19458654]]
Query step: 10
10:        x_0  x_1  x_2  y_0  y_1  y_2
823      1    1    5    3    1    1
645      0    9    3    0    3    3
17692    9    1    4    3    1    3
653      0    9    4    0    3    3
661      0    9    5    0    3    3            f_res
823    16.300426
645    55.520864
17692  53.359793
653    62.672877
661    72.175574
10: X_train und x_test:  [[6 1 4 1 1 1]
 [7 5 7 1 1 3]
 [5 6 8 2 3 1]
 [9 3 8 1 1 3]
 [5 6 5 3 2 3]
 [1 8 0 3 2 0]
 [1 7 0 3 3 0]
 [2 9 0 3 2 0]
 [2 8 0 3 3 0]
 [4 9 0 3 3 0]
 [0 1 1 0 2 3]
 [0 1 2 0 2 3]
 [0 1 7 0 3 3]
 [0 1 8 0 3 3]
 [0 1 9 0 3 3]
 [9 7 1 1 1 3]
 [9 9 2 1 1 3]
 [9 1 1 3 3 3]
 [9 9 1 2 3 3]
 [9 9 1 3 3 3]
 [2 1 9 3 1 1]
 [1 8 9 3 1 1]
 [2 1 9 3 1 2]
 [1 8 9 3 1 2]
 [2 1 9 3 1 3]
 [0 8 4 0 1 1]
 [0 9 3 0 1 1]
 [0 8 5 0 3 1]
 [1 9 4 1 3 1]
 [1 9 4 3 3 1]
 [8 2 0 1 1 0]
 [8 1 0 3 1 0]
 [9 2 0 3 1 0]
 [9 2 0 2 1 0]
 [9 3 0 1 1 0]
 [1 9 1 3 1 3]
 [9 7 6 3 1 1]
 [9 9 5 3 1 1]
 [9 7 9 3 3 3]
 [8 9 9 3 3 3]
 [0 1 9 0 1 1]
 [0 6 9 0 1 1]
 [0 7 9 0 1 1]
 [9 6 9 1 1 1]
 [9 9 9 2 1 1]
 [0 3 0 0 3 0]
 [9 1 5 1 3 1]
 [9 1 5 3 3 1]
 [9 9 5 1 3 1]
 [9 9 6 1 3 3]
 [1 1 5 3 1 1]
 [0 9 3 0 3 3]
 [9 1 4 3 1 3]
 [0 9 4 0 3 3]
 [0 9 5 0 3 3]] [[ 15.85850438]
 [ 80.25439633]
 [ 57.2832875 ]
 [ 81.01125201]
 [ 72.03444028]
 [ 27.60427618]
 [ 36.35406745]
 [ 34.38619611]
 [ 45.33939582]
 [ 57.8977352 ]
 [ 29.22946657]
 [ 14.67822036]
 [ 61.62771526]
 [ 64.22290523]
 [ 65.72609631]
 [ 26.6265912 ]
 [ 33.77129932]
 [ 39.40626917]
 [ 65.88635803]
 [ 75.10222507]
 [ 32.70867925]
 [ 34.86710717]
 [ 59.69816401]
 [ 62.78281167]
 [ 83.55850084]
 [ 17.72507249]
 [ 16.6478929 ]
 [ 48.88266541]
 [ 51.45637751]
 [ 54.15500112]
 [ 18.5331755 ]
 [ 24.66742915]
 [ 28.45335532]
 [ 21.5376419 ]
 [ 13.86711892]
 [ 24.79180078]
 [ 45.31167003]
 [ 46.81915649]
 [119.82797976]
 [127.66001348]
 [ 20.46745449]
 [ 29.78350842]
 [ 29.96372484]
 [ 38.54225812]
 [ 49.30441803]
 [ 16.42454322]
 [ 23.01400631]
 [ 38.48129916]
 [ 60.1517048 ]
 [ 92.19458654]
 [ 16.30042621]
 [ 55.52086421]
 [ 53.35979275]
 [ 62.67287737]
 [ 72.17557417]]
Query step: 11
11:        x_0  x_1  x_2  y_0  y_1  y_2
727      1    1    1    3    3    2
2878     2    1    1    3    3    3
2903     2    1    2    3    3    3
997      1    2    2    3    3    3
17826    9    1    9    3    3    1            f_res
727    10.924042
2878   16.099954
2903   20.857158
997    21.980846
17826  59.516845
11: X_train und x_test:  [[6 1 4 1 1 1]
 [7 5 7 1 1 3]
 [5 6 8 2 3 1]
 [9 3 8 1 1 3]
 [5 6 5 3 2 3]
 [1 8 0 3 2 0]
 [1 7 0 3 3 0]
 [2 9 0 3 2 0]
 [2 8 0 3 3 0]
 [4 9 0 3 3 0]
 [0 1 1 0 2 3]
 [0 1 2 0 2 3]
 [0 1 7 0 3 3]
 [0 1 8 0 3 3]
 [0 1 9 0 3 3]
 [9 7 1 1 1 3]
 [9 9 2 1 1 3]
 [9 1 1 3 3 3]
 [9 9 1 2 3 3]
 [9 9 1 3 3 3]
 [2 1 9 3 1 1]
 [1 8 9 3 1 1]
 [2 1 9 3 1 2]
 [1 8 9 3 1 2]
 [2 1 9 3 1 3]
 [0 8 4 0 1 1]
 [0 9 3 0 1 1]
 [0 8 5 0 3 1]
 [1 9 4 1 3 1]
 [1 9 4 3 3 1]
 [8 2 0 1 1 0]
 [8 1 0 3 1 0]
 [9 2 0 3 1 0]
 [9 2 0 2 1 0]
 [9 3 0 1 1 0]
 [1 9 1 3 1 3]
 [9 7 6 3 1 1]
 [9 9 5 3 1 1]
 [9 7 9 3 3 3]
 [8 9 9 3 3 3]
 [0 1 9 0 1 1]
 [0 6 9 0 1 1]
 [0 7 9 0 1 1]
 [9 6 9 1 1 1]
 [9 9 9 2 1 1]
 [0 3 0 0 3 0]
 [9 1 5 1 3 1]
 [9 1 5 3 3 1]
 [9 9 5 1 3 1]
 [9 9 6 1 3 3]
 [1 1 5 3 1 1]
 [0 9 3 0 3 3]
 [9 1 4 3 1 3]
 [0 9 4 0 3 3]
 [0 9 5 0 3 3]
 [1 1 1 3 3 2]
 [2 1 1 3 3 3]
 [2 1 2 3 3 3]
 [1 2 2 3 3 3]
 [9 1 9 3 3 1]] [[ 15.85850438]
 [ 80.25439633]
 [ 57.2832875 ]
 [ 81.01125201]
 [ 72.03444028]
 [ 27.60427618]
 [ 36.35406745]
 [ 34.38619611]
 [ 45.33939582]
 [ 57.8977352 ]
 [ 29.22946657]
 [ 14.67822036]
 [ 61.62771526]
 [ 64.22290523]
 [ 65.72609631]
 [ 26.6265912 ]
 [ 33.77129932]
 [ 39.40626917]
 [ 65.88635803]
 [ 75.10222507]
 [ 32.70867925]
 [ 34.86710717]
 [ 59.69816401]
 [ 62.78281167]
 [ 83.55850084]
 [ 17.72507249]
 [ 16.6478929 ]
 [ 48.88266541]
 [ 51.45637751]
 [ 54.15500112]
 [ 18.5331755 ]
 [ 24.66742915]
 [ 28.45335532]
 [ 21.5376419 ]
 [ 13.86711892]
 [ 24.79180078]
 [ 45.31167003]
 [ 46.81915649]
 [119.82797976]
 [127.66001348]
 [ 20.46745449]
 [ 29.78350842]
 [ 29.96372484]
 [ 38.54225812]
 [ 49.30441803]
 [ 16.42454322]
 [ 23.01400631]
 [ 38.48129916]
 [ 60.1517048 ]
 [ 92.19458654]
 [ 16.30042621]
 [ 55.52086421]
 [ 53.35979275]
 [ 62.67287737]
 [ 72.17557417]
 [ 10.92404206]
 [ 16.09995444]
 [ 20.85715832]
 [ 21.98084633]
 [ 59.51684469]]
Query step: 12
12:       x_0  x_1  x_2  y_0  y_1  y_2
539     0    8    0    0    1    0
910     1    1    8    3    3    2
3027    2    1    7    3    3    3
1381    1    3    8    3    3    3
3081    2    1    9    3    3    3           f_res
539   10.718236
910   62.495290
3027  72.395454
1381  82.637845
3081  79.555614
12: X_train und x_test:  [[6 1 4 1 1 1]
 [7 5 7 1 1 3]
 [5 6 8 2 3 1]
 [9 3 8 1 1 3]
 [5 6 5 3 2 3]
 [1 8 0 3 2 0]
 [1 7 0 3 3 0]
 [2 9 0 3 2 0]
 [2 8 0 3 3 0]
 [4 9 0 3 3 0]
 [0 1 1 0 2 3]
 [0 1 2 0 2 3]
 [0 1 7 0 3 3]
 [0 1 8 0 3 3]
 [0 1 9 0 3 3]
 [9 7 1 1 1 3]
 [9 9 2 1 1 3]
 [9 1 1 3 3 3]
 [9 9 1 2 3 3]
 [9 9 1 3 3 3]
 [2 1 9 3 1 1]
 [1 8 9 3 1 1]
 [2 1 9 3 1 2]
 [1 8 9 3 1 2]
 [2 1 9 3 1 3]
 [0 8 4 0 1 1]
 [0 9 3 0 1 1]
 [0 8 5 0 3 1]
 [1 9 4 1 3 1]
 [1 9 4 3 3 1]
 [8 2 0 1 1 0]
 [8 1 0 3 1 0]
 [9 2 0 3 1 0]
 [9 2 0 2 1 0]
 [9 3 0 1 1 0]
 [1 9 1 3 1 3]
 [9 7 6 3 1 1]
 [9 9 5 3 1 1]
 [9 7 9 3 3 3]
 [8 9 9 3 3 3]
 [0 1 9 0 1 1]
 [0 6 9 0 1 1]
 [0 7 9 0 1 1]
 [9 6 9 1 1 1]
 [9 9 9 2 1 1]
 [0 3 0 0 3 0]
 [9 1 5 1 3 1]
 [9 1 5 3 3 1]
 [9 9 5 1 3 1]
 [9 9 6 1 3 3]
 [1 1 5 3 1 1]
 [0 9 3 0 3 3]
 [9 1 4 3 1 3]
 [0 9 4 0 3 3]
 [0 9 5 0 3 3]
 [1 1 1 3 3 2]
 [2 1 1 3 3 3]
 [2 1 2 3 3 3]
 [1 2 2 3 3 3]
 [9 1 9 3 3 1]
 [0 8 0 0 1 0]
 [1 1 8 3 3 2]
 [2 1 7 3 3 3]
 [1 3 8 3 3 3]
 [2 1 9 3 3 3]] [[ 15.85850438]
 [ 80.25439633]
 [ 57.2832875 ]
 [ 81.01125201]
 [ 72.03444028]
 [ 27.60427618]
 [ 36.35406745]
 [ 34.38619611]
 [ 45.33939582]
 [ 57.8977352 ]
 [ 29.22946657]
 [ 14.67822036]
 [ 61.62771526]
 [ 64.22290523]
 [ 65.72609631]
 [ 26.6265912 ]
 [ 33.77129932]
 [ 39.40626917]
 [ 65.88635803]
 [ 75.10222507]
 [ 32.70867925]
 [ 34.86710717]
 [ 59.69816401]
 [ 62.78281167]
 [ 83.55850084]
 [ 17.72507249]
 [ 16.6478929 ]
 [ 48.88266541]
 [ 51.45637751]
 [ 54.15500112]
 [ 18.5331755 ]
 [ 24.66742915]
 [ 28.45335532]
 [ 21.5376419 ]
 [ 13.86711892]
 [ 24.79180078]
 [ 45.31167003]
 [ 46.81915649]
 [119.82797976]
 [127.66001348]
 [ 20.46745449]
 [ 29.78350842]
 [ 29.96372484]
 [ 38.54225812]
 [ 49.30441803]
 [ 16.42454322]
 [ 23.01400631]
 [ 38.48129916]
 [ 60.1517048 ]
 [ 92.19458654]
 [ 16.30042621]
 [ 55.52086421]
 [ 53.35979275]
 [ 62.67287737]
 [ 72.17557417]
 [ 10.92404206]
 [ 16.09995444]
 [ 20.85715832]
 [ 21.98084633]
 [ 59.51684469]
 [ 10.71823617]
 [ 62.49529046]
 [ 72.39545374]
 [ 82.6378454 ]
 [ 79.55561431]]
Query step: 13
13:        x_0  x_1  x_2  y_0  y_1  y_2
722      1    1    1    3    1    3
18069    9    3    0    1    3    0
15458    8    1    0    2    3    0
17834    9    2    0    2    3    0
693      0    9    9    0    3    2            f_res
722     9.545718
18069  19.273940
15458  20.850723
17834  25.488257
693    90.498900
13: X_train und x_test:  [[6 1 4 1 1 1]
 [7 5 7 1 1 3]
 [5 6 8 2 3 1]
 [9 3 8 1 1 3]
 [5 6 5 3 2 3]
 [1 8 0 3 2 0]
 [1 7 0 3 3 0]
 [2 9 0 3 2 0]
 [2 8 0 3 3 0]
 [4 9 0 3 3 0]
 [0 1 1 0 2 3]
 [0 1 2 0 2 3]
 [0 1 7 0 3 3]
 [0 1 8 0 3 3]
 [0 1 9 0 3 3]
 [9 7 1 1 1 3]
 [9 9 2 1 1 3]
 [9 1 1 3 3 3]
 [9 9 1 2 3 3]
 [9 9 1 3 3 3]
 [2 1 9 3 1 1]
 [1 8 9 3 1 1]
 [2 1 9 3 1 2]
 [1 8 9 3 1 2]
 [2 1 9 3 1 3]
 [0 8 4 0 1 1]
 [0 9 3 0 1 1]
 [0 8 5 0 3 1]
 [1 9 4 1 3 1]
 [1 9 4 3 3 1]
 [8 2 0 1 1 0]
 [8 1 0 3 1 0]
 [9 2 0 3 1 0]
 [9 2 0 2 1 0]
 [9 3 0 1 1 0]
 [1 9 1 3 1 3]
 [9 7 6 3 1 1]
 [9 9 5 3 1 1]
 [9 7 9 3 3 3]
 [8 9 9 3 3 3]
 [0 1 9 0 1 1]
 [0 6 9 0 1 1]
 [0 7 9 0 1 1]
 [9 6 9 1 1 1]
 [9 9 9 2 1 1]
 [0 3 0 0 3 0]
 [9 1 5 1 3 1]
 [9 1 5 3 3 1]
 [9 9 5 1 3 1]
 [9 9 6 1 3 3]
 [1 1 5 3 1 1]
 [0 9 3 0 3 3]
 [9 1 4 3 1 3]
 [0 9 4 0 3 3]
 [0 9 5 0 3 3]
 [1 1 1 3 3 2]
 [2 1 1 3 3 3]
 [2 1 2 3 3 3]
 [1 2 2 3 3 3]
 [9 1 9 3 3 1]
 [0 8 0 0 1 0]
 [1 1 8 3 3 2]
 [2 1 7 3 3 3]
 [1 3 8 3 3 3]
 [2 1 9 3 3 3]
 [1 1 1 3 1 3]
 [9 3 0 1 3 0]
 [8 1 0 2 3 0]
 [9 2 0 2 3 0]
 [0 9 9 0 3 2]] [[ 15.85850438]
 [ 80.25439633]
 [ 57.2832875 ]
 [ 81.01125201]
 [ 72.03444028]
 [ 27.60427618]
 [ 36.35406745]
 [ 34.38619611]
 [ 45.33939582]
 [ 57.8977352 ]
 [ 29.22946657]
 [ 14.67822036]
 [ 61.62771526]
 [ 64.22290523]
 [ 65.72609631]
 [ 26.6265912 ]
 [ 33.77129932]
 [ 39.40626917]
 [ 65.88635803]
 [ 75.10222507]
 [ 32.70867925]
 [ 34.86710717]
 [ 59.69816401]
 [ 62.78281167]
 [ 83.55850084]
 [ 17.72507249]
 [ 16.6478929 ]
 [ 48.88266541]
 [ 51.45637751]
 [ 54.15500112]
 [ 18.5331755 ]
 [ 24.66742915]
 [ 28.45335532]
 [ 21.5376419 ]
 [ 13.86711892]
 [ 24.79180078]
 [ 45.31167003]
 [ 46.81915649]
 [119.82797976]
 [127.66001348]
 [ 20.46745449]
 [ 29.78350842]
 [ 29.96372484]
 [ 38.54225812]
 [ 49.30441803]
 [ 16.42454322]
 [ 23.01400631]
 [ 38.48129916]
 [ 60.1517048 ]
 [ 92.19458654]
 [ 16.30042621]
 [ 55.52086421]
 [ 53.35979275]
 [ 62.67287737]
 [ 72.17557417]
 [ 10.92404206]
 [ 16.09995444]
 [ 20.85715832]
 [ 21.98084633]
 [ 59.51684469]
 [ 10.71823617]
 [ 62.49529046]
 [ 72.39545374]
 [ 82.6378454 ]
 [ 79.55561431]
 [  9.54571824]
 [ 19.27393992]
 [ 20.8507232 ]
 [ 25.48825718]
 [ 90.49889976]]
Query step: 14
14:       x_0  x_1  x_2  y_0  y_1  y_2
51      0    1    7    0    1    3
2737    1    9    5    3    1    3
65      0    1    9    0    1    3
295     0    4    9    0    1    3
373     0    5    9    0    1    3           f_res
51    61.737738
2737  52.736978
65    67.537799
295   75.871543
373   77.348430
14: X_train und x_test:  [[6 1 4 1 1 1]
 [7 5 7 1 1 3]
 [5 6 8 2 3 1]
 [9 3 8 1 1 3]
 [5 6 5 3 2 3]
 [1 8 0 3 2 0]
 [1 7 0 3 3 0]
 [2 9 0 3 2 0]
 [2 8 0 3 3 0]
 [4 9 0 3 3 0]
 [0 1 1 0 2 3]
 [0 1 2 0 2 3]
 [0 1 7 0 3 3]
 [0 1 8 0 3 3]
 [0 1 9 0 3 3]
 [9 7 1 1 1 3]
 [9 9 2 1 1 3]
 [9 1 1 3 3 3]
 [9 9 1 2 3 3]
 [9 9 1 3 3 3]
 [2 1 9 3 1 1]
 [1 8 9 3 1 1]
 [2 1 9 3 1 2]
 [1 8 9 3 1 2]
 [2 1 9 3 1 3]
 [0 8 4 0 1 1]
 [0 9 3 0 1 1]
 [0 8 5 0 3 1]
 [1 9 4 1 3 1]
 [1 9 4 3 3 1]
 [8 2 0 1 1 0]
 [8 1 0 3 1 0]
 [9 2 0 3 1 0]
 [9 2 0 2 1 0]
 [9 3 0 1 1 0]
 [1 9 1 3 1 3]
 [9 7 6 3 1 1]
 [9 9 5 3 1 1]
 [9 7 9 3 3 3]
 [8 9 9 3 3 3]
 [0 1 9 0 1 1]
 [0 6 9 0 1 1]
 [0 7 9 0 1 1]
 [9 6 9 1 1 1]
 [9 9 9 2 1 1]
 [0 3 0 0 3 0]
 [9 1 5 1 3 1]
 [9 1 5 3 3 1]
 [9 9 5 1 3 1]
 [9 9 6 1 3 3]
 [1 1 5 3 1 1]
 [0 9 3 0 3 3]
 [9 1 4 3 1 3]
 [0 9 4 0 3 3]
 [0 9 5 0 3 3]
 [1 1 1 3 3 2]
 [2 1 1 3 3 3]
 [2 1 2 3 3 3]
 [1 2 2 3 3 3]
 [9 1 9 3 3 1]
 [0 8 0 0 1 0]
 [1 1 8 3 3 2]
 [2 1 7 3 3 3]
 [1 3 8 3 3 3]
 [2 1 9 3 3 3]
 [1 1 1 3 1 3]
 [9 3 0 1 3 0]
 [8 1 0 2 3 0]
 [9 2 0 2 3 0]
 [0 9 9 0 3 2]
 [0 1 7 0 1 3]
 [1 9 5 3 1 3]
 [0 1 9 0 1 3]
 [0 4 9 0 1 3]
 [0 5 9 0 1 3]] [[ 15.85850438]
 [ 80.25439633]
 [ 57.2832875 ]
 [ 81.01125201]
 [ 72.03444028]
 [ 27.60427618]
 [ 36.35406745]
 [ 34.38619611]
 [ 45.33939582]
 [ 57.8977352 ]
 [ 29.22946657]
 [ 14.67822036]
 [ 61.62771526]
 [ 64.22290523]
 [ 65.72609631]
 [ 26.6265912 ]
 [ 33.77129932]
 [ 39.40626917]
 [ 65.88635803]
 [ 75.10222507]
 [ 32.70867925]
 [ 34.86710717]
 [ 59.69816401]
 [ 62.78281167]
 [ 83.55850084]
 [ 17.72507249]
 [ 16.6478929 ]
 [ 48.88266541]
 [ 51.45637751]
 [ 54.15500112]
 [ 18.5331755 ]
 [ 24.66742915]
 [ 28.45335532]
 [ 21.5376419 ]
 [ 13.86711892]
 [ 24.79180078]
 [ 45.31167003]
 [ 46.81915649]
 [119.82797976]
 [127.66001348]
 [ 20.46745449]
 [ 29.78350842]
 [ 29.96372484]
 [ 38.54225812]
 [ 49.30441803]
 [ 16.42454322]
 [ 23.01400631]
 [ 38.48129916]
 [ 60.1517048 ]
 [ 92.19458654]
 [ 16.30042621]
 [ 55.52086421]
 [ 53.35979275]
 [ 62.67287737]
 [ 72.17557417]
 [ 10.92404206]
 [ 16.09995444]
 [ 20.85715832]
 [ 21.98084633]
 [ 59.51684469]
 [ 10.71823617]
 [ 62.49529046]
 [ 72.39545374]
 [ 82.6378454 ]
 [ 79.55561431]
 [  9.54571824]
 [ 19.27393992]
 [ 20.8507232 ]
 [ 25.48825718]
 [ 90.49889976]
 [ 61.73773758]
 [ 52.73697823]
 [ 67.53779948]
 [ 75.87154309]
 [ 77.34843034]]
Query step: 15
15:        x_0  x_1  x_2  y_0  y_1  y_2
92       0    2    3    0    3    1
463      0    7    1    0    1    3
17896    9    2    3    1    3    3
18133    9    3    3    1    3    3
19732    9    9    9    1    3    3             f_res
92      16.779503
463     16.941702
17896   28.288561
18133   32.681210
19732  106.286810
15: X_train und x_test:  [[6 1 4 1 1 1]
 [7 5 7 1 1 3]
 [5 6 8 2 3 1]
 [9 3 8 1 1 3]
 [5 6 5 3 2 3]
 [1 8 0 3 2 0]
 [1 7 0 3 3 0]
 [2 9 0 3 2 0]
 [2 8 0 3 3 0]
 [4 9 0 3 3 0]
 [0 1 1 0 2 3]
 [0 1 2 0 2 3]
 [0 1 7 0 3 3]
 [0 1 8 0 3 3]
 [0 1 9 0 3 3]
 [9 7 1 1 1 3]
 [9 9 2 1 1 3]
 [9 1 1 3 3 3]
 [9 9 1 2 3 3]
 [9 9 1 3 3 3]
 [2 1 9 3 1 1]
 [1 8 9 3 1 1]
 [2 1 9 3 1 2]
 [1 8 9 3 1 2]
 [2 1 9 3 1 3]
 [0 8 4 0 1 1]
 [0 9 3 0 1 1]
 [0 8 5 0 3 1]
 [1 9 4 1 3 1]
 [1 9 4 3 3 1]
 [8 2 0 1 1 0]
 [8 1 0 3 1 0]
 [9 2 0 3 1 0]
 [9 2 0 2 1 0]
 [9 3 0 1 1 0]
 [1 9 1 3 1 3]
 [9 7 6 3 1 1]
 [9 9 5 3 1 1]
 [9 7 9 3 3 3]
 [8 9 9 3 3 3]
 [0 1 9 0 1 1]
 [0 6 9 0 1 1]
 [0 7 9 0 1 1]
 [9 6 9 1 1 1]
 [9 9 9 2 1 1]
 [0 3 0 0 3 0]
 [9 1 5 1 3 1]
 [9 1 5 3 3 1]
 [9 9 5 1 3 1]
 [9 9 6 1 3 3]
 [1 1 5 3 1 1]
 [0 9 3 0 3 3]
 [9 1 4 3 1 3]
 [0 9 4 0 3 3]
 [0 9 5 0 3 3]
 [1 1 1 3 3 2]
 [2 1 1 3 3 3]
 [2 1 2 3 3 3]
 [1 2 2 3 3 3]
 [9 1 9 3 3 1]
 [0 8 0 0 1 0]
 [1 1 8 3 3 2]
 [2 1 7 3 3 3]
 [1 3 8 3 3 3]
 [2 1 9 3 3 3]
 [1 1 1 3 1 3]
 [9 3 0 1 3 0]
 [8 1 0 2 3 0]
 [9 2 0 2 3 0]
 [0 9 9 0 3 2]
 [0 1 7 0 1 3]
 [1 9 5 3 1 3]
 [0 1 9 0 1 3]
 [0 4 9 0 1 3]
 [0 5 9 0 1 3]
 [0 2 3 0 3 1]
 [0 7 1 0 1 3]
 [9 2 3 1 3 3]
 [9 3 3 1 3 3]
 [9 9 9 1 3 3]] [[ 15.85850438]
 [ 80.25439633]
 [ 57.2832875 ]
 [ 81.01125201]
 [ 72.03444028]
 [ 27.60427618]
 [ 36.35406745]
 [ 34.38619611]
 [ 45.33939582]
 [ 57.8977352 ]
 [ 29.22946657]
 [ 14.67822036]
 [ 61.62771526]
 [ 64.22290523]
 [ 65.72609631]
 [ 26.6265912 ]
 [ 33.77129932]
 [ 39.40626917]
 [ 65.88635803]
 [ 75.10222507]
 [ 32.70867925]
 [ 34.86710717]
 [ 59.69816401]
 [ 62.78281167]
 [ 83.55850084]
 [ 17.72507249]
 [ 16.6478929 ]
 [ 48.88266541]
 [ 51.45637751]
 [ 54.15500112]
 [ 18.5331755 ]
 [ 24.66742915]
 [ 28.45335532]
 [ 21.5376419 ]
 [ 13.86711892]
 [ 24.79180078]
 [ 45.31167003]
 [ 46.81915649]
 [119.82797976]
 [127.66001348]
 [ 20.46745449]
 [ 29.78350842]
 [ 29.96372484]
 [ 38.54225812]
 [ 49.30441803]
 [ 16.42454322]
 [ 23.01400631]
 [ 38.48129916]
 [ 60.1517048 ]
 [ 92.19458654]
 [ 16.30042621]
 [ 55.52086421]
 [ 53.35979275]
 [ 62.67287737]
 [ 72.17557417]
 [ 10.92404206]
 [ 16.09995444]
 [ 20.85715832]
 [ 21.98084633]
 [ 59.51684469]
 [ 10.71823617]
 [ 62.49529046]
 [ 72.39545374]
 [ 82.6378454 ]
 [ 79.55561431]
 [  9.54571824]
 [ 19.27393992]
 [ 20.8507232 ]
 [ 25.48825718]
 [ 90.49889976]
 [ 61.73773758]
 [ 52.73697823]
 [ 67.53779948]
 [ 75.87154309]
 [ 77.34843034]
 [ 16.77950331]
 [ 16.94170218]
 [ 28.28856115]
 [ 32.68121009]
 [106.28680988]]
Query step: 16
16:        x_0  x_1  x_2  y_0  y_1  y_2
18841    9    6    2    3    1    1
19511    9    9    0    3    1    0
19559    9    9    2    3    1    1
19692    9    9    7    3    1    3
19748    9    9    9    3    3    1             f_res
18841   36.299601
19511   38.293271
19559   41.660738
19692  101.208540
19748   91.536603
16: X_train und x_test:  [[6 1 4 1 1 1]
 [7 5 7 1 1 3]
 [5 6 8 2 3 1]
 [9 3 8 1 1 3]
 [5 6 5 3 2 3]
 [1 8 0 3 2 0]
 [1 7 0 3 3 0]
 [2 9 0 3 2 0]
 [2 8 0 3 3 0]
 [4 9 0 3 3 0]
 [0 1 1 0 2 3]
 [0 1 2 0 2 3]
 [0 1 7 0 3 3]
 [0 1 8 0 3 3]
 [0 1 9 0 3 3]
 [9 7 1 1 1 3]
 [9 9 2 1 1 3]
 [9 1 1 3 3 3]
 [9 9 1 2 3 3]
 [9 9 1 3 3 3]
 [2 1 9 3 1 1]
 [1 8 9 3 1 1]
 [2 1 9 3 1 2]
 [1 8 9 3 1 2]
 [2 1 9 3 1 3]
 [0 8 4 0 1 1]
 [0 9 3 0 1 1]
 [0 8 5 0 3 1]
 [1 9 4 1 3 1]
 [1 9 4 3 3 1]
 [8 2 0 1 1 0]
 [8 1 0 3 1 0]
 [9 2 0 3 1 0]
 [9 2 0 2 1 0]
 [9 3 0 1 1 0]
 [1 9 1 3 1 3]
 [9 7 6 3 1 1]
 [9 9 5 3 1 1]
 [9 7 9 3 3 3]
 [8 9 9 3 3 3]
 [0 1 9 0 1 1]
 [0 6 9 0 1 1]
 [0 7 9 0 1 1]
 [9 6 9 1 1 1]
 [9 9 9 2 1 1]
 [0 3 0 0 3 0]
 [9 1 5 1 3 1]
 [9 1 5 3 3 1]
 [9 9 5 1 3 1]
 [9 9 6 1 3 3]
 [1 1 5 3 1 1]
 [0 9 3 0 3 3]
 [9 1 4 3 1 3]
 [0 9 4 0 3 3]
 [0 9 5 0 3 3]
 [1 1 1 3 3 2]
 [2 1 1 3 3 3]
 [2 1 2 3 3 3]
 [1 2 2 3 3 3]
 [9 1 9 3 3 1]
 [0 8 0 0 1 0]
 [1 1 8 3 3 2]
 [2 1 7 3 3 3]
 [1 3 8 3 3 3]
 [2 1 9 3 3 3]
 [1 1 1 3 1 3]
 [9 3 0 1 3 0]
 [8 1 0 2 3 0]
 [9 2 0 2 3 0]
 [0 9 9 0 3 2]
 [0 1 7 0 1 3]
 [1 9 5 3 1 3]
 [0 1 9 0 1 3]
 [0 4 9 0 1 3]
 [0 5 9 0 1 3]
 [0 2 3 0 3 1]
 [0 7 1 0 1 3]
 [9 2 3 1 3 3]
 [9 3 3 1 3 3]
 [9 9 9 1 3 3]
 [9 6 2 3 1 1]
 [9 9 0 3 1 0]
 [9 9 2 3 1 1]
 [9 9 7 3 1 3]
 [9 9 9 3 3 1]] [[ 15.85850438]
 [ 80.25439633]
 [ 57.2832875 ]
 [ 81.01125201]
 [ 72.03444028]
 [ 27.60427618]
 [ 36.35406745]
 [ 34.38619611]
 [ 45.33939582]
 [ 57.8977352 ]
 [ 29.22946657]
 [ 14.67822036]
 [ 61.62771526]
 [ 64.22290523]
 [ 65.72609631]
 [ 26.6265912 ]
 [ 33.77129932]
 [ 39.40626917]
 [ 65.88635803]
 [ 75.10222507]
 [ 32.70867925]
 [ 34.86710717]
 [ 59.69816401]
 [ 62.78281167]
 [ 83.55850084]
 [ 17.72507249]
 [ 16.6478929 ]
 [ 48.88266541]
 [ 51.45637751]
 [ 54.15500112]
 [ 18.5331755 ]
 [ 24.66742915]
 [ 28.45335532]
 [ 21.5376419 ]
 [ 13.86711892]
 [ 24.79180078]
 [ 45.31167003]
 [ 46.81915649]
 [119.82797976]
 [127.66001348]
 [ 20.46745449]
 [ 29.78350842]
 [ 29.96372484]
 [ 38.54225812]
 [ 49.30441803]
 [ 16.42454322]
 [ 23.01400631]
 [ 38.48129916]
 [ 60.1517048 ]
 [ 92.19458654]
 [ 16.30042621]
 [ 55.52086421]
 [ 53.35979275]
 [ 62.67287737]
 [ 72.17557417]
 [ 10.92404206]
 [ 16.09995444]
 [ 20.85715832]
 [ 21.98084633]
 [ 59.51684469]
 [ 10.71823617]
 [ 62.49529046]
 [ 72.39545374]
 [ 82.6378454 ]
 [ 79.55561431]
 [  9.54571824]
 [ 19.27393992]
 [ 20.8507232 ]
 [ 25.48825718]
 [ 90.49889976]
 [ 61.73773758]
 [ 52.73697823]
 [ 67.53779948]
 [ 75.87154309]
 [ 77.34843034]
 [ 16.77950331]
 [ 16.94170218]
 [ 28.28856115]
 [ 32.68121009]
 [106.28680988]
 [ 36.29960113]
 [ 38.29327081]
 [ 41.66073839]
 [101.20853979]
 [ 91.53660315]]
Query step: 17
17:        x_0  x_1  x_2  y_0  y_1  y_2
541      0    8    0    0    3    0
18046    9    2    9    1    3    1
626      0    9    1    0    3    1
17809    9    1    9    1    3    2
19507    9    9    0    1    3    0            f_res
541    37.788801
18046  46.871031
626    43.080034
17809  62.760721
19507  49.304418
17: X_train und x_test:  [[6 1 4 1 1 1]
 [7 5 7 1 1 3]
 [5 6 8 2 3 1]
 [9 3 8 1 1 3]
 [5 6 5 3 2 3]
 [1 8 0 3 2 0]
 [1 7 0 3 3 0]
 [2 9 0 3 2 0]
 [2 8 0 3 3 0]
 [4 9 0 3 3 0]
 [0 1 1 0 2 3]
 [0 1 2 0 2 3]
 [0 1 7 0 3 3]
 [0 1 8 0 3 3]
 [0 1 9 0 3 3]
 [9 7 1 1 1 3]
 [9 9 2 1 1 3]
 [9 1 1 3 3 3]
 [9 9 1 2 3 3]
 [9 9 1 3 3 3]
 [2 1 9 3 1 1]
 [1 8 9 3 1 1]
 [2 1 9 3 1 2]
 [1 8 9 3 1 2]
 [2 1 9 3 1 3]
 [0 8 4 0 1 1]
 [0 9 3 0 1 1]
 [0 8 5 0 3 1]
 [1 9 4 1 3 1]
 [1 9 4 3 3 1]
 [8 2 0 1 1 0]
 [8 1 0 3 1 0]
 [9 2 0 3 1 0]
 [9 2 0 2 1 0]
 [9 3 0 1 1 0]
 [1 9 1 3 1 3]
 [9 7 6 3 1 1]
 [9 9 5 3 1 1]
 [9 7 9 3 3 3]
 [8 9 9 3 3 3]
 [0 1 9 0 1 1]
 [0 6 9 0 1 1]
 [0 7 9 0 1 1]
 [9 6 9 1 1 1]
 [9 9 9 2 1 1]
 [0 3 0 0 3 0]
 [9 1 5 1 3 1]
 [9 1 5 3 3 1]
 [9 9 5 1 3 1]
 [9 9 6 1 3 3]
 [1 1 5 3 1 1]
 [0 9 3 0 3 3]
 [9 1 4 3 1 3]
 [0 9 4 0 3 3]
 [0 9 5 0 3 3]
 [1 1 1 3 3 2]
 [2 1 1 3 3 3]
 [2 1 2 3 3 3]
 [1 2 2 3 3 3]
 [9 1 9 3 3 1]
 [0 8 0 0 1 0]
 [1 1 8 3 3 2]
 [2 1 7 3 3 3]
 [1 3 8 3 3 3]
 [2 1 9 3 3 3]
 [1 1 1 3 1 3]
 [9 3 0 1 3 0]
 [8 1 0 2 3 0]
 [9 2 0 2 3 0]
 [0 9 9 0 3 2]
 [0 1 7 0 1 3]
 [1 9 5 3 1 3]
 [0 1 9 0 1 3]
 [0 4 9 0 1 3]
 [0 5 9 0 1 3]
 [0 2 3 0 3 1]
 [0 7 1 0 1 3]
 [9 2 3 1 3 3]
 [9 3 3 1 3 3]
 [9 9 9 1 3 3]
 [9 6 2 3 1 1]
 [9 9 0 3 1 0]
 [9 9 2 3 1 1]
 [9 9 7 3 1 3]
 [9 9 9 3 3 1]
 [0 8 0 0 3 0]
 [9 2 9 1 3 1]
 [0 9 1 0 3 1]
 [9 1 9 1 3 2]
 [9 9 0 1 3 0]] [[ 15.85850438]
 [ 80.25439633]
 [ 57.2832875 ]
 [ 81.01125201]
 [ 72.03444028]
 [ 27.60427618]
 [ 36.35406745]
 [ 34.38619611]
 [ 45.33939582]
 [ 57.8977352 ]
 [ 29.22946657]
 [ 14.67822036]
 [ 61.62771526]
 [ 64.22290523]
 [ 65.72609631]
 [ 26.6265912 ]
 [ 33.77129932]
 [ 39.40626917]
 [ 65.88635803]
 [ 75.10222507]
 [ 32.70867925]
 [ 34.86710717]
 [ 59.69816401]
 [ 62.78281167]
 [ 83.55850084]
 [ 17.72507249]
 [ 16.6478929 ]
 [ 48.88266541]
 [ 51.45637751]
 [ 54.15500112]
 [ 18.5331755 ]
 [ 24.66742915]
 [ 28.45335532]
 [ 21.5376419 ]
 [ 13.86711892]
 [ 24.79180078]
 [ 45.31167003]
 [ 46.81915649]
 [119.82797976]
 [127.66001348]
 [ 20.46745449]
 [ 29.78350842]
 [ 29.96372484]
 [ 38.54225812]
 [ 49.30441803]
 [ 16.42454322]
 [ 23.01400631]
 [ 38.48129916]
 [ 60.1517048 ]
 [ 92.19458654]
 [ 16.30042621]
 [ 55.52086421]
 [ 53.35979275]
 [ 62.67287737]
 [ 72.17557417]
 [ 10.92404206]
 [ 16.09995444]
 [ 20.85715832]
 [ 21.98084633]
 [ 59.51684469]
 [ 10.71823617]
 [ 62.49529046]
 [ 72.39545374]
 [ 82.6378454 ]
 [ 79.55561431]
 [  9.54571824]
 [ 19.27393992]
 [ 20.8507232 ]
 [ 25.48825718]
 [ 90.49889976]
 [ 61.73773758]
 [ 52.73697823]
 [ 67.53779948]
 [ 75.87154309]
 [ 77.34843034]
 [ 16.77950331]
 [ 16.94170218]
 [ 28.28856115]
 [ 32.68121009]
 [106.28680988]
 [ 36.29960113]
 [ 38.29327081]
 [ 41.66073839]
 [101.20853979]
 [ 91.53660315]
 [ 37.78880103]
 [ 46.87103136]
 [ 43.08003362]
 [ 62.76072054]
 [ 49.30441803]]
Query step: 18
18:        x_0  x_1  x_2  y_0  y_1  y_2
17624    9    1    2    1    1    3
2780     1    9    7    2    1    1
671      0    9    7    0    1    2
2771     1    9    7    1    1    1
17767    9    1    7    3    1    1            f_res
17624  20.659270
2780   30.781804
671    46.938694
2771   28.887212
17767  39.895555
18: X_train und x_test:  [[6 1 4 1 1 1]
 [7 5 7 1 1 3]
 [5 6 8 2 3 1]
 [9 3 8 1 1 3]
 [5 6 5 3 2 3]
 [1 8 0 3 2 0]
 [1 7 0 3 3 0]
 [2 9 0 3 2 0]
 [2 8 0 3 3 0]
 [4 9 0 3 3 0]
 [0 1 1 0 2 3]
 [0 1 2 0 2 3]
 [0 1 7 0 3 3]
 [0 1 8 0 3 3]
 [0 1 9 0 3 3]
 [9 7 1 1 1 3]
 [9 9 2 1 1 3]
 [9 1 1 3 3 3]
 [9 9 1 2 3 3]
 [9 9 1 3 3 3]
 [2 1 9 3 1 1]
 [1 8 9 3 1 1]
 [2 1 9 3 1 2]
 [1 8 9 3 1 2]
 [2 1 9 3 1 3]
 [0 8 4 0 1 1]
 [0 9 3 0 1 1]
 [0 8 5 0 3 1]
 [1 9 4 1 3 1]
 [1 9 4 3 3 1]
 [8 2 0 1 1 0]
 [8 1 0 3 1 0]
 [9 2 0 3 1 0]
 [9 2 0 2 1 0]
 [9 3 0 1 1 0]
 [1 9 1 3 1 3]
 [9 7 6 3 1 1]
 [9 9 5 3 1 1]
 [9 7 9 3 3 3]
 [8 9 9 3 3 3]
 [0 1 9 0 1 1]
 [0 6 9 0 1 1]
 [0 7 9 0 1 1]
 [9 6 9 1 1 1]
 [9 9 9 2 1 1]
 [0 3 0 0 3 0]
 [9 1 5 1 3 1]
 [9 1 5 3 3 1]
 [9 9 5 1 3 1]
 [9 9 6 1 3 3]
 [1 1 5 3 1 1]
 [0 9 3 0 3 3]
 [9 1 4 3 1 3]
 [0 9 4 0 3 3]
 [0 9 5 0 3 3]
 [1 1 1 3 3 2]
 [2 1 1 3 3 3]
 [2 1 2 3 3 3]
 [1 2 2 3 3 3]
 [9 1 9 3 3 1]
 [0 8 0 0 1 0]
 [1 1 8 3 3 2]
 [2 1 7 3 3 3]
 [1 3 8 3 3 3]
 [2 1 9 3 3 3]
 [1 1 1 3 1 3]
 [9 3 0 1 3 0]
 [8 1 0 2 3 0]
 [9 2 0 2 3 0]
 [0 9 9 0 3 2]
 [0 1 7 0 1 3]
 [1 9 5 3 1 3]
 [0 1 9 0 1 3]
 [0 4 9 0 1 3]
 [0 5 9 0 1 3]
 [0 2 3 0 3 1]
 [0 7 1 0 1 3]
 [9 2 3 1 3 3]
 [9 3 3 1 3 3]
 [9 9 9 1 3 3]
 [9 6 2 3 1 1]
 [9 9 0 3 1 0]
 [9 9 2 3 1 1]
 [9 9 7 3 1 3]
 [9 9 9 3 3 1]
 [0 8 0 0 3 0]
 [9 2 9 1 3 1]
 [0 9 1 0 3 1]
 [9 1 9 1 3 2]
 [9 9 0 1 3 0]
 [9 1 2 1 1 3]
 [1 9 7 2 1 1]
 [0 9 7 0 1 2]
 [1 9 7 1 1 1]
 [9 1 7 3 1 1]] [[ 15.85850438]
 [ 80.25439633]
 [ 57.2832875 ]
 [ 81.01125201]
 [ 72.03444028]
 [ 27.60427618]
 [ 36.35406745]
 [ 34.38619611]
 [ 45.33939582]
 [ 57.8977352 ]
 [ 29.22946657]
 [ 14.67822036]
 [ 61.62771526]
 [ 64.22290523]
 [ 65.72609631]
 [ 26.6265912 ]
 [ 33.77129932]
 [ 39.40626917]
 [ 65.88635803]
 [ 75.10222507]
 [ 32.70867925]
 [ 34.86710717]
 [ 59.69816401]
 [ 62.78281167]
 [ 83.55850084]
 [ 17.72507249]
 [ 16.6478929 ]
 [ 48.88266541]
 [ 51.45637751]
 [ 54.15500112]
 [ 18.5331755 ]
 [ 24.66742915]
 [ 28.45335532]
 [ 21.5376419 ]
 [ 13.86711892]
 [ 24.79180078]
 [ 45.31167003]
 [ 46.81915649]
 [119.82797976]
 [127.66001348]
 [ 20.46745449]
 [ 29.78350842]
 [ 29.96372484]
 [ 38.54225812]
 [ 49.30441803]
 [ 16.42454322]
 [ 23.01400631]
 [ 38.48129916]
 [ 60.1517048 ]
 [ 92.19458654]
 [ 16.30042621]
 [ 55.52086421]
 [ 53.35979275]
 [ 62.67287737]
 [ 72.17557417]
 [ 10.92404206]
 [ 16.09995444]
 [ 20.85715832]
 [ 21.98084633]
 [ 59.51684469]
 [ 10.71823617]
 [ 62.49529046]
 [ 72.39545374]
 [ 82.6378454 ]
 [ 79.55561431]
 [  9.54571824]
 [ 19.27393992]
 [ 20.8507232 ]
 [ 25.48825718]
 [ 90.49889976]
 [ 61.73773758]
 [ 52.73697823]
 [ 67.53779948]
 [ 75.87154309]
 [ 77.34843034]
 [ 16.77950331]
 [ 16.94170218]
 [ 28.28856115]
 [ 32.68121009]
 [106.28680988]
 [ 36.29960113]
 [ 38.29327081]
 [ 41.66073839]
 [101.20853979]
 [ 91.53660315]
 [ 37.78880103]
 [ 46.87103136]
 [ 43.08003362]
 [ 62.76072054]
 [ 49.30441803]
 [ 20.65927041]
 [ 30.78180359]
 [ 46.93869383]
 [ 28.88721245]
 [ 39.89555456]]
Query step: 19
19:        x_0  x_1  x_2  y_0  y_1  y_2
54       0    1    7    0    3    1
68       0    1    9    0    3    1
19726    9    9    9    1    1    3
2770     1    9    6    3    3    3
19646    9    9    5    3    3    3             f_res
54      28.416887
68      35.399627
19726   90.498900
2770    87.963388
19646  105.570292
19: X_train und x_test:  [[6 1 4 1 1 1]
 [7 5 7 1 1 3]
 [5 6 8 2 3 1]
 [9 3 8 1 1 3]
 [5 6 5 3 2 3]
 [1 8 0 3 2 0]
 [1 7 0 3 3 0]
 [2 9 0 3 2 0]
 [2 8 0 3 3 0]
 [4 9 0 3 3 0]
 [0 1 1 0 2 3]
 [0 1 2 0 2 3]
 [0 1 7 0 3 3]
 [0 1 8 0 3 3]
 [0 1 9 0 3 3]
 [9 7 1 1 1 3]
 [9 9 2 1 1 3]
 [9 1 1 3 3 3]
 [9 9 1 2 3 3]
 [9 9 1 3 3 3]
 [2 1 9 3 1 1]
 [1 8 9 3 1 1]
 [2 1 9 3 1 2]
 [1 8 9 3 1 2]
 [2 1 9 3 1 3]
 [0 8 4 0 1 1]
 [0 9 3 0 1 1]
 [0 8 5 0 3 1]
 [1 9 4 1 3 1]
 [1 9 4 3 3 1]
 [8 2 0 1 1 0]
 [8 1 0 3 1 0]
 [9 2 0 3 1 0]
 [9 2 0 2 1 0]
 [9 3 0 1 1 0]
 [1 9 1 3 1 3]
 [9 7 6 3 1 1]
 [9 9 5 3 1 1]
 [9 7 9 3 3 3]
 [8 9 9 3 3 3]
 [0 1 9 0 1 1]
 [0 6 9 0 1 1]
 [0 7 9 0 1 1]
 [9 6 9 1 1 1]
 [9 9 9 2 1 1]
 [0 3 0 0 3 0]
 [9 1 5 1 3 1]
 [9 1 5 3 3 1]
 [9 9 5 1 3 1]
 [9 9 6 1 3 3]
 [1 1 5 3 1 1]
 [0 9 3 0 3 3]
 [9 1 4 3 1 3]
 [0 9 4 0 3 3]
 [0 9 5 0 3 3]
 [1 1 1 3 3 2]
 [2 1 1 3 3 3]
 [2 1 2 3 3 3]
 [1 2 2 3 3 3]
 [9 1 9 3 3 1]
 [0 8 0 0 1 0]
 [1 1 8 3 3 2]
 [2 1 7 3 3 3]
 [1 3 8 3 3 3]
 [2 1 9 3 3 3]
 [1 1 1 3 1 3]
 [9 3 0 1 3 0]
 [8 1 0 2 3 0]
 [9 2 0 2 3 0]
 [0 9 9 0 3 2]
 [0 1 7 0 1 3]
 [1 9 5 3 1 3]
 [0 1 9 0 1 3]
 [0 4 9 0 1 3]
 [0 5 9 0 1 3]
 [0 2 3 0 3 1]
 [0 7 1 0 1 3]
 [9 2 3 1 3 3]
 [9 3 3 1 3 3]
 [9 9 9 1 3 3]
 [9 6 2 3 1 1]
 [9 9 0 3 1 0]
 [9 9 2 3 1 1]
 [9 9 7 3 1 3]
 [9 9 9 3 3 1]
 [0 8 0 0 3 0]
 [9 2 9 1 3 1]
 [0 9 1 0 3 1]
 [9 1 9 1 3 2]
 [9 9 0 1 3 0]
 [9 1 2 1 1 3]
 [1 9 7 2 1 1]
 [0 9 7 0 1 2]
 [1 9 7 1 1 1]
 [9 1 7 3 1 1]
 [0 1 7 0 3 1]
 [0 1 9 0 3 1]
 [9 9 9 1 1 3]
 [1 9 6 3 3 3]
 [9 9 5 3 3 3]] [[ 15.85850438]
 [ 80.25439633]
 [ 57.2832875 ]
 [ 81.01125201]
 [ 72.03444028]
 [ 27.60427618]
 [ 36.35406745]
 [ 34.38619611]
 [ 45.33939582]
 [ 57.8977352 ]
 [ 29.22946657]
 [ 14.67822036]
 [ 61.62771526]
 [ 64.22290523]
 [ 65.72609631]
 [ 26.6265912 ]
 [ 33.77129932]
 [ 39.40626917]
 [ 65.88635803]
 [ 75.10222507]
 [ 32.70867925]
 [ 34.86710717]
 [ 59.69816401]
 [ 62.78281167]
 [ 83.55850084]
 [ 17.72507249]
 [ 16.6478929 ]
 [ 48.88266541]
 [ 51.45637751]
 [ 54.15500112]
 [ 18.5331755 ]
 [ 24.66742915]
 [ 28.45335532]
 [ 21.5376419 ]
 [ 13.86711892]
 [ 24.79180078]
 [ 45.31167003]
 [ 46.81915649]
 [119.82797976]
 [127.66001348]
 [ 20.46745449]
 [ 29.78350842]
 [ 29.96372484]
 [ 38.54225812]
 [ 49.30441803]
 [ 16.42454322]
 [ 23.01400631]
 [ 38.48129916]
 [ 60.1517048 ]
 [ 92.19458654]
 [ 16.30042621]
 [ 55.52086421]
 [ 53.35979275]
 [ 62.67287737]
 [ 72.17557417]
 [ 10.92404206]
 [ 16.09995444]
 [ 20.85715832]
 [ 21.98084633]
 [ 59.51684469]
 [ 10.71823617]
 [ 62.49529046]
 [ 72.39545374]
 [ 82.6378454 ]
 [ 79.55561431]
 [  9.54571824]
 [ 19.27393992]
 [ 20.8507232 ]
 [ 25.48825718]
 [ 90.49889976]
 [ 61.73773758]
 [ 52.73697823]
 [ 67.53779948]
 [ 75.87154309]
 [ 77.34843034]
 [ 16.77950331]
 [ 16.94170218]
 [ 28.28856115]
 [ 32.68121009]
 [106.28680988]
 [ 36.29960113]
 [ 38.29327081]
 [ 41.66073839]
 [101.20853979]
 [ 91.53660315]
 [ 37.78880103]
 [ 46.87103136]
 [ 43.08003362]
 [ 62.76072054]
 [ 49.30441803]
 [ 20.65927041]
 [ 30.78180359]
 [ 46.93869383]
 [ 28.88721245]
 [ 39.89555456]
 [ 28.41688655]
 [ 35.39962717]
 [ 90.49889976]
 [ 87.9633876 ]
 [105.57029197]]
Query step: 20
20:       x_0  x_1  x_2  y_0  y_1  y_2
703     1    1    1    1    1    1
729     1    1    2    1    1    1
11      0    1    2    0    1    2
1178    1    3    0    3    1    0
2636    1    9    1    3    3    3           f_res
703    5.053278
729    7.485411
11    11.217042
1178   9.887648
2636  52.624383
20: X_train und x_test:  [[6 1 4 1 1 1]
 [7 5 7 1 1 3]
 [5 6 8 2 3 1]
 [9 3 8 1 1 3]
 [5 6 5 3 2 3]
 [1 8 0 3 2 0]
 [1 7 0 3 3 0]
 [2 9 0 3 2 0]
 [2 8 0 3 3 0]
 [4 9 0 3 3 0]
 [0 1 1 0 2 3]
 [0 1 2 0 2 3]
 [0 1 7 0 3 3]
 [0 1 8 0 3 3]
 [0 1 9 0 3 3]
 [9 7 1 1 1 3]
 [9 9 2 1 1 3]
 [9 1 1 3 3 3]
 [9 9 1 2 3 3]
 [9 9 1 3 3 3]
 [2 1 9 3 1 1]
 [1 8 9 3 1 1]
 [2 1 9 3 1 2]
 [1 8 9 3 1 2]
 [2 1 9 3 1 3]
 [0 8 4 0 1 1]
 [0 9 3 0 1 1]
 [0 8 5 0 3 1]
 [1 9 4 1 3 1]
 [1 9 4 3 3 1]
 [8 2 0 1 1 0]
 [8 1 0 3 1 0]
 [9 2 0 3 1 0]
 [9 2 0 2 1 0]
 [9 3 0 1 1 0]
 [1 9 1 3 1 3]
 [9 7 6 3 1 1]
 [9 9 5 3 1 1]
 [9 7 9 3 3 3]
 [8 9 9 3 3 3]
 [0 1 9 0 1 1]
 [0 6 9 0 1 1]
 [0 7 9 0 1 1]
 [9 6 9 1 1 1]
 [9 9 9 2 1 1]
 [0 3 0 0 3 0]
 [9 1 5 1 3 1]
 [9 1 5 3 3 1]
 [9 9 5 1 3 1]
 [9 9 6 1 3 3]
 [1 1 5 3 1 1]
 [0 9 3 0 3 3]
 [9 1 4 3 1 3]
 [0 9 4 0 3 3]
 [0 9 5 0 3 3]
 [1 1 1 3 3 2]
 [2 1 1 3 3 3]
 [2 1 2 3 3 3]
 [1 2 2 3 3 3]
 [9 1 9 3 3 1]
 [0 8 0 0 1 0]
 [1 1 8 3 3 2]
 [2 1 7 3 3 3]
 [1 3 8 3 3 3]
 [2 1 9 3 3 3]
 [1 1 1 3 1 3]
 [9 3 0 1 3 0]
 [8 1 0 2 3 0]
 [9 2 0 2 3 0]
 [0 9 9 0 3 2]
 [0 1 7 0 1 3]
 [1 9 5 3 1 3]
 [0 1 9 0 1 3]
 [0 4 9 0 1 3]
 [0 5 9 0 1 3]
 [0 2 3 0 3 1]
 [0 7 1 0 1 3]
 [9 2 3 1 3 3]
 [9 3 3 1 3 3]
 [9 9 9 1 3 3]
 [9 6 2 3 1 1]
 [9 9 0 3 1 0]
 [9 9 2 3 1 1]
 [9 9 7 3 1 3]
 [9 9 9 3 3 1]
 [0 8 0 0 3 0]
 [9 2 9 1 3 1]
 [0 9 1 0 3 1]
 [9 1 9 1 3 2]
 [9 9 0 1 3 0]
 [9 1 2 1 1 3]
 [1 9 7 2 1 1]
 [0 9 7 0 1 2]
 [1 9 7 1 1 1]
 [9 1 7 3 1 1]
 [0 1 7 0 3 1]
 [0 1 9 0 3 1]
 [9 9 9 1 1 3]
 [1 9 6 3 3 3]
 [9 9 5 3 3 3]
 [1 1 1 1 1 1]
 [1 1 2 1 1 1]
 [0 1 2 0 1 2]
 [1 3 0 3 1 0]
 [1 9 1 3 3 3]] [[ 15.85850438]
 [ 80.25439633]
 [ 57.2832875 ]
 [ 81.01125201]
 [ 72.03444028]
 [ 27.60427618]
 [ 36.35406745]
 [ 34.38619611]
 [ 45.33939582]
 [ 57.8977352 ]
 [ 29.22946657]
 [ 14.67822036]
 [ 61.62771526]
 [ 64.22290523]
 [ 65.72609631]
 [ 26.6265912 ]
 [ 33.77129932]
 [ 39.40626917]
 [ 65.88635803]
 [ 75.10222507]
 [ 32.70867925]
 [ 34.86710717]
 [ 59.69816401]
 [ 62.78281167]
 [ 83.55850084]
 [ 17.72507249]
 [ 16.6478929 ]
 [ 48.88266541]
 [ 51.45637751]
 [ 54.15500112]
 [ 18.5331755 ]
 [ 24.66742915]
 [ 28.45335532]
 [ 21.5376419 ]
 [ 13.86711892]
 [ 24.79180078]
 [ 45.31167003]
 [ 46.81915649]
 [119.82797976]
 [127.66001348]
 [ 20.46745449]
 [ 29.78350842]
 [ 29.96372484]
 [ 38.54225812]
 [ 49.30441803]
 [ 16.42454322]
 [ 23.01400631]
 [ 38.48129916]
 [ 60.1517048 ]
 [ 92.19458654]
 [ 16.30042621]
 [ 55.52086421]
 [ 53.35979275]
 [ 62.67287737]
 [ 72.17557417]
 [ 10.92404206]
 [ 16.09995444]
 [ 20.85715832]
 [ 21.98084633]
 [ 59.51684469]
 [ 10.71823617]
 [ 62.49529046]
 [ 72.39545374]
 [ 82.6378454 ]
 [ 79.55561431]
 [  9.54571824]
 [ 19.27393992]
 [ 20.8507232 ]
 [ 25.48825718]
 [ 90.49889976]
 [ 61.73773758]
 [ 52.73697823]
 [ 67.53779948]
 [ 75.87154309]
 [ 77.34843034]
 [ 16.77950331]
 [ 16.94170218]
 [ 28.28856115]
 [ 32.68121009]
 [106.28680988]
 [ 36.29960113]
 [ 38.29327081]
 [ 41.66073839]
 [101.20853979]
 [ 91.53660315]
 [ 37.78880103]
 [ 46.87103136]
 [ 43.08003362]
 [ 62.76072054]
 [ 49.30441803]
 [ 20.65927041]
 [ 30.78180359]
 [ 46.93869383]
 [ 28.88721245]
 [ 39.89555456]
 [ 28.41688655]
 [ 35.39962717]
 [ 90.49889976]
 [ 87.9633876 ]
 [105.57029197]
 [  5.0532783 ]
 [  7.48541101]
 [ 11.21704165]
 [  9.88764837]
 [ 52.62438343]]
