step == 0 [14785, 13633, 15957, 18369, 12785]
0:        x_0  x_1  x_2  y_0  y_1  y_2
18369    9    6    2    2    1    1
15957    8    4    8    1    2    3
14785    7    8    8    2    1    3
12785    6    9    1    3    3    3
13633    7    3    8    3    2    3            f_res
18369  28.632953
15957  88.215233
14785  97.278995
12785  72.669838
13633  95.791011
0: X_train und x_test:  [[9 6 2 2 1 1]
 [8 4 8 1 2 3]
 [7 8 8 2 1 3]
 [6 9 1 3 3 3]
 [7 3 8 3 2 3]] [[28.63295313]
 [88.21523336]
 [97.27899486]
 [72.66983818]
 [95.79101063]]
Query step: 1
1:      x_0  x_1  x_2  y_0  y_1  y_2
154    0    3    0    0    3    0
1      0    1    0    0    3    0
230    0    4    0    0    3    0
311    0    5    0    0    3    0
392    0    6    0    0    3    0          f_res
154  16.424543
1     5.053278
230  20.270159
311  24.234466
392  28.736779
1: X_train und x_test:  [[9 6 2 2 1 1]
 [8 4 8 1 2 3]
 [7 8 8 2 1 3]
 [6 9 1 3 3 3]
 [7 3 8 3 2 3]
 [0 3 0 0 3 0]
 [0 1 0 0 3 0]
 [0 4 0 0 3 0]
 [0 5 0 0 3 0]
 [0 6 0 0 3 0]] [[28.63295313]
 [88.21523336]
 [97.27899486]
 [72.66983818]
 [95.79101063]
 [16.42454322]
 [ 5.0532783 ]
 [20.2701592 ]
 [24.23446589]
 [28.73677945]]
Query step: 2
2:       x_0  x_1  x_2  y_0  y_1  y_2
932     1    1    9    1    3    1
3065    2    1    9    1    3    1
223     0    3    9    0    2    1
5134    3    1    9    1    3    1
699     0    9    9    0    1    1           f_res
932   37.981037
3065  40.426504
223   38.869542
5134  41.679977
699   29.978375
2: X_train und x_test:  [[9 6 2 2 1 1]
 [8 4 8 1 2 3]
 [7 8 8 2 1 3]
 [6 9 1 3 3 3]
 [7 3 8 3 2 3]
 [0 3 0 0 3 0]
 [0 1 0 0 3 0]
 [0 4 0 0 3 0]
 [0 5 0 0 3 0]
 [0 6 0 0 3 0]
 [1 1 9 1 3 1]
 [2 1 9 1 3 1]
 [0 3 9 0 2 1]
 [3 1 9 1 3 1]
 [0 9 9 0 1 1]] [[28.63295313]
 [88.21523336]
 [97.27899486]
 [72.66983818]
 [95.79101063]
 [16.42454322]
 [ 5.0532783 ]
 [20.2701592 ]
 [24.23446589]
 [28.73677945]
 [37.98103679]
 [40.42650413]
 [38.86954178]
 [41.67997698]
 [29.97837532]]
Query step: 3
3:        x_0  x_1  x_2  y_0  y_1  y_2
33       0    1    4    0    3    2
19231    9    9    9    1    1    2
19223    9    9    8    3    1    2
19226    9    9    8    3    2    2
19220    9    9    8    2    3    2             f_res
33      24.241614
19231   67.544324
19223   76.130508
19226  100.864999
19220  109.074563
3: X_train und x_test:  [[9 6 2 2 1 1]
 [8 4 8 1 2 3]
 [7 8 8 2 1 3]
 [6 9 1 3 3 3]
 [7 3 8 3 2 3]
 [0 3 0 0 3 0]
 [0 1 0 0 3 0]
 [0 4 0 0 3 0]
 [0 5 0 0 3 0]
 [0 6 0 0 3 0]
 [1 1 9 1 3 1]
 [2 1 9 1 3 1]
 [0 3 9 0 2 1]
 [3 1 9 1 3 1]
 [0 9 9 0 1 1]
 [0 1 4 0 3 2]
 [9 9 9 1 1 2]
 [9 9 8 3 1 2]
 [9 9 8 3 2 2]
 [9 9 8 2 3 2]] [[ 28.63295313]
 [ 88.21523336]
 [ 97.27899486]
 [ 72.66983818]
 [ 95.79101063]
 [ 16.42454322]
 [  5.0532783 ]
 [ 20.2701592 ]
 [ 24.23446589]
 [ 28.73677945]
 [ 37.98103679]
 [ 40.42650413]
 [ 38.86954178]
 [ 41.67997698]
 [ 29.97837532]
 [ 24.24161377]
 [ 67.54432395]
 [ 76.13050802]
 [100.86499932]
 [109.0745631 ]]
Query step: 4
4:        x_0  x_1  x_2  y_0  y_1  y_2
4931     3    1    1    1    1    3
12988    7    1    1    1    1    3
4948     3    1    1    3    1    3
17145    9    1    1    2    1    3
15087    8    1    1    3    1    3            f_res
4931   10.781746
12988  15.441005
4948   18.949633
17145  28.650156
15087  33.691035
4: X_train und x_test:  [[9 6 2 2 1 1]
 [8 4 8 1 2 3]
 [7 8 8 2 1 3]
 [6 9 1 3 3 3]
 [7 3 8 3 2 3]
 [0 3 0 0 3 0]
 [0 1 0 0 3 0]
 [0 4 0 0 3 0]
 [0 5 0 0 3 0]
 [0 6 0 0 3 0]
 [1 1 9 1 3 1]
 [2 1 9 1 3 1]
 [0 3 9 0 2 1]
 [3 1 9 1 3 1]
 [0 9 9 0 1 1]
 [0 1 4 0 3 2]
 [9 9 9 1 1 2]
 [9 9 8 3 1 2]
 [9 9 8 3 2 2]
 [9 9 8 2 3 2]
 [3 1 1 1 1 3]
 [7 1 1 1 1 3]
 [3 1 1 3 1 3]
 [9 1 1 2 1 3]
 [8 1 1 3 1 3]] [[ 28.63295313]
 [ 88.21523336]
 [ 97.27899486]
 [ 72.66983818]
 [ 95.79101063]
 [ 16.42454322]
 [  5.0532783 ]
 [ 20.2701592 ]
 [ 24.23446589]
 [ 28.73677945]
 [ 37.98103679]
 [ 40.42650413]
 [ 38.86954178]
 [ 41.67997698]
 [ 29.97837532]
 [ 24.24161377]
 [ 67.54432395]
 [ 76.13050802]
 [100.86499932]
 [109.0745631 ]
 [ 10.78174635]
 [ 15.44100488]
 [ 18.94963297]
 [ 28.65015592]
 [ 33.69103465]]
Query step: 5
5:        x_0  x_1  x_2  y_0  y_1  y_2
12985    7    1    0    3    3    0
15544    8    3    0    3    3    0
18102    9    5    0    3    3    0
18333    9    6    0    3    3    0
18555    9    7    0    3    3    0            f_res
12985  24.466768
15544  33.260515
18102  43.082192
18333  47.910048
18555  53.843623
5: X_train und x_test:  [[9 6 2 2 1 1]
 [8 4 8 1 2 3]
 [7 8 8 2 1 3]
 [6 9 1 3 3 3]
 [7 3 8 3 2 3]
 [0 3 0 0 3 0]
 [0 1 0 0 3 0]
 [0 4 0 0 3 0]
 [0 5 0 0 3 0]
 [0 6 0 0 3 0]
 [1 1 9 1 3 1]
 [2 1 9 1 3 1]
 [0 3 9 0 2 1]
 [3 1 9 1 3 1]
 [0 9 9 0 1 1]
 [0 1 4 0 3 2]
 [9 9 9 1 1 2]
 [9 9 8 3 1 2]
 [9 9 8 3 2 2]
 [9 9 8 2 3 2]
 [3 1 1 1 1 3]
 [7 1 1 1 1 3]
 [3 1 1 3 1 3]
 [9 1 1 2 1 3]
 [8 1 1 3 1 3]
 [7 1 0 3 3 0]
 [8 3 0 3 3 0]
 [9 5 0 3 3 0]
 [9 6 0 3 3 0]
 [9 7 0 3 3 0]] [[ 28.63295313]
 [ 88.21523336]
 [ 97.27899486]
 [ 72.66983818]
 [ 95.79101063]
 [ 16.42454322]
 [  5.0532783 ]
 [ 20.2701592 ]
 [ 24.23446589]
 [ 28.73677945]
 [ 37.98103679]
 [ 40.42650413]
 [ 38.86954178]
 [ 41.67997698]
 [ 29.97837532]
 [ 24.24161377]
 [ 67.54432395]
 [ 76.13050802]
 [100.86499932]
 [109.0745631 ]
 [ 10.78174635]
 [ 15.44100488]
 [ 18.94963297]
 [ 28.65015592]
 [ 33.69103465]
 [ 24.46676826]
 [ 33.26051536]
 [ 43.08219245]
 [ 47.91004803]
 [ 53.84362331]]
Query step: 6
6:       x_0  x_1  x_2  y_0  y_1  y_2
1194    1    3    0    3    1    0
1432    1    4    0    3    1    0
1671    1    5    0    3    1    0
1912    1    6    0    3    1    0
698     0    9    8    0    3    3           f_res
1194   9.887648
1432  11.720069
1671  12.886991
1912  13.496060
698   92.014705
6: X_train und x_test:  [[9 6 2 2 1 1]
 [8 4 8 1 2 3]
 [7 8 8 2 1 3]
 [6 9 1 3 3 3]
 [7 3 8 3 2 3]
 [0 3 0 0 3 0]
 [0 1 0 0 3 0]
 [0 4 0 0 3 0]
 [0 5 0 0 3 0]
 [0 6 0 0 3 0]
 [1 1 9 1 3 1]
 [2 1 9 1 3 1]
 [0 3 9 0 2 1]
 [3 1 9 1 3 1]
 [0 9 9 0 1 1]
 [0 1 4 0 3 2]
 [9 9 9 1 1 2]
 [9 9 8 3 1 2]
 [9 9 8 3 2 2]
 [9 9 8 2 3 2]
 [3 1 1 1 1 3]
 [7 1 1 1 1 3]
 [3 1 1 3 1 3]
 [9 1 1 2 1 3]
 [8 1 1 3 1 3]
 [7 1 0 3 3 0]
 [8 3 0 3 3 0]
 [9 5 0 3 3 0]
 [9 6 0 3 3 0]
 [9 7 0 3 3 0]
 [1 3 0 3 1 0]
 [1 4 0 3 1 0]
 [1 5 0 3 1 0]
 [1 6 0 3 1 0]
 [0 9 8 0 3 3]] [[ 28.63295313]
 [ 88.21523336]
 [ 97.27899486]
 [ 72.66983818]
 [ 95.79101063]
 [ 16.42454322]
 [  5.0532783 ]
 [ 20.2701592 ]
 [ 24.23446589]
 [ 28.73677945]
 [ 37.98103679]
 [ 40.42650413]
 [ 38.86954178]
 [ 41.67997698]
 [ 29.97837532]
 [ 24.24161377]
 [ 67.54432395]
 [ 76.13050802]
 [100.86499932]
 [109.0745631 ]
 [ 10.78174635]
 [ 15.44100488]
 [ 18.94963297]
 [ 28.65015592]
 [ 33.69103465]
 [ 24.46676826]
 [ 33.26051536]
 [ 43.08219245]
 [ 47.91004803]
 [ 53.84362331]
 [  9.88764837]
 [ 11.72006926]
 [ 12.88699135]
 [ 13.49605961]
 [ 92.01470536]]
Query step: 7
7:        x_0  x_1  x_2  y_0  y_1  y_2
632      0    9    1    0    2    3
7148     4    1    9    3    1    1
9135     5    1    9    3    1    1
11149    6    1    9    3    1    1
13205    7    1    9    3    1    1            f_res
632    33.083039
7148   39.230909
9135   40.790031
11149  42.232800
13205  43.844011
7: X_train und x_test:  [[9 6 2 2 1 1]
 [8 4 8 1 2 3]
 [7 8 8 2 1 3]
 [6 9 1 3 3 3]
 [7 3 8 3 2 3]
 [0 3 0 0 3 0]
 [0 1 0 0 3 0]
 [0 4 0 0 3 0]
 [0 5 0 0 3 0]
 [0 6 0 0 3 0]
 [1 1 9 1 3 1]
 [2 1 9 1 3 1]
 [0 3 9 0 2 1]
 [3 1 9 1 3 1]
 [0 9 9 0 1 1]
 [0 1 4 0 3 2]
 [9 9 9 1 1 2]
 [9 9 8 3 1 2]
 [9 9 8 3 2 2]
 [9 9 8 2 3 2]
 [3 1 1 1 1 3]
 [7 1 1 1 1 3]
 [3 1 1 3 1 3]
 [9 1 1 2 1 3]
 [8 1 1 3 1 3]
 [7 1 0 3 3 0]
 [8 3 0 3 3 0]
 [9 5 0 3 3 0]
 [9 6 0 3 3 0]
 [9 7 0 3 3 0]
 [1 3 0 3 1 0]
 [1 4 0 3 1 0]
 [1 5 0 3 1 0]
 [1 6 0 3 1 0]
 [0 9 8 0 3 3]
 [0 9 1 0 2 3]
 [4 1 9 3 1 1]
 [5 1 9 3 1 1]
 [6 1 9 3 1 1]
 [7 1 9 3 1 1]] [[ 28.63295313]
 [ 88.21523336]
 [ 97.27899486]
 [ 72.66983818]
 [ 95.79101063]
 [ 16.42454322]
 [  5.0532783 ]
 [ 20.2701592 ]
 [ 24.23446589]
 [ 28.73677945]
 [ 37.98103679]
 [ 40.42650413]
 [ 38.86954178]
 [ 41.67997698]
 [ 29.97837532]
 [ 24.24161377]
 [ 67.54432395]
 [ 76.13050802]
 [100.86499932]
 [109.0745631 ]
 [ 10.78174635]
 [ 15.44100488]
 [ 18.94963297]
 [ 28.65015592]
 [ 33.69103465]
 [ 24.46676826]
 [ 33.26051536]
 [ 43.08219245]
 [ 47.91004803]
 [ 53.84362331]
 [  9.88764837]
 [ 11.72006926]
 [ 12.88699135]
 [ 13.49605961]
 [ 92.01470536]
 [ 33.08303914]
 [ 39.23090915]
 [ 40.79003106]
 [ 42.23279962]
 [ 43.8440112 ]]
Query step: 8
8:        x_0  x_1  x_2  y_0  y_1  y_2
624      0    9    0    0    1    0
17159    9    1    1    3    3    3
2557     1    8    7    3    3    1
2581     1    8    8    3    3    1
2743     1    9    5    3    3    1            f_res
624    11.884589
17159  39.406269
2557   58.655475
2581   64.539239
2743   56.468685
8: X_train und x_test:  [[9 6 2 2 1 1]
 [8 4 8 1 2 3]
 [7 8 8 2 1 3]
 [6 9 1 3 3 3]
 [7 3 8 3 2 3]
 [0 3 0 0 3 0]
 [0 1 0 0 3 0]
 [0 4 0 0 3 0]
 [0 5 0 0 3 0]
 [0 6 0 0 3 0]
 [1 1 9 1 3 1]
 [2 1 9 1 3 1]
 [0 3 9 0 2 1]
 [3 1 9 1 3 1]
 [0 9 9 0 1 1]
 [0 1 4 0 3 2]
 [9 9 9 1 1 2]
 [9 9 8 3 1 2]
 [9 9 8 3 2 2]
 [9 9 8 2 3 2]
 [3 1 1 1 1 3]
 [7 1 1 1 1 3]
 [3 1 1 3 1 3]
 [9 1 1 2 1 3]
 [8 1 1 3 1 3]
 [7 1 0 3 3 0]
 [8 3 0 3 3 0]
 [9 5 0 3 3 0]
 [9 6 0 3 3 0]
 [9 7 0 3 3 0]
 [1 3 0 3 1 0]
 [1 4 0 3 1 0]
 [1 5 0 3 1 0]
 [1 6 0 3 1 0]
 [0 9 8 0 3 3]
 [0 9 1 0 2 3]
 [4 1 9 3 1 1]
 [5 1 9 3 1 1]
 [6 1 9 3 1 1]
 [7 1 9 3 1 1]
 [0 9 0 0 1 0]
 [9 1 1 3 3 3]
 [1 8 7 3 3 1]
 [1 8 8 3 3 1]
 [1 9 5 3 3 1]] [[ 28.63295313]
 [ 88.21523336]
 [ 97.27899486]
 [ 72.66983818]
 [ 95.79101063]
 [ 16.42454322]
 [  5.0532783 ]
 [ 20.2701592 ]
 [ 24.23446589]
 [ 28.73677945]
 [ 37.98103679]
 [ 40.42650413]
 [ 38.86954178]
 [ 41.67997698]
 [ 29.97837532]
 [ 24.24161377]
 [ 67.54432395]
 [ 76.13050802]
 [100.86499932]
 [109.0745631 ]
 [ 10.78174635]
 [ 15.44100488]
 [ 18.94963297]
 [ 28.65015592]
 [ 33.69103465]
 [ 24.46676826]
 [ 33.26051536]
 [ 43.08219245]
 [ 47.91004803]
 [ 53.84362331]
 [  9.88764837]
 [ 11.72006926]
 [ 12.88699135]
 [ 13.49605961]
 [ 92.01470536]
 [ 33.08303914]
 [ 39.23090915]
 [ 40.79003106]
 [ 42.23279962]
 [ 43.8440112 ]
 [ 11.88458867]
 [ 39.40626917]
 [ 58.65547475]
 [ 64.53923892]
 [ 56.4686853 ]]
Query step: 9
9:       x_0  x_1  x_2  y_0  y_1  y_2
46      0    1    6    0    1    3
132     0    2    7    0    1    3
215     0    3    8    0    1    3
74      0    1    9    0    2    3
1165    1    2    9    1    1    3           f_res
46    55.425631
132   65.233244
215   71.473363
74    68.177248
1165  74.246572
9: X_train und x_test:  [[9 6 2 2 1 1]
 [8 4 8 1 2 3]
 [7 8 8 2 1 3]
 [6 9 1 3 3 3]
 [7 3 8 3 2 3]
 [0 3 0 0 3 0]
 [0 1 0 0 3 0]
 [0 4 0 0 3 0]
 [0 5 0 0 3 0]
 [0 6 0 0 3 0]
 [1 1 9 1 3 1]
 [2 1 9 1 3 1]
 [0 3 9 0 2 1]
 [3 1 9 1 3 1]
 [0 9 9 0 1 1]
 [0 1 4 0 3 2]
 [9 9 9 1 1 2]
 [9 9 8 3 1 2]
 [9 9 8 3 2 2]
 [9 9 8 2 3 2]
 [3 1 1 1 1 3]
 [7 1 1 1 1 3]
 [3 1 1 3 1 3]
 [9 1 1 2 1 3]
 [8 1 1 3 1 3]
 [7 1 0 3 3 0]
 [8 3 0 3 3 0]
 [9 5 0 3 3 0]
 [9 6 0 3 3 0]
 [9 7 0 3 3 0]
 [1 3 0 3 1 0]
 [1 4 0 3 1 0]
 [1 5 0 3 1 0]
 [1 6 0 3 1 0]
 [0 9 8 0 3 3]
 [0 9 1 0 2 3]
 [4 1 9 3 1 1]
 [5 1 9 3 1 1]
 [6 1 9 3 1 1]
 [7 1 9 3 1 1]
 [0 9 0 0 1 0]
 [9 1 1 3 3 3]
 [1 8 7 3 3 1]
 [1 8 8 3 3 1]
 [1 9 5 3 3 1]
 [0 1 6 0 1 3]
 [0 2 7 0 1 3]
 [0 3 8 0 1 3]
 [0 1 9 0 2 3]
 [1 2 9 1 1 3]] [[ 28.63295313]
 [ 88.21523336]
 [ 97.27899486]
 [ 72.66983818]
 [ 95.79101063]
 [ 16.42454322]
 [  5.0532783 ]
 [ 20.2701592 ]
 [ 24.23446589]
 [ 28.73677945]
 [ 37.98103679]
 [ 40.42650413]
 [ 38.86954178]
 [ 41.67997698]
 [ 29.97837532]
 [ 24.24161377]
 [ 67.54432395]
 [ 76.13050802]
 [100.86499932]
 [109.0745631 ]
 [ 10.78174635]
 [ 15.44100488]
 [ 18.94963297]
 [ 28.65015592]
 [ 33.69103465]
 [ 24.46676826]
 [ 33.26051536]
 [ 43.08219245]
 [ 47.91004803]
 [ 53.84362331]
 [  9.88764837]
 [ 11.72006926]
 [ 12.88699135]
 [ 13.49605961]
 [ 92.01470536]
 [ 33.08303914]
 [ 39.23090915]
 [ 40.79003106]
 [ 42.23279962]
 [ 43.8440112 ]
 [ 11.88458867]
 [ 39.40626917]
 [ 58.65547475]
 [ 64.53923892]
 [ 56.4686853 ]
 [ 55.42563087]
 [ 65.23324366]
 [ 71.47336349]
 [ 68.17724845]
 [ 74.24657233]]
Query step: 10
10:        x_0  x_1  x_2  y_0  y_1  y_2
17126    9    1    0    1    2    0
2636     1    9    1    3    1    3
16903    8    9    1    1    1    3
19047    9    9    2    1    1    3
16920    8    9    1    3    1    3            f_res
17126  43.831584
2636   24.791801
16903  30.132162
19047  33.771299
16920  45.290355
10: X_train und x_test:  [[9 6 2 2 1 1]
 [8 4 8 1 2 3]
 [7 8 8 2 1 3]
 [6 9 1 3 3 3]
 [7 3 8 3 2 3]
 [0 3 0 0 3 0]
 [0 1 0 0 3 0]
 [0 4 0 0 3 0]
 [0 5 0 0 3 0]
 [0 6 0 0 3 0]
 [1 1 9 1 3 1]
 [2 1 9 1 3 1]
 [0 3 9 0 2 1]
 [3 1 9 1 3 1]
 [0 9 9 0 1 1]
 [0 1 4 0 3 2]
 [9 9 9 1 1 2]
 [9 9 8 3 1 2]
 [9 9 8 3 2 2]
 [9 9 8 2 3 2]
 [3 1 1 1 1 3]
 [7 1 1 1 1 3]
 [3 1 1 3 1 3]
 [9 1 1 2 1 3]
 [8 1 1 3 1 3]
 [7 1 0 3 3 0]
 [8 3 0 3 3 0]
 [9 5 0 3 3 0]
 [9 6 0 3 3 0]
 [9 7 0 3 3 0]
 [1 3 0 3 1 0]
 [1 4 0 3 1 0]
 [1 5 0 3 1 0]
 [1 6 0 3 1 0]
 [0 9 8 0 3 3]
 [0 9 1 0 2 3]
 [4 1 9 3 1 1]
 [5 1 9 3 1 1]
 [6 1 9 3 1 1]
 [7 1 9 3 1 1]
 [0 9 0 0 1 0]
 [9 1 1 3 3 3]
 [1 8 7 3 3 1]
 [1 8 8 3 3 1]
 [1 9 5 3 3 1]
 [0 1 6 0 1 3]
 [0 2 7 0 1 3]
 [0 3 8 0 1 3]
 [0 1 9 0 2 3]
 [1 2 9 1 1 3]
 [9 1 0 1 2 0]
 [1 9 1 3 1 3]
 [8 9 1 1 1 3]
 [9 9 2 1 1 3]
 [8 9 1 3 1 3]] [[ 28.63295313]
 [ 88.21523336]
 [ 97.27899486]
 [ 72.66983818]
 [ 95.79101063]
 [ 16.42454322]
 [  5.0532783 ]
 [ 20.2701592 ]
 [ 24.23446589]
 [ 28.73677945]
 [ 37.98103679]
 [ 40.42650413]
 [ 38.86954178]
 [ 41.67997698]
 [ 29.97837532]
 [ 24.24161377]
 [ 67.54432395]
 [ 76.13050802]
 [100.86499932]
 [109.0745631 ]
 [ 10.78174635]
 [ 15.44100488]
 [ 18.94963297]
 [ 28.65015592]
 [ 33.69103465]
 [ 24.46676826]
 [ 33.26051536]
 [ 43.08219245]
 [ 47.91004803]
 [ 53.84362331]
 [  9.88764837]
 [ 11.72006926]
 [ 12.88699135]
 [ 13.49605961]
 [ 92.01470536]
 [ 33.08303914]
 [ 39.23090915]
 [ 40.79003106]
 [ 42.23279962]
 [ 43.8440112 ]
 [ 11.88458867]
 [ 39.40626917]
 [ 58.65547475]
 [ 64.53923892]
 [ 56.4686853 ]
 [ 55.42563087]
 [ 65.23324366]
 [ 71.47336349]
 [ 68.17724845]
 [ 74.24657233]
 [ 43.83158372]
 [ 24.79180078]
 [ 30.13216229]
 [ 33.77129932]
 [ 45.29035497]]
Query step: 11
11:        x_0  x_1  x_2  y_0  y_1  y_2
17237    9    1    5    1    1    1
19010    9    9    0    1    1    0
17464    9    2    4    1    3    1
17490    9    2    5    1    3    1
17481    9    2    4    3    3    1            f_res
17237  19.430938
19010  22.988366
17464  23.338795
17490  25.071910
17481  40.803266
11: X_train und x_test:  [[9 6 2 2 1 1]
 [8 4 8 1 2 3]
 [7 8 8 2 1 3]
 [6 9 1 3 3 3]
 [7 3 8 3 2 3]
 [0 3 0 0 3 0]
 [0 1 0 0 3 0]
 [0 4 0 0 3 0]
 [0 5 0 0 3 0]
 [0 6 0 0 3 0]
 [1 1 9 1 3 1]
 [2 1 9 1 3 1]
 [0 3 9 0 2 1]
 [3 1 9 1 3 1]
 [0 9 9 0 1 1]
 [0 1 4 0 3 2]
 [9 9 9 1 1 2]
 [9 9 8 3 1 2]
 [9 9 8 3 2 2]
 [9 9 8 2 3 2]
 [3 1 1 1 1 3]
 [7 1 1 1 1 3]
 [3 1 1 3 1 3]
 [9 1 1 2 1 3]
 [8 1 1 3 1 3]
 [7 1 0 3 3 0]
 [8 3 0 3 3 0]
 [9 5 0 3 3 0]
 [9 6 0 3 3 0]
 [9 7 0 3 3 0]
 [1 3 0 3 1 0]
 [1 4 0 3 1 0]
 [1 5 0 3 1 0]
 [1 6 0 3 1 0]
 [0 9 8 0 3 3]
 [0 9 1 0 2 3]
 [4 1 9 3 1 1]
 [5 1 9 3 1 1]
 [6 1 9 3 1 1]
 [7 1 9 3 1 1]
 [0 9 0 0 1 0]
 [9 1 1 3 3 3]
 [1 8 7 3 3 1]
 [1 8 8 3 3 1]
 [1 9 5 3 3 1]
 [0 1 6 0 1 3]
 [0 2 7 0 1 3]
 [0 3 8 0 1 3]
 [0 1 9 0 2 3]
 [1 2 9 1 1 3]
 [9 1 0 1 2 0]
 [1 9 1 3 1 3]
 [8 9 1 1 1 3]
 [9 9 2 1 1 3]
 [8 9 1 3 1 3]
 [9 1 5 1 1 1]
 [9 9 0 1 1 0]
 [9 2 4 1 3 1]
 [9 2 5 1 3 1]
 [9 2 4 3 3 1]] [[ 28.63295313]
 [ 88.21523336]
 [ 97.27899486]
 [ 72.66983818]
 [ 95.79101063]
 [ 16.42454322]
 [  5.0532783 ]
 [ 20.2701592 ]
 [ 24.23446589]
 [ 28.73677945]
 [ 37.98103679]
 [ 40.42650413]
 [ 38.86954178]
 [ 41.67997698]
 [ 29.97837532]
 [ 24.24161377]
 [ 67.54432395]
 [ 76.13050802]
 [100.86499932]
 [109.0745631 ]
 [ 10.78174635]
 [ 15.44100488]
 [ 18.94963297]
 [ 28.65015592]
 [ 33.69103465]
 [ 24.46676826]
 [ 33.26051536]
 [ 43.08219245]
 [ 47.91004803]
 [ 53.84362331]
 [  9.88764837]
 [ 11.72006926]
 [ 12.88699135]
 [ 13.49605961]
 [ 92.01470536]
 [ 33.08303914]
 [ 39.23090915]
 [ 40.79003106]
 [ 42.23279962]
 [ 43.8440112 ]
 [ 11.88458867]
 [ 39.40626917]
 [ 58.65547475]
 [ 64.53923892]
 [ 56.4686853 ]
 [ 55.42563087]
 [ 65.23324366]
 [ 71.47336349]
 [ 68.17724845]
 [ 74.24657233]
 [ 43.83158372]
 [ 24.79180078]
 [ 30.13216229]
 [ 33.77129932]
 [ 45.29035497]
 [ 19.430938  ]
 [ 22.9883661 ]
 [ 23.33879464]
 [ 25.0719102 ]
 [ 40.8032664 ]]
Query step: 12
12:       x_0  x_1  x_2  y_0  y_1  y_2
1084    1    2    5    3    3    3
1318    1    3    5    3    3    3
1556    1    4    5    3    3    3
1797    1    5    5    3    3    3
2771    1    9    6    3    3    3           f_res
1084  48.714311
1318  53.490175
1556  58.981913
1797  64.559120
2771  87.963388
12: X_train und x_test:  [[9 6 2 2 1 1]
 [8 4 8 1 2 3]
 [7 8 8 2 1 3]
 [6 9 1 3 3 3]
 [7 3 8 3 2 3]
 [0 3 0 0 3 0]
 [0 1 0 0 3 0]
 [0 4 0 0 3 0]
 [0 5 0 0 3 0]
 [0 6 0 0 3 0]
 [1 1 9 1 3 1]
 [2 1 9 1 3 1]
 [0 3 9 0 2 1]
 [3 1 9 1 3 1]
 [0 9 9 0 1 1]
 [0 1 4 0 3 2]
 [9 9 9 1 1 2]
 [9 9 8 3 1 2]
 [9 9 8 3 2 2]
 [9 9 8 2 3 2]
 [3 1 1 1 1 3]
 [7 1 1 1 1 3]
 [3 1 1 3 1 3]
 [9 1 1 2 1 3]
 [8 1 1 3 1 3]
 [7 1 0 3 3 0]
 [8 3 0 3 3 0]
 [9 5 0 3 3 0]
 [9 6 0 3 3 0]
 [9 7 0 3 3 0]
 [1 3 0 3 1 0]
 [1 4 0 3 1 0]
 [1 5 0 3 1 0]
 [1 6 0 3 1 0]
 [0 9 8 0 3 3]
 [0 9 1 0 2 3]
 [4 1 9 3 1 1]
 [5 1 9 3 1 1]
 [6 1 9 3 1 1]
 [7 1 9 3 1 1]
 [0 9 0 0 1 0]
 [9 1 1 3 3 3]
 [1 8 7 3 3 1]
 [1 8 8 3 3 1]
 [1 9 5 3 3 1]
 [0 1 6 0 1 3]
 [0 2 7 0 1 3]
 [0 3 8 0 1 3]
 [0 1 9 0 2 3]
 [1 2 9 1 1 3]
 [9 1 0 1 2 0]
 [1 9 1 3 1 3]
 [8 9 1 1 1 3]
 [9 9 2 1 1 3]
 [8 9 1 3 1 3]
 [9 1 5 1 1 1]
 [9 9 0 1 1 0]
 [9 2 4 1 3 1]
 [9 2 5 1 3 1]
 [9 2 4 3 3 1]
 [1 2 5 3 3 3]
 [1 3 5 3 3 3]
 [1 4 5 3 3 3]
 [1 5 5 3 3 3]
 [1 9 6 3 3 3]] [[ 28.63295313]
 [ 88.21523336]
 [ 97.27899486]
 [ 72.66983818]
 [ 95.79101063]
 [ 16.42454322]
 [  5.0532783 ]
 [ 20.2701592 ]
 [ 24.23446589]
 [ 28.73677945]
 [ 37.98103679]
 [ 40.42650413]
 [ 38.86954178]
 [ 41.67997698]
 [ 29.97837532]
 [ 24.24161377]
 [ 67.54432395]
 [ 76.13050802]
 [100.86499932]
 [109.0745631 ]
 [ 10.78174635]
 [ 15.44100488]
 [ 18.94963297]
 [ 28.65015592]
 [ 33.69103465]
 [ 24.46676826]
 [ 33.26051536]
 [ 43.08219245]
 [ 47.91004803]
 [ 53.84362331]
 [  9.88764837]
 [ 11.72006926]
 [ 12.88699135]
 [ 13.49605961]
 [ 92.01470536]
 [ 33.08303914]
 [ 39.23090915]
 [ 40.79003106]
 [ 42.23279962]
 [ 43.8440112 ]
 [ 11.88458867]
 [ 39.40626917]
 [ 58.65547475]
 [ 64.53923892]
 [ 56.4686853 ]
 [ 55.42563087]
 [ 65.23324366]
 [ 71.47336349]
 [ 68.17724845]
 [ 74.24657233]
 [ 43.83158372]
 [ 24.79180078]
 [ 30.13216229]
 [ 33.77129932]
 [ 45.29035497]
 [ 19.430938  ]
 [ 22.9883661 ]
 [ 23.33879464]
 [ 25.0719102 ]
 [ 40.8032664 ]
 [ 48.71431106]
 [ 53.49017512]
 [ 58.98191259]
 [ 64.55911994]
 [ 87.9633876 ]]
Query step: 13
13:       x_0  x_1  x_2  y_0  y_1  y_2
583     0    8    5    0    1    1
2502    1    8    5    3    1    1
2839    1    9    9    3    1    1
2789    1    9    7    3    1    1
669     0    9    5    0    3    1           f_res
583   20.144531
2502  25.600170
2839  35.472568
2789  31.323866
669   51.833830
13: X_train und x_test:  [[9 6 2 2 1 1]
 [8 4 8 1 2 3]
 [7 8 8 2 1 3]
 [6 9 1 3 3 3]
 [7 3 8 3 2 3]
 [0 3 0 0 3 0]
 [0 1 0 0 3 0]
 [0 4 0 0 3 0]
 [0 5 0 0 3 0]
 [0 6 0 0 3 0]
 [1 1 9 1 3 1]
 [2 1 9 1 3 1]
 [0 3 9 0 2 1]
 [3 1 9 1 3 1]
 [0 9 9 0 1 1]
 [0 1 4 0 3 2]
 [9 9 9 1 1 2]
 [9 9 8 3 1 2]
 [9 9 8 3 2 2]
 [9 9 8 2 3 2]
 [3 1 1 1 1 3]
 [7 1 1 1 1 3]
 [3 1 1 3 1 3]
 [9 1 1 2 1 3]
 [8 1 1 3 1 3]
 [7 1 0 3 3 0]
 [8 3 0 3 3 0]
 [9 5 0 3 3 0]
 [9 6 0 3 3 0]
 [9 7 0 3 3 0]
 [1 3 0 3 1 0]
 [1 4 0 3 1 0]
 [1 5 0 3 1 0]
 [1 6 0 3 1 0]
 [0 9 8 0 3 3]
 [0 9 1 0 2 3]
 [4 1 9 3 1 1]
 [5 1 9 3 1 1]
 [6 1 9 3 1 1]
 [7 1 9 3 1 1]
 [0 9 0 0 1 0]
 [9 1 1 3 3 3]
 [1 8 7 3 3 1]
 [1 8 8 3 3 1]
 [1 9 5 3 3 1]
 [0 1 6 0 1 3]
 [0 2 7 0 1 3]
 [0 3 8 0 1 3]
 [0 1 9 0 2 3]
 [1 2 9 1 1 3]
 [9 1 0 1 2 0]
 [1 9 1 3 1 3]
 [8 9 1 1 1 3]
 [9 9 2 1 1 3]
 [8 9 1 3 1 3]
 [9 1 5 1 1 1]
 [9 9 0 1 1 0]
 [9 2 4 1 3 1]
 [9 2 5 1 3 1]
 [9 2 4 3 3 1]
 [1 2 5 3 3 3]
 [1 3 5 3 3 3]
 [1 4 5 3 3 3]
 [1 5 5 3 3 3]
 [1 9 6 3 3 3]
 [0 8 5 0 1 1]
 [1 8 5 3 1 1]
 [1 9 9 3 1 1]
 [1 9 7 3 1 1]
 [0 9 5 0 3 1]] [[ 28.63295313]
 [ 88.21523336]
 [ 97.27899486]
 [ 72.66983818]
 [ 95.79101063]
 [ 16.42454322]
 [  5.0532783 ]
 [ 20.2701592 ]
 [ 24.23446589]
 [ 28.73677945]
 [ 37.98103679]
 [ 40.42650413]
 [ 38.86954178]
 [ 41.67997698]
 [ 29.97837532]
 [ 24.24161377]
 [ 67.54432395]
 [ 76.13050802]
 [100.86499932]
 [109.0745631 ]
 [ 10.78174635]
 [ 15.44100488]
 [ 18.94963297]
 [ 28.65015592]
 [ 33.69103465]
 [ 24.46676826]
 [ 33.26051536]
 [ 43.08219245]
 [ 47.91004803]
 [ 53.84362331]
 [  9.88764837]
 [ 11.72006926]
 [ 12.88699135]
 [ 13.49605961]
 [ 92.01470536]
 [ 33.08303914]
 [ 39.23090915]
 [ 40.79003106]
 [ 42.23279962]
 [ 43.8440112 ]
 [ 11.88458867]
 [ 39.40626917]
 [ 58.65547475]
 [ 64.53923892]
 [ 56.4686853 ]
 [ 55.42563087]
 [ 65.23324366]
 [ 71.47336349]
 [ 68.17724845]
 [ 74.24657233]
 [ 43.83158372]
 [ 24.79180078]
 [ 30.13216229]
 [ 33.77129932]
 [ 45.29035497]
 [ 19.430938  ]
 [ 22.9883661 ]
 [ 23.33879464]
 [ 25.0719102 ]
 [ 40.8032664 ]
 [ 48.71431106]
 [ 53.49017512]
 [ 58.98191259]
 [ 64.55911994]
 [ 87.9633876 ]
 [ 20.14453105]
 [ 25.60017027]
 [ 35.47256762]
 [ 31.32386572]
 [ 51.83383001]]
Query step: 14
14:        x_0  x_1  x_2  y_0  y_1  y_2
9        0    1    1    0    3    3
18302    9    5    9    1    1    1
18342    9    6    1    1    3    3
17299    9    1    7    1    3    3
18530    9    6    9    1    3    1            f_res
9       7.654147
18302  37.596261
18342  40.419084
17299  64.685427
18530  63.688478
14: X_train und x_test:  [[9 6 2 2 1 1]
 [8 4 8 1 2 3]
 [7 8 8 2 1 3]
 [6 9 1 3 3 3]
 [7 3 8 3 2 3]
 [0 3 0 0 3 0]
 [0 1 0 0 3 0]
 [0 4 0 0 3 0]
 [0 5 0 0 3 0]
 [0 6 0 0 3 0]
 [1 1 9 1 3 1]
 [2 1 9 1 3 1]
 [0 3 9 0 2 1]
 [3 1 9 1 3 1]
 [0 9 9 0 1 1]
 [0 1 4 0 3 2]
 [9 9 9 1 1 2]
 [9 9 8 3 1 2]
 [9 9 8 3 2 2]
 [9 9 8 2 3 2]
 [3 1 1 1 1 3]
 [7 1 1 1 1 3]
 [3 1 1 3 1 3]
 [9 1 1 2 1 3]
 [8 1 1 3 1 3]
 [7 1 0 3 3 0]
 [8 3 0 3 3 0]
 [9 5 0 3 3 0]
 [9 6 0 3 3 0]
 [9 7 0 3 3 0]
 [1 3 0 3 1 0]
 [1 4 0 3 1 0]
 [1 5 0 3 1 0]
 [1 6 0 3 1 0]
 [0 9 8 0 3 3]
 [0 9 1 0 2 3]
 [4 1 9 3 1 1]
 [5 1 9 3 1 1]
 [6 1 9 3 1 1]
 [7 1 9 3 1 1]
 [0 9 0 0 1 0]
 [9 1 1 3 3 3]
 [1 8 7 3 3 1]
 [1 8 8 3 3 1]
 [1 9 5 3 3 1]
 [0 1 6 0 1 3]
 [0 2 7 0 1 3]
 [0 3 8 0 1 3]
 [0 1 9 0 2 3]
 [1 2 9 1 1 3]
 [9 1 0 1 2 0]
 [1 9 1 3 1 3]
 [8 9 1 1 1 3]
 [9 9 2 1 1 3]
 [8 9 1 3 1 3]
 [9 1 5 1 1 1]
 [9 9 0 1 1 0]
 [9 2 4 1 3 1]
 [9 2 5 1 3 1]
 [9 2 4 3 3 1]
 [1 2 5 3 3 3]
 [1 3 5 3 3 3]
 [1 4 5 3 3 3]
 [1 5 5 3 3 3]
 [1 9 6 3 3 3]
 [0 8 5 0 1 1]
 [1 8 5 3 1 1]
 [1 9 9 3 1 1]
 [1 9 7 3 1 1]
 [0 9 5 0 3 1]
 [0 1 1 0 3 3]
 [9 5 9 1 1 1]
 [9 6 1 1 3 3]
 [9 1 7 1 3 3]
 [9 6 9 1 3 1]] [[ 28.63295313]
 [ 88.21523336]
 [ 97.27899486]
 [ 72.66983818]
 [ 95.79101063]
 [ 16.42454322]
 [  5.0532783 ]
 [ 20.2701592 ]
 [ 24.23446589]
 [ 28.73677945]
 [ 37.98103679]
 [ 40.42650413]
 [ 38.86954178]
 [ 41.67997698]
 [ 29.97837532]
 [ 24.24161377]
 [ 67.54432395]
 [ 76.13050802]
 [100.86499932]
 [109.0745631 ]
 [ 10.78174635]
 [ 15.44100488]
 [ 18.94963297]
 [ 28.65015592]
 [ 33.69103465]
 [ 24.46676826]
 [ 33.26051536]
 [ 43.08219245]
 [ 47.91004803]
 [ 53.84362331]
 [  9.88764837]
 [ 11.72006926]
 [ 12.88699135]
 [ 13.49605961]
 [ 92.01470536]
 [ 33.08303914]
 [ 39.23090915]
 [ 40.79003106]
 [ 42.23279962]
 [ 43.8440112 ]
 [ 11.88458867]
 [ 39.40626917]
 [ 58.65547475]
 [ 64.53923892]
 [ 56.4686853 ]
 [ 55.42563087]
 [ 65.23324366]
 [ 71.47336349]
 [ 68.17724845]
 [ 74.24657233]
 [ 43.83158372]
 [ 24.79180078]
 [ 30.13216229]
 [ 33.77129932]
 [ 45.29035497]
 [ 19.430938  ]
 [ 22.9883661 ]
 [ 23.33879464]
 [ 25.0719102 ]
 [ 40.8032664 ]
 [ 48.71431106]
 [ 53.49017512]
 [ 58.98191259]
 [ 64.55911994]
 [ 87.9633876 ]
 [ 20.14453105]
 [ 25.60017027]
 [ 35.47256762]
 [ 31.32386572]
 [ 51.83383001]
 [  7.65414704]
 [ 37.59626141]
 [ 40.41908437]
 [ 64.68542723]
 [ 63.68847846]]
Query step: 15
15:        x_0  x_1  x_2  y_0  y_1  y_2
1220     1    3    1    3    3    2
15064    8    1    0    3    1    0
1188     1    2    9    3    3    3
17369    9    1    9    3    3    1
19254    9    9    9    3    3    3             f_res
1220    22.371884
15064   24.667429
1188    79.043366
17369   59.516845
19254  127.993804
15: X_train und x_test:  [[9 6 2 2 1 1]
 [8 4 8 1 2 3]
 [7 8 8 2 1 3]
 [6 9 1 3 3 3]
 [7 3 8 3 2 3]
 [0 3 0 0 3 0]
 [0 1 0 0 3 0]
 [0 4 0 0 3 0]
 [0 5 0 0 3 0]
 [0 6 0 0 3 0]
 [1 1 9 1 3 1]
 [2 1 9 1 3 1]
 [0 3 9 0 2 1]
 [3 1 9 1 3 1]
 [0 9 9 0 1 1]
 [0 1 4 0 3 2]
 [9 9 9 1 1 2]
 [9 9 8 3 1 2]
 [9 9 8 3 2 2]
 [9 9 8 2 3 2]
 [3 1 1 1 1 3]
 [7 1 1 1 1 3]
 [3 1 1 3 1 3]
 [9 1 1 2 1 3]
 [8 1 1 3 1 3]
 [7 1 0 3 3 0]
 [8 3 0 3 3 0]
 [9 5 0 3 3 0]
 [9 6 0 3 3 0]
 [9 7 0 3 3 0]
 [1 3 0 3 1 0]
 [1 4 0 3 1 0]
 [1 5 0 3 1 0]
 [1 6 0 3 1 0]
 [0 9 8 0 3 3]
 [0 9 1 0 2 3]
 [4 1 9 3 1 1]
 [5 1 9 3 1 1]
 [6 1 9 3 1 1]
 [7 1 9 3 1 1]
 [0 9 0 0 1 0]
 [9 1 1 3 3 3]
 [1 8 7 3 3 1]
 [1 8 8 3 3 1]
 [1 9 5 3 3 1]
 [0 1 6 0 1 3]
 [0 2 7 0 1 3]
 [0 3 8 0 1 3]
 [0 1 9 0 2 3]
 [1 2 9 1 1 3]
 [9 1 0 1 2 0]
 [1 9 1 3 1 3]
 [8 9 1 1 1 3]
 [9 9 2 1 1 3]
 [8 9 1 3 1 3]
 [9 1 5 1 1 1]
 [9 9 0 1 1 0]
 [9 2 4 1 3 1]
 [9 2 5 1 3 1]
 [9 2 4 3 3 1]
 [1 2 5 3 3 3]
 [1 3 5 3 3 3]
 [1 4 5 3 3 3]
 [1 5 5 3 3 3]
 [1 9 6 3 3 3]
 [0 8 5 0 1 1]
 [1 8 5 3 1 1]
 [1 9 9 3 1 1]
 [1 9 7 3 1 1]
 [0 9 5 0 3 1]
 [0 1 1 0 3 3]
 [9 5 9 1 1 1]
 [9 6 1 1 3 3]
 [9 1 7 1 3 3]
 [9 6 9 1 3 1]
 [1 3 1 3 3 2]
 [8 1 0 3 1 0]
 [1 2 9 3 3 3]
 [9 1 9 3 3 1]
 [9 9 9 3 3 3]] [[ 28.63295313]
 [ 88.21523336]
 [ 97.27899486]
 [ 72.66983818]
 [ 95.79101063]
 [ 16.42454322]
 [  5.0532783 ]
 [ 20.2701592 ]
 [ 24.23446589]
 [ 28.73677945]
 [ 37.98103679]
 [ 40.42650413]
 [ 38.86954178]
 [ 41.67997698]
 [ 29.97837532]
 [ 24.24161377]
 [ 67.54432395]
 [ 76.13050802]
 [100.86499932]
 [109.0745631 ]
 [ 10.78174635]
 [ 15.44100488]
 [ 18.94963297]
 [ 28.65015592]
 [ 33.69103465]
 [ 24.46676826]
 [ 33.26051536]
 [ 43.08219245]
 [ 47.91004803]
 [ 53.84362331]
 [  9.88764837]
 [ 11.72006926]
 [ 12.88699135]
 [ 13.49605961]
 [ 92.01470536]
 [ 33.08303914]
 [ 39.23090915]
 [ 40.79003106]
 [ 42.23279962]
 [ 43.8440112 ]
 [ 11.88458867]
 [ 39.40626917]
 [ 58.65547475]
 [ 64.53923892]
 [ 56.4686853 ]
 [ 55.42563087]
 [ 65.23324366]
 [ 71.47336349]
 [ 68.17724845]
 [ 74.24657233]
 [ 43.83158372]
 [ 24.79180078]
 [ 30.13216229]
 [ 33.77129932]
 [ 45.29035497]
 [ 19.430938  ]
 [ 22.9883661 ]
 [ 23.33879464]
 [ 25.0719102 ]
 [ 40.8032664 ]
 [ 48.71431106]
 [ 53.49017512]
 [ 58.98191259]
 [ 64.55911994]
 [ 87.9633876 ]
 [ 20.14453105]
 [ 25.60017027]
 [ 35.47256762]
 [ 31.32386572]
 [ 51.83383001]
 [  7.65414704]
 [ 37.59626141]
 [ 40.41908437]
 [ 64.68542723]
 [ 63.68847846]
 [ 22.3718844 ]
 [ 24.66742915]
 [ 79.04336579]
 [ 59.51684469]
 [127.99380364]]
Query step: 16
16:        x_0  x_1  x_2  y_0  y_1  y_2
2385     1    8    0    2    3    0
2388     1    8    0    3    3    0
16894    8    9    0    1    3    0
2137     1    6    9    3    1    3
2373     1    7    9    3    1    3            f_res
2385   41.010819
2388   41.210886
16894  49.535577
2137   84.864857
2373   85.471215
16: X_train und x_test:  [[9 6 2 2 1 1]
 [8 4 8 1 2 3]
 [7 8 8 2 1 3]
 [6 9 1 3 3 3]
 [7 3 8 3 2 3]
 [0 3 0 0 3 0]
 [0 1 0 0 3 0]
 [0 4 0 0 3 0]
 [0 5 0 0 3 0]
 [0 6 0 0 3 0]
 [1 1 9 1 3 1]
 [2 1 9 1 3 1]
 [0 3 9 0 2 1]
 [3 1 9 1 3 1]
 [0 9 9 0 1 1]
 [0 1 4 0 3 2]
 [9 9 9 1 1 2]
 [9 9 8 3 1 2]
 [9 9 8 3 2 2]
 [9 9 8 2 3 2]
 [3 1 1 1 1 3]
 [7 1 1 1 1 3]
 [3 1 1 3 1 3]
 [9 1 1 2 1 3]
 [8 1 1 3 1 3]
 [7 1 0 3 3 0]
 [8 3 0 3 3 0]
 [9 5 0 3 3 0]
 [9 6 0 3 3 0]
 [9 7 0 3 3 0]
 [1 3 0 3 1 0]
 [1 4 0 3 1 0]
 [1 5 0 3 1 0]
 [1 6 0 3 1 0]
 [0 9 8 0 3 3]
 [0 9 1 0 2 3]
 [4 1 9 3 1 1]
 [5 1 9 3 1 1]
 [6 1 9 3 1 1]
 [7 1 9 3 1 1]
 [0 9 0 0 1 0]
 [9 1 1 3 3 3]
 [1 8 7 3 3 1]
 [1 8 8 3 3 1]
 [1 9 5 3 3 1]
 [0 1 6 0 1 3]
 [0 2 7 0 1 3]
 [0 3 8 0 1 3]
 [0 1 9 0 2 3]
 [1 2 9 1 1 3]
 [9 1 0 1 2 0]
 [1 9 1 3 1 3]
 [8 9 1 1 1 3]
 [9 9 2 1 1 3]
 [8 9 1 3 1 3]
 [9 1 5 1 1 1]
 [9 9 0 1 1 0]
 [9 2 4 1 3 1]
 [9 2 5 1 3 1]
 [9 2 4 3 3 1]
 [1 2 5 3 3 3]
 [1 3 5 3 3 3]
 [1 4 5 3 3 3]
 [1 5 5 3 3 3]
 [1 9 6 3 3 3]
 [0 8 5 0 1 1]
 [1 8 5 3 1 1]
 [1 9 9 3 1 1]
 [1 9 7 3 1 1]
 [0 9 5 0 3 1]
 [0 1 1 0 3 3]
 [9 5 9 1 1 1]
 [9 6 1 1 3 3]
 [9 1 7 1 3 3]
 [9 6 9 1 3 1]
 [1 3 1 3 3 2]
 [8 1 0 3 1 0]
 [1 2 9 3 3 3]
 [9 1 9 3 3 1]
 [9 9 9 3 3 3]
 [1 8 0 2 3 0]
 [1 8 0 3 3 0]
 [8 9 0 1 3 0]
 [1 6 9 3 1 3]
 [1 7 9 3 1 3]] [[ 28.63295313]
 [ 88.21523336]
 [ 97.27899486]
 [ 72.66983818]
 [ 95.79101063]
 [ 16.42454322]
 [  5.0532783 ]
 [ 20.2701592 ]
 [ 24.23446589]
 [ 28.73677945]
 [ 37.98103679]
 [ 40.42650413]
 [ 38.86954178]
 [ 41.67997698]
 [ 29.97837532]
 [ 24.24161377]
 [ 67.54432395]
 [ 76.13050802]
 [100.86499932]
 [109.0745631 ]
 [ 10.78174635]
 [ 15.44100488]
 [ 18.94963297]
 [ 28.65015592]
 [ 33.69103465]
 [ 24.46676826]
 [ 33.26051536]
 [ 43.08219245]
 [ 47.91004803]
 [ 53.84362331]
 [  9.88764837]
 [ 11.72006926]
 [ 12.88699135]
 [ 13.49605961]
 [ 92.01470536]
 [ 33.08303914]
 [ 39.23090915]
 [ 40.79003106]
 [ 42.23279962]
 [ 43.8440112 ]
 [ 11.88458867]
 [ 39.40626917]
 [ 58.65547475]
 [ 64.53923892]
 [ 56.4686853 ]
 [ 55.42563087]
 [ 65.23324366]
 [ 71.47336349]
 [ 68.17724845]
 [ 74.24657233]
 [ 43.83158372]
 [ 24.79180078]
 [ 30.13216229]
 [ 33.77129932]
 [ 45.29035497]
 [ 19.430938  ]
 [ 22.9883661 ]
 [ 23.33879464]
 [ 25.0719102 ]
 [ 40.8032664 ]
 [ 48.71431106]
 [ 53.49017512]
 [ 58.98191259]
 [ 64.55911994]
 [ 87.9633876 ]
 [ 20.14453105]
 [ 25.60017027]
 [ 35.47256762]
 [ 31.32386572]
 [ 51.83383001]
 [  7.65414704]
 [ 37.59626141]
 [ 40.41908437]
 [ 64.68542723]
 [ 63.68847846]
 [ 22.3718844 ]
 [ 24.66742915]
 [ 79.04336579]
 [ 59.51684469]
 [127.99380364]
 [ 41.01081869]
 [ 41.21088595]
 [ 49.53557657]
 [ 84.86485744]
 [ 85.47121532]]
Query step: 17
17:        x_0  x_1  x_2  y_0  y_1  y_2
765      1    1    2    3    2    1
4694     2    9    0    3    2    0
6696     3    9    0    3    2    0
14828    7    9    0    3    2    0
16899    8    9    0    3    2    0            f_res
765    11.386486
4694   34.386196
6696   39.496890
14828  48.810019
16899  49.550753
17: X_train und x_test:  [[9 6 2 2 1 1]
 [8 4 8 1 2 3]
 [7 8 8 2 1 3]
 [6 9 1 3 3 3]
 [7 3 8 3 2 3]
 [0 3 0 0 3 0]
 [0 1 0 0 3 0]
 [0 4 0 0 3 0]
 [0 5 0 0 3 0]
 [0 6 0 0 3 0]
 [1 1 9 1 3 1]
 [2 1 9 1 3 1]
 [0 3 9 0 2 1]
 [3 1 9 1 3 1]
 [0 9 9 0 1 1]
 [0 1 4 0 3 2]
 [9 9 9 1 1 2]
 [9 9 8 3 1 2]
 [9 9 8 3 2 2]
 [9 9 8 2 3 2]
 [3 1 1 1 1 3]
 [7 1 1 1 1 3]
 [3 1 1 3 1 3]
 [9 1 1 2 1 3]
 [8 1 1 3 1 3]
 [7 1 0 3 3 0]
 [8 3 0 3 3 0]
 [9 5 0 3 3 0]
 [9 6 0 3 3 0]
 [9 7 0 3 3 0]
 [1 3 0 3 1 0]
 [1 4 0 3 1 0]
 [1 5 0 3 1 0]
 [1 6 0 3 1 0]
 [0 9 8 0 3 3]
 [0 9 1 0 2 3]
 [4 1 9 3 1 1]
 [5 1 9 3 1 1]
 [6 1 9 3 1 1]
 [7 1 9 3 1 1]
 [0 9 0 0 1 0]
 [9 1 1 3 3 3]
 [1 8 7 3 3 1]
 [1 8 8 3 3 1]
 [1 9 5 3 3 1]
 [0 1 6 0 1 3]
 [0 2 7 0 1 3]
 [0 3 8 0 1 3]
 [0 1 9 0 2 3]
 [1 2 9 1 1 3]
 [9 1 0 1 2 0]
 [1 9 1 3 1 3]
 [8 9 1 1 1 3]
 [9 9 2 1 1 3]
 [8 9 1 3 1 3]
 [9 1 5 1 1 1]
 [9 9 0 1 1 0]
 [9 2 4 1 3 1]
 [9 2 5 1 3 1]
 [9 2 4 3 3 1]
 [1 2 5 3 3 3]
 [1 3 5 3 3 3]
 [1 4 5 3 3 3]
 [1 5 5 3 3 3]
 [1 9 6 3 3 3]
 [0 8 5 0 1 1]
 [1 8 5 3 1 1]
 [1 9 9 3 1 1]
 [1 9 7 3 1 1]
 [0 9 5 0 3 1]
 [0 1 1 0 3 3]
 [9 5 9 1 1 1]
 [9 6 1 1 3 3]
 [9 1 7 1 3 3]
 [9 6 9 1 3 1]
 [1 3 1 3 3 2]
 [8 1 0 3 1 0]
 [1 2 9 3 3 3]
 [9 1 9 3 3 1]
 [9 9 9 3 3 3]
 [1 8 0 2 3 0]
 [1 8 0 3 3 0]
 [8 9 0 1 3 0]
 [1 6 9 3 1 3]
 [1 7 9 3 1 3]
 [1 1 2 3 2 1]
 [2 9 0 3 2 0]
 [3 9 0 3 2 0]
 [7 9 0 3 2 0]
 [8 9 0 3 2 0]] [[ 28.63295313]
 [ 88.21523336]
 [ 97.27899486]
 [ 72.66983818]
 [ 95.79101063]
 [ 16.42454322]
 [  5.0532783 ]
 [ 20.2701592 ]
 [ 24.23446589]
 [ 28.73677945]
 [ 37.98103679]
 [ 40.42650413]
 [ 38.86954178]
 [ 41.67997698]
 [ 29.97837532]
 [ 24.24161377]
 [ 67.54432395]
 [ 76.13050802]
 [100.86499932]
 [109.0745631 ]
 [ 10.78174635]
 [ 15.44100488]
 [ 18.94963297]
 [ 28.65015592]
 [ 33.69103465]
 [ 24.46676826]
 [ 33.26051536]
 [ 43.08219245]
 [ 47.91004803]
 [ 53.84362331]
 [  9.88764837]
 [ 11.72006926]
 [ 12.88699135]
 [ 13.49605961]
 [ 92.01470536]
 [ 33.08303914]
 [ 39.23090915]
 [ 40.79003106]
 [ 42.23279962]
 [ 43.8440112 ]
 [ 11.88458867]
 [ 39.40626917]
 [ 58.65547475]
 [ 64.53923892]
 [ 56.4686853 ]
 [ 55.42563087]
 [ 65.23324366]
 [ 71.47336349]
 [ 68.17724845]
 [ 74.24657233]
 [ 43.83158372]
 [ 24.79180078]
 [ 30.13216229]
 [ 33.77129932]
 [ 45.29035497]
 [ 19.430938  ]
 [ 22.9883661 ]
 [ 23.33879464]
 [ 25.0719102 ]
 [ 40.8032664 ]
 [ 48.71431106]
 [ 53.49017512]
 [ 58.98191259]
 [ 64.55911994]
 [ 87.9633876 ]
 [ 20.14453105]
 [ 25.60017027]
 [ 35.47256762]
 [ 31.32386572]
 [ 51.83383001]
 [  7.65414704]
 [ 37.59626141]
 [ 40.41908437]
 [ 64.68542723]
 [ 63.68847846]
 [ 22.3718844 ]
 [ 24.66742915]
 [ 79.04336579]
 [ 59.51684469]
 [127.99380364]
 [ 41.01081869]
 [ 41.21088595]
 [ 49.53557657]
 [ 84.86485744]
 [ 85.47121532]
 [ 11.38648587]
 [ 34.38619611]
 [ 39.49689037]
 [ 48.81001876]
 [ 49.55075273]]
Query step: 18
18:        x_0  x_1  x_2  y_0  y_1  y_2
35       0    1    5    0    1    1
656      0    9    4    0    1    3
665      0    9    5    0    1    3
17346    9    1    9    1    1    2
17320    9    1    8    1    1    3            f_res
35     14.143637
656    37.933062
665    48.720673
17346  58.261068
17320  75.601486
18: X_train und x_test:  [[9 6 2 2 1 1]
 [8 4 8 1 2 3]
 [7 8 8 2 1 3]
 [6 9 1 3 3 3]
 [7 3 8 3 2 3]
 [0 3 0 0 3 0]
 [0 1 0 0 3 0]
 [0 4 0 0 3 0]
 [0 5 0 0 3 0]
 [0 6 0 0 3 0]
 [1 1 9 1 3 1]
 [2 1 9 1 3 1]
 [0 3 9 0 2 1]
 [3 1 9 1 3 1]
 [0 9 9 0 1 1]
 [0 1 4 0 3 2]
 [9 9 9 1 1 2]
 [9 9 8 3 1 2]
 [9 9 8 3 2 2]
 [9 9 8 2 3 2]
 [3 1 1 1 1 3]
 [7 1 1 1 1 3]
 [3 1 1 3 1 3]
 [9 1 1 2 1 3]
 [8 1 1 3 1 3]
 [7 1 0 3 3 0]
 [8 3 0 3 3 0]
 [9 5 0 3 3 0]
 [9 6 0 3 3 0]
 [9 7 0 3 3 0]
 [1 3 0 3 1 0]
 [1 4 0 3 1 0]
 [1 5 0 3 1 0]
 [1 6 0 3 1 0]
 [0 9 8 0 3 3]
 [0 9 1 0 2 3]
 [4 1 9 3 1 1]
 [5 1 9 3 1 1]
 [6 1 9 3 1 1]
 [7 1 9 3 1 1]
 [0 9 0 0 1 0]
 [9 1 1 3 3 3]
 [1 8 7 3 3 1]
 [1 8 8 3 3 1]
 [1 9 5 3 3 1]
 [0 1 6 0 1 3]
 [0 2 7 0 1 3]
 [0 3 8 0 1 3]
 [0 1 9 0 2 3]
 [1 2 9 1 1 3]
 [9 1 0 1 2 0]
 [1 9 1 3 1 3]
 [8 9 1 1 1 3]
 [9 9 2 1 1 3]
 [8 9 1 3 1 3]
 [9 1 5 1 1 1]
 [9 9 0 1 1 0]
 [9 2 4 1 3 1]
 [9 2 5 1 3 1]
 [9 2 4 3 3 1]
 [1 2 5 3 3 3]
 [1 3 5 3 3 3]
 [1 4 5 3 3 3]
 [1 5 5 3 3 3]
 [1 9 6 3 3 3]
 [0 8 5 0 1 1]
 [1 8 5 3 1 1]
 [1 9 9 3 1 1]
 [1 9 7 3 1 1]
 [0 9 5 0 3 1]
 [0 1 1 0 3 3]
 [9 5 9 1 1 1]
 [9 6 1 1 3 3]
 [9 1 7 1 3 3]
 [9 6 9 1 3 1]
 [1 3 1 3 3 2]
 [8 1 0 3 1 0]
 [1 2 9 3 3 3]
 [9 1 9 3 3 1]
 [9 9 9 3 3 3]
 [1 8 0 2 3 0]
 [1 8 0 3 3 0]
 [8 9 0 1 3 0]
 [1 6 9 3 1 3]
 [1 7 9 3 1 3]
 [1 1 2 3 2 1]
 [2 9 0 3 2 0]
 [3 9 0 3 2 0]
 [7 9 0 3 2 0]
 [8 9 0 3 2 0]
 [0 1 5 0 1 1]
 [0 9 4 0 1 3]
 [0 9 5 0 1 3]
 [9 1 9 1 1 2]
 [9 1 8 1 1 3]] [[ 28.63295313]
 [ 88.21523336]
 [ 97.27899486]
 [ 72.66983818]
 [ 95.79101063]
 [ 16.42454322]
 [  5.0532783 ]
 [ 20.2701592 ]
 [ 24.23446589]
 [ 28.73677945]
 [ 37.98103679]
 [ 40.42650413]
 [ 38.86954178]
 [ 41.67997698]
 [ 29.97837532]
 [ 24.24161377]
 [ 67.54432395]
 [ 76.13050802]
 [100.86499932]
 [109.0745631 ]
 [ 10.78174635]
 [ 15.44100488]
 [ 18.94963297]
 [ 28.65015592]
 [ 33.69103465]
 [ 24.46676826]
 [ 33.26051536]
 [ 43.08219245]
 [ 47.91004803]
 [ 53.84362331]
 [  9.88764837]
 [ 11.72006926]
 [ 12.88699135]
 [ 13.49605961]
 [ 92.01470536]
 [ 33.08303914]
 [ 39.23090915]
 [ 40.79003106]
 [ 42.23279962]
 [ 43.8440112 ]
 [ 11.88458867]
 [ 39.40626917]
 [ 58.65547475]
 [ 64.53923892]
 [ 56.4686853 ]
 [ 55.42563087]
 [ 65.23324366]
 [ 71.47336349]
 [ 68.17724845]
 [ 74.24657233]
 [ 43.83158372]
 [ 24.79180078]
 [ 30.13216229]
 [ 33.77129932]
 [ 45.29035497]
 [ 19.430938  ]
 [ 22.9883661 ]
 [ 23.33879464]
 [ 25.0719102 ]
 [ 40.8032664 ]
 [ 48.71431106]
 [ 53.49017512]
 [ 58.98191259]
 [ 64.55911994]
 [ 87.9633876 ]
 [ 20.14453105]
 [ 25.60017027]
 [ 35.47256762]
 [ 31.32386572]
 [ 51.83383001]
 [  7.65414704]
 [ 37.59626141]
 [ 40.41908437]
 [ 64.68542723]
 [ 63.68847846]
 [ 22.3718844 ]
 [ 24.66742915]
 [ 79.04336579]
 [ 59.51684469]
 [127.99380364]
 [ 41.01081869]
 [ 41.21088595]
 [ 49.53557657]
 [ 84.86485744]
 [ 85.47121532]
 [ 11.38648587]
 [ 34.38619611]
 [ 39.49689037]
 [ 48.81001876]
 [ 49.55075273]
 [ 14.1436371 ]
 [ 37.93306228]
 [ 48.7206731 ]
 [ 58.2610683 ]
 [ 75.6014861 ]]
Query step: 19
19:        x_0  x_1  x_2  y_0  y_1  y_2
843      1    1    5    3    1    3
868      1    1    6    3    1    3
19104    9    9    4    1    3    1
19131    9    9    5    1    3    1
18887    9    8    4    3    3    3            f_res
843    42.531875
868    58.703871
19104  58.044286
19131  60.151705
18887  91.236947
19: X_train und x_test:  [[9 6 2 2 1 1]
 [8 4 8 1 2 3]
 [7 8 8 2 1 3]
 [6 9 1 3 3 3]
 [7 3 8 3 2 3]
 [0 3 0 0 3 0]
 [0 1 0 0 3 0]
 [0 4 0 0 3 0]
 [0 5 0 0 3 0]
 [0 6 0 0 3 0]
 [1 1 9 1 3 1]
 [2 1 9 1 3 1]
 [0 3 9 0 2 1]
 [3 1 9 1 3 1]
 [0 9 9 0 1 1]
 [0 1 4 0 3 2]
 [9 9 9 1 1 2]
 [9 9 8 3 1 2]
 [9 9 8 3 2 2]
 [9 9 8 2 3 2]
 [3 1 1 1 1 3]
 [7 1 1 1 1 3]
 [3 1 1 3 1 3]
 [9 1 1 2 1 3]
 [8 1 1 3 1 3]
 [7 1 0 3 3 0]
 [8 3 0 3 3 0]
 [9 5 0 3 3 0]
 [9 6 0 3 3 0]
 [9 7 0 3 3 0]
 [1 3 0 3 1 0]
 [1 4 0 3 1 0]
 [1 5 0 3 1 0]
 [1 6 0 3 1 0]
 [0 9 8 0 3 3]
 [0 9 1 0 2 3]
 [4 1 9 3 1 1]
 [5 1 9 3 1 1]
 [6 1 9 3 1 1]
 [7 1 9 3 1 1]
 [0 9 0 0 1 0]
 [9 1 1 3 3 3]
 [1 8 7 3 3 1]
 [1 8 8 3 3 1]
 [1 9 5 3 3 1]
 [0 1 6 0 1 3]
 [0 2 7 0 1 3]
 [0 3 8 0 1 3]
 [0 1 9 0 2 3]
 [1 2 9 1 1 3]
 [9 1 0 1 2 0]
 [1 9 1 3 1 3]
 [8 9 1 1 1 3]
 [9 9 2 1 1 3]
 [8 9 1 3 1 3]
 [9 1 5 1 1 1]
 [9 9 0 1 1 0]
 [9 2 4 1 3 1]
 [9 2 5 1 3 1]
 [9 2 4 3 3 1]
 [1 2 5 3 3 3]
 [1 3 5 3 3 3]
 [1 4 5 3 3 3]
 [1 5 5 3 3 3]
 [1 9 6 3 3 3]
 [0 8 5 0 1 1]
 [1 8 5 3 1 1]
 [1 9 9 3 1 1]
 [1 9 7 3 1 1]
 [0 9 5 0 3 1]
 [0 1 1 0 3 3]
 [9 5 9 1 1 1]
 [9 6 1 1 3 3]
 [9 1 7 1 3 3]
 [9 6 9 1 3 1]
 [1 3 1 3 3 2]
 [8 1 0 3 1 0]
 [1 2 9 3 3 3]
 [9 1 9 3 3 1]
 [9 9 9 3 3 3]
 [1 8 0 2 3 0]
 [1 8 0 3 3 0]
 [8 9 0 1 3 0]
 [1 6 9 3 1 3]
 [1 7 9 3 1 3]
 [1 1 2 3 2 1]
 [2 9 0 3 2 0]
 [3 9 0 3 2 0]
 [7 9 0 3 2 0]
 [8 9 0 3 2 0]
 [0 1 5 0 1 1]
 [0 9 4 0 1 3]
 [0 9 5 0 1 3]
 [9 1 9 1 1 2]
 [9 1 8 1 1 3]
 [1 1 5 3 1 3]
 [1 1 6 3 1 3]
 [9 9 4 1 3 1]
 [9 9 5 1 3 1]
 [9 8 4 3 3 3]] [[ 28.63295313]
 [ 88.21523336]
 [ 97.27899486]
 [ 72.66983818]
 [ 95.79101063]
 [ 16.42454322]
 [  5.0532783 ]
 [ 20.2701592 ]
 [ 24.23446589]
 [ 28.73677945]
 [ 37.98103679]
 [ 40.42650413]
 [ 38.86954178]
 [ 41.67997698]
 [ 29.97837532]
 [ 24.24161377]
 [ 67.54432395]
 [ 76.13050802]
 [100.86499932]
 [109.0745631 ]
 [ 10.78174635]
 [ 15.44100488]
 [ 18.94963297]
 [ 28.65015592]
 [ 33.69103465]
 [ 24.46676826]
 [ 33.26051536]
 [ 43.08219245]
 [ 47.91004803]
 [ 53.84362331]
 [  9.88764837]
 [ 11.72006926]
 [ 12.88699135]
 [ 13.49605961]
 [ 92.01470536]
 [ 33.08303914]
 [ 39.23090915]
 [ 40.79003106]
 [ 42.23279962]
 [ 43.8440112 ]
 [ 11.88458867]
 [ 39.40626917]
 [ 58.65547475]
 [ 64.53923892]
 [ 56.4686853 ]
 [ 55.42563087]
 [ 65.23324366]
 [ 71.47336349]
 [ 68.17724845]
 [ 74.24657233]
 [ 43.83158372]
 [ 24.79180078]
 [ 30.13216229]
 [ 33.77129932]
 [ 45.29035497]
 [ 19.430938  ]
 [ 22.9883661 ]
 [ 23.33879464]
 [ 25.0719102 ]
 [ 40.8032664 ]
 [ 48.71431106]
 [ 53.49017512]
 [ 58.98191259]
 [ 64.55911994]
 [ 87.9633876 ]
 [ 20.14453105]
 [ 25.60017027]
 [ 35.47256762]
 [ 31.32386572]
 [ 51.83383001]
 [  7.65414704]
 [ 37.59626141]
 [ 40.41908437]
 [ 64.68542723]
 [ 63.68847846]
 [ 22.3718844 ]
 [ 24.66742915]
 [ 79.04336579]
 [ 59.51684469]
 [127.99380364]
 [ 41.01081869]
 [ 41.21088595]
 [ 49.53557657]
 [ 84.86485744]
 [ 85.47121532]
 [ 11.38648587]
 [ 34.38619611]
 [ 39.49689037]
 [ 48.81001876]
 [ 49.55075273]
 [ 14.1436371 ]
 [ 37.93306228]
 [ 48.7206731 ]
 [ 58.2610683 ]
 [ 75.6014861 ]
 [ 42.53187523]
 [ 58.70387131]
 [ 58.04428648]
 [ 60.1517048 ]
 [ 91.23694693]]
Query step: 20
20:        x_0  x_1  x_2  y_0  y_1  y_2
17165    9    1    2    1    2    3
13042    7    1    3    1    2    3
15149    8    1    4    1    2    3
17199    9    1    3    2    2    3
705      0    9    9    0    3    1            f_res
17165  20.152386
13042  26.979492
15149  37.149705
17199  38.185437
705    67.544324
20: X_train und x_test:  [[9 6 2 2 1 1]
 [8 4 8 1 2 3]
 [7 8 8 2 1 3]
 [6 9 1 3 3 3]
 [7 3 8 3 2 3]
 [0 3 0 0 3 0]
 [0 1 0 0 3 0]
 [0 4 0 0 3 0]
 [0 5 0 0 3 0]
 [0 6 0 0 3 0]
 [1 1 9 1 3 1]
 [2 1 9 1 3 1]
 [0 3 9 0 2 1]
 [3 1 9 1 3 1]
 [0 9 9 0 1 1]
 [0 1 4 0 3 2]
 [9 9 9 1 1 2]
 [9 9 8 3 1 2]
 [9 9 8 3 2 2]
 [9 9 8 2 3 2]
 [3 1 1 1 1 3]
 [7 1 1 1 1 3]
 [3 1 1 3 1 3]
 [9 1 1 2 1 3]
 [8 1 1 3 1 3]
 [7 1 0 3 3 0]
 [8 3 0 3 3 0]
 [9 5 0 3 3 0]
 [9 6 0 3 3 0]
 [9 7 0 3 3 0]
 [1 3 0 3 1 0]
 [1 4 0 3 1 0]
 [1 5 0 3 1 0]
 [1 6 0 3 1 0]
 [0 9 8 0 3 3]
 [0 9 1 0 2 3]
 [4 1 9 3 1 1]
 [5 1 9 3 1 1]
 [6 1 9 3 1 1]
 [7 1 9 3 1 1]
 [0 9 0 0 1 0]
 [9 1 1 3 3 3]
 [1 8 7 3 3 1]
 [1 8 8 3 3 1]
 [1 9 5 3 3 1]
 [0 1 6 0 1 3]
 [0 2 7 0 1 3]
 [0 3 8 0 1 3]
 [0 1 9 0 2 3]
 [1 2 9 1 1 3]
 [9 1 0 1 2 0]
 [1 9 1 3 1 3]
 [8 9 1 1 1 3]
 [9 9 2 1 1 3]
 [8 9 1 3 1 3]
 [9 1 5 1 1 1]
 [9 9 0 1 1 0]
 [9 2 4 1 3 1]
 [9 2 5 1 3 1]
 [9 2 4 3 3 1]
 [1 2 5 3 3 3]
 [1 3 5 3 3 3]
 [1 4 5 3 3 3]
 [1 5 5 3 3 3]
 [1 9 6 3 3 3]
 [0 8 5 0 1 1]
 [1 8 5 3 1 1]
 [1 9 9 3 1 1]
 [1 9 7 3 1 1]
 [0 9 5 0 3 1]
 [0 1 1 0 3 3]
 [9 5 9 1 1 1]
 [9 6 1 1 3 3]
 [9 1 7 1 3 3]
 [9 6 9 1 3 1]
 [1 3 1 3 3 2]
 [8 1 0 3 1 0]
 [1 2 9 3 3 3]
 [9 1 9 3 3 1]
 [9 9 9 3 3 3]
 [1 8 0 2 3 0]
 [1 8 0 3 3 0]
 [8 9 0 1 3 0]
 [1 6 9 3 1 3]
 [1 7 9 3 1 3]
 [1 1 2 3 2 1]
 [2 9 0 3 2 0]
 [3 9 0 3 2 0]
 [7 9 0 3 2 0]
 [8 9 0 3 2 0]
 [0 1 5 0 1 1]
 [0 9 4 0 1 3]
 [0 9 5 0 1 3]
 [9 1 9 1 1 2]
 [9 1 8 1 1 3]
 [1 1 5 3 1 3]
 [1 1 6 3 1 3]
 [9 9 4 1 3 1]
 [9 9 5 1 3 1]
 [9 8 4 3 3 3]
 [9 1 2 1 2 3]
 [7 1 3 1 2 3]
 [8 1 4 1 2 3]
 [9 1 3 2 2 3]
 [0 9 9 0 3 1]] [[ 28.63295313]
 [ 88.21523336]
 [ 97.27899486]
 [ 72.66983818]
 [ 95.79101063]
 [ 16.42454322]
 [  5.0532783 ]
 [ 20.2701592 ]
 [ 24.23446589]
 [ 28.73677945]
 [ 37.98103679]
 [ 40.42650413]
 [ 38.86954178]
 [ 41.67997698]
 [ 29.97837532]
 [ 24.24161377]
 [ 67.54432395]
 [ 76.13050802]
 [100.86499932]
 [109.0745631 ]
 [ 10.78174635]
 [ 15.44100488]
 [ 18.94963297]
 [ 28.65015592]
 [ 33.69103465]
 [ 24.46676826]
 [ 33.26051536]
 [ 43.08219245]
 [ 47.91004803]
 [ 53.84362331]
 [  9.88764837]
 [ 11.72006926]
 [ 12.88699135]
 [ 13.49605961]
 [ 92.01470536]
 [ 33.08303914]
 [ 39.23090915]
 [ 40.79003106]
 [ 42.23279962]
 [ 43.8440112 ]
 [ 11.88458867]
 [ 39.40626917]
 [ 58.65547475]
 [ 64.53923892]
 [ 56.4686853 ]
 [ 55.42563087]
 [ 65.23324366]
 [ 71.47336349]
 [ 68.17724845]
 [ 74.24657233]
 [ 43.83158372]
 [ 24.79180078]
 [ 30.13216229]
 [ 33.77129932]
 [ 45.29035497]
 [ 19.430938  ]
 [ 22.9883661 ]
 [ 23.33879464]
 [ 25.0719102 ]
 [ 40.8032664 ]
 [ 48.71431106]
 [ 53.49017512]
 [ 58.98191259]
 [ 64.55911994]
 [ 87.9633876 ]
 [ 20.14453105]
 [ 25.60017027]
 [ 35.47256762]
 [ 31.32386572]
 [ 51.83383001]
 [  7.65414704]
 [ 37.59626141]
 [ 40.41908437]
 [ 64.68542723]
 [ 63.68847846]
 [ 22.3718844 ]
 [ 24.66742915]
 [ 79.04336579]
 [ 59.51684469]
 [127.99380364]
 [ 41.01081869]
 [ 41.21088595]
 [ 49.53557657]
 [ 84.86485744]
 [ 85.47121532]
 [ 11.38648587]
 [ 34.38619611]
 [ 39.49689037]
 [ 48.81001876]
 [ 49.55075273]
 [ 14.1436371 ]
 [ 37.93306228]
 [ 48.7206731 ]
 [ 58.2610683 ]
 [ 75.6014861 ]
 [ 42.53187523]
 [ 58.70387131]
 [ 58.04428648]
 [ 60.1517048 ]
 [ 91.23694693]
 [ 20.15238574]
 [ 26.97949177]
 [ 37.1497049 ]
 [ 38.1854373 ]
 [ 67.54432395]]