(sim) C:\Users\Administrator\ALinSim\src>uv run GP_active_learning_trc.py --random_state 48
Total valid pool combinations (paper-consistent): 21168 (should be 21168)
Valid pool count (paper-consistent): 21168, should be 21168
delta = 0.2079  (=0.5 * median NN distance in normalized space)
Pool after removing test points: 21068
Pool kept after distance filtering: 19191 / 21068
Query step: 0
step == 0 [11432, 7439, 12933, 2494, 9590]
0:        x_0  x_1  x_2  y_0  y_1  y_2
2494     1    8    5    1    1    3
11432    6    3    1    3    2    2
9590     5    3    9    1    3    2
12933    6    9    8    3    3    2             f_res
2494    49.670811
11432   29.856381
9590    82.320695
12933  117.537719
0: X_train und x_test:  [[1 8 5 1 1 3]
 [6 3 1 3 2 2]
 [5 3 9 1 3 2]
 [6 9 8 3 3 2]] [[ 49.6708111 ]
 [ 29.85638098]
 [ 82.32069545]
 [117.53771926]]
Query step: 1
1:        x_0  x_1  x_2  y_0  y_1  y_2
13165    7    1    9    1    1    1
7154     4    1    9    3    1    1
11169    6    1    9    2    1    1
13173    7    1    9    2    1    1
17274    9    1    9    3    1    2            f_res
13165  32.283311
7154   39.230909
11169  37.598917
13173  38.487460
17274  74.767397
1: X_train und x_test:  [[1 8 5 1 1 3]
 [6 3 1 3 2 2]
 [5 3 9 1 3 2]
 [6 9 8 3 3 2]
 [7 1 9 1 1 1]
 [4 1 9 3 1 1]
 [6 1 9 2 1 1]
 [7 1 9 2 1 1]
 [9 1 9 3 1 2]] [[ 49.6708111 ]
 [ 29.85638098]
 [ 82.32069545]
 [117.53771926]
 [ 32.28331135]
 [ 39.23090915]
 [ 37.59891736]
 [ 38.48746014]
 [ 74.76739713]]
Query step: 2
2:        x_0  x_1  x_2  y_0  y_1  y_2
6702     3    9    0    1    1    0
18948    9    9    0    1    1    0
18949    9    9    0    1    2    0
6704     3    9    0    1    3    0
18950    9    9    0    1    3    0             f_res
6702   170.948871
18948   22.988366
18949   35.105451
6704    47.153329
18950   49.304418
2: X_train und x_test:  [[1 8 5 1 1 3]
 [6 3 1 3 2 2]
 [5 3 9 1 3 2]
 [6 9 8 3 3 2]
 [7 1 9 1 1 1]
 [4 1 9 3 1 1]
 [6 1 9 2 1 1]
 [7 1 9 2 1 1]
 [9 1 9 3 1 2]
 [3 9 0 1 1 0]
 [9 9 0 1 1 0]
 [9 9 0 1 2 0]
 [3 9 0 1 3 0]
 [9 9 0 1 3 0]] [[ 49.6708111 ]
 [ 29.85638098]
 [ 82.32069545]
 [117.53771926]
 [ 32.28331135]
 [ 39.23090915]
 [ 37.59891736]
 [ 38.48746014]
 [ 74.76739713]
 [170.94887083]
 [ 22.9883661 ]
 [ 35.10545128]
 [ 47.15332945]
 [ 49.30441803]]
Query step: 3
3:        x_0  x_1  x_2  y_0  y_1  y_2
18276    9    6    1    3    3    3
18511    9    7    1    3    3    3
18983    9    9    1    3    3    3
18476    9    6    9    3    3    3
18713    9    7    9    3    3    3             f_res
18276   56.041938
18511   62.437799
18983   75.102225
18476  114.395749
18713  119.827980
3: X_train und x_test:  [[1 8 5 1 1 3]
 [6 3 1 3 2 2]
 [5 3 9 1 3 2]
 [6 9 8 3 3 2]
 [7 1 9 1 1 1]
 [4 1 9 3 1 1]
 [6 1 9 2 1 1]
 [7 1 9 2 1 1]
 [9 1 9 3 1 2]
 [3 9 0 1 1 0]
 [9 9 0 1 1 0]
 [9 9 0 1 2 0]
 [3 9 0 1 3 0]
 [9 9 0 1 3 0]
 [9 6 1 3 3 3]
 [9 7 1 3 3 3]
 [9 9 1 3 3 3]
 [9 6 9 3 3 3]
 [9 7 9 3 3 3]] [[ 49.6708111 ]
 [ 29.85638098]
 [ 82.32069545]
 [117.53771926]
 [ 32.28331135]
 [ 39.23090915]
 [ 37.59891736]
 [ 38.48746014]
 [ 74.76739713]
 [170.94887083]
 [ 22.9883661 ]
 [ 35.10545128]
 [ 47.15332945]
 [ 49.30441803]
 [ 56.04193797]
 [ 62.43779914]
 [ 75.10222507]
 [114.39574931]
 [119.82797976]]
Query step: 4
4:       x_0  x_1  x_2  y_0  y_1  y_2
93      0    2    1    0    3    1
177     0    3    1    0    3    1
2397    1    8    1    1    3    1
4680    2    9    1    1    3    1
2644    1    9    1    3    3    1           f_res
93    13.468174
177   19.005297
2397  42.344978
4680  47.740989
2644  47.383502
4: X_train und x_test:  [[1 8 5 1 1 3]
 [6 3 1 3 2 2]
 [5 3 9 1 3 2]
 [6 9 8 3 3 2]
 [7 1 9 1 1 1]
 [4 1 9 3 1 1]
 [6 1 9 2 1 1]
 [7 1 9 2 1 1]
 [9 1 9 3 1 2]
 [3 9 0 1 1 0]
 [9 9 0 1 1 0]
 [9 9 0 1 2 0]
 [3 9 0 1 3 0]
 [9 9 0 1 3 0]
 [9 6 1 3 3 3]
 [9 7 1 3 3 3]
 [9 9 1 3 3 3]
 [9 6 9 3 3 3]
 [9 7 9 3 3 3]
 [0 2 1 0 3 1]
 [0 3 1 0 3 1]
 [1 8 1 1 3 1]
 [2 9 1 1 3 1]
 [1 9 1 3 3 1]] [[ 49.6708111 ]
 [ 29.85638098]
 [ 82.32069545]
 [117.53771926]
 [ 32.28331135]
 [ 39.23090915]
 [ 37.59891736]
 [ 38.48746014]
 [ 74.76739713]
 [170.94887083]
 [ 22.9883661 ]
 [ 35.10545128]
 [ 47.15332945]
 [ 49.30441803]
 [ 56.04193797]
 [ 62.43779914]
 [ 75.10222507]
 [114.39574931]
 [119.82797976]
 [ 13.46817365]
 [ 19.00529679]
 [ 42.34497846]
 [ 47.74098936]
 [ 47.38350203]]
Query step: 5
5:     x_0  x_1  x_2  y_0  y_1  y_2
33    0    1    4    0    2    1
32    0    1    4    0    1    3
35    0    1    4    0    2    3
26    0    1    3    0    2    3
25    0    1    3    0    2    2         f_res
33  12.311941
32  30.873160
35  33.263998
26  24.455558
25  17.595143
5: X_train und x_test:  [[1 8 5 1 1 3]
 [6 3 1 3 2 2]
 [5 3 9 1 3 2]
 [6 9 8 3 3 2]
 [7 1 9 1 1 1]
 [4 1 9 3 1 1]
 [6 1 9 2 1 1]
 [7 1 9 2 1 1]
 [9 1 9 3 1 2]
 [3 9 0 1 1 0]
 [9 9 0 1 1 0]
 [9 9 0 1 2 0]
 [3 9 0 1 3 0]
 [9 9 0 1 3 0]
 [9 6 1 3 3 3]
 [9 7 1 3 3 3]
 [9 9 1 3 3 3]
 [9 6 9 3 3 3]
 [9 7 9 3 3 3]
 [0 2 1 0 3 1]
 [0 3 1 0 3 1]
 [1 8 1 1 3 1]
 [2 9 1 1 3 1]
 [1 9 1 3 3 1]
 [0 1 4 0 2 1]
 [0 1 4 0 1 3]
 [0 1 4 0 2 3]
 [0 1 3 0 2 3]
 [0 1 3 0 2 2]] [[ 49.6708111 ]
 [ 29.85638098]
 [ 82.32069545]
 [117.53771926]
 [ 32.28331135]
 [ 39.23090915]
 [ 37.59891736]
 [ 38.48746014]
 [ 74.76739713]
 [170.94887083]
 [ 22.9883661 ]
 [ 35.10545128]
 [ 47.15332945]
 [ 49.30441803]
 [ 56.04193797]
 [ 62.43779914]
 [ 75.10222507]
 [114.39574931]
 [119.82797976]
 [ 13.46817365]
 [ 19.00529679]
 [ 42.34497846]
 [ 47.74098936]
 [ 47.38350203]
 [ 12.31194113]
 [ 30.87315998]
 [ 33.26399797]
 [ 24.45555786]
 [ 17.5951426 ]]
Query step: 6
6:        x_0  x_1  x_2  y_0  y_1  y_2
16822    8    9    1    1    1    3
18751    9    8    2    1    1    3
19039    9    9    4    1    1    3
18742    9    8    1    3    1    3
19030    9    9    3    3    1    3            f_res
16822  30.132162
18751  31.962054
19039  46.064561
18742  44.815273
19030  57.641641
6: X_train und x_test:  [[1 8 5 1 1 3]
 [6 3 1 3 2 2]
 [5 3 9 1 3 2]
 [6 9 8 3 3 2]
 [7 1 9 1 1 1]
 [4 1 9 3 1 1]
 [6 1 9 2 1 1]
 [7 1 9 2 1 1]
 [9 1 9 3 1 2]
 [3 9 0 1 1 0]
 [9 9 0 1 1 0]
 [9 9 0 1 2 0]
 [3 9 0 1 3 0]
 [9 9 0 1 3 0]
 [9 6 1 3 3 3]
 [9 7 1 3 3 3]
 [9 9 1 3 3 3]
 [9 6 9 3 3 3]
 [9 7 9 3 3 3]
 [0 2 1 0 3 1]
 [0 3 1 0 3 1]
 [1 8 1 1 3 1]
 [2 9 1 1 3 1]
 [1 9 1 3 3 1]
 [0 1 4 0 2 1]
 [0 1 4 0 1 3]
 [0 1 4 0 2 3]
 [0 1 3 0 2 3]
 [0 1 3 0 2 2]
 [8 9 1 1 1 3]
 [9 8 2 1 1 3]
 [9 9 4 1 1 3]
 [9 8 1 3 1 3]
 [9 9 3 3 1 3]] [[ 49.6708111 ]
 [ 29.85638098]
 [ 82.32069545]
 [117.53771926]
 [ 32.28331135]
 [ 39.23090915]
 [ 37.59891736]
 [ 38.48746014]
 [ 74.76739713]
 [170.94887083]
 [ 22.9883661 ]
 [ 35.10545128]
 [ 47.15332945]
 [ 49.30441803]
 [ 56.04193797]
 [ 62.43779914]
 [ 75.10222507]
 [114.39574931]
 [119.82797976]
 [ 13.46817365]
 [ 19.00529679]
 [ 42.34497846]
 [ 47.74098936]
 [ 47.38350203]
 [ 12.31194113]
 [ 30.87315998]
 [ 33.26399797]
 [ 24.45555786]
 [ 17.5951426 ]
 [ 30.13216229]
 [ 31.96205363]
 [ 46.06456114]
 [ 44.81527339]
 [ 57.64164073]]
Query step: 7
7:        x_0  x_1  x_2  y_0  y_1  y_2
19165    9    9    9    1    1    1
19166    9    9    9    1    1    2
19168    9    9    9    1    2    1
19160    9    9    8    3    2    1
19163    9    9    8    3    3    1            f_res
19165  40.794016
19166  67.544324
19168  57.516251
19160  69.546846
19163  86.743365
7: X_train und x_test:  [[1 8 5 1 1 3]
 [6 3 1 3 2 2]
 [5 3 9 1 3 2]
 [6 9 8 3 3 2]
 [7 1 9 1 1 1]
 [4 1 9 3 1 1]
 [6 1 9 2 1 1]
 [7 1 9 2 1 1]
 [9 1 9 3 1 2]
 [3 9 0 1 1 0]
 [9 9 0 1 1 0]
 [9 9 0 1 2 0]
 [3 9 0 1 3 0]
 [9 9 0 1 3 0]
 [9 6 1 3 3 3]
 [9 7 1 3 3 3]
 [9 9 1 3 3 3]
 [9 6 9 3 3 3]
 [9 7 9 3 3 3]
 [0 2 1 0 3 1]
 [0 3 1 0 3 1]
 [1 8 1 1 3 1]
 [2 9 1 1 3 1]
 [1 9 1 3 3 1]
 [0 1 4 0 2 1]
 [0 1 4 0 1 3]
 [0 1 4 0 2 3]
 [0 1 3 0 2 3]
 [0 1 3 0 2 2]
 [8 9 1 1 1 3]
 [9 8 2 1 1 3]
 [9 9 4 1 1 3]
 [9 8 1 3 1 3]
 [9 9 3 3 1 3]
 [9 9 9 1 1 1]
 [9 9 9 1 1 2]
 [9 9 9 1 2 1]
 [9 9 8 3 2 1]
 [9 9 8 3 3 1]] [[ 49.6708111 ]
 [ 29.85638098]
 [ 82.32069545]
 [117.53771926]
 [ 32.28331135]
 [ 39.23090915]
 [ 37.59891736]
 [ 38.48746014]
 [ 74.76739713]
 [170.94887083]
 [ 22.9883661 ]
 [ 35.10545128]
 [ 47.15332945]
 [ 49.30441803]
 [ 56.04193797]
 [ 62.43779914]
 [ 75.10222507]
 [114.39574931]
 [119.82797976]
 [ 13.46817365]
 [ 19.00529679]
 [ 42.34497846]
 [ 47.74098936]
 [ 47.38350203]
 [ 12.31194113]
 [ 30.87315998]
 [ 33.26399797]
 [ 24.45555786]
 [ 17.5951426 ]
 [ 30.13216229]
 [ 31.96205363]
 [ 46.06456114]
 [ 44.81527339]
 [ 57.64164073]
 [ 40.79401605]
 [ 67.54432395]
 [ 57.51625051]
 [ 69.54684554]
 [ 86.74336501]]
Query step: 8
8:        x_0  x_1  x_2  y_0  y_1  y_2
630      0    8    9    0    1    1
17056    9    1    0    3    3    0
2826     1    9    9    1    3    1
2844     1    9    9    3    3    1
2837     1    9    9    2    3    3             f_res
630     29.981297
17056   29.147470
2826    69.601698
2844    71.862051
2837   100.659427
8: X_train und x_test:  [[1 8 5 1 1 3]
 [6 3 1 3 2 2]
 [5 3 9 1 3 2]
 [6 9 8 3 3 2]
 [7 1 9 1 1 1]
 [4 1 9 3 1 1]
 [6 1 9 2 1 1]
 [7 1 9 2 1 1]
 [9 1 9 3 1 2]
 [3 9 0 1 1 0]
 [9 9 0 1 1 0]
 [9 9 0 1 2 0]
 [3 9 0 1 3 0]
 [9 9 0 1 3 0]
 [9 6 1 3 3 3]
 [9 7 1 3 3 3]
 [9 9 1 3 3 3]
 [9 6 9 3 3 3]
 [9 7 9 3 3 3]
 [0 2 1 0 3 1]
 [0 3 1 0 3 1]
 [1 8 1 1 3 1]
 [2 9 1 1 3 1]
 [1 9 1 3 3 1]
 [0 1 4 0 2 1]
 [0 1 4 0 1 3]
 [0 1 4 0 2 3]
 [0 1 3 0 2 3]
 [0 1 3 0 2 2]
 [8 9 1 1 1 3]
 [9 8 2 1 1 3]
 [9 9 4 1 1 3]
 [9 8 1 3 1 3]
 [9 9 3 3 1 3]
 [9 9 9 1 1 1]
 [9 9 9 1 1 2]
 [9 9 9 1 2 1]
 [9 9 8 3 2 1]
 [9 9 8 3 3 1]
 [0 8 9 0 1 1]
 [9 1 0 3 3 0]
 [1 9 9 1 3 1]
 [1 9 9 3 3 1]
 [1 9 9 2 3 3]] [[ 49.6708111 ]
 [ 29.85638098]
 [ 82.32069545]
 [117.53771926]
 [ 32.28331135]
 [ 39.23090915]
 [ 37.59891736]
 [ 38.48746014]
 [ 74.76739713]
 [170.94887083]
 [ 22.9883661 ]
 [ 35.10545128]
 [ 47.15332945]
 [ 49.30441803]
 [ 56.04193797]
 [ 62.43779914]
 [ 75.10222507]
 [114.39574931]
 [119.82797976]
 [ 13.46817365]
 [ 19.00529679]
 [ 42.34497846]
 [ 47.74098936]
 [ 47.38350203]
 [ 12.31194113]
 [ 30.87315998]
 [ 33.26399797]
 [ 24.45555786]
 [ 17.5951426 ]
 [ 30.13216229]
 [ 31.96205363]
 [ 46.06456114]
 [ 44.81527339]
 [ 57.64164073]
 [ 40.79401605]
 [ 67.54432395]
 [ 57.51625051]
 [ 69.54684554]
 [ 86.74336501]
 [ 29.98129705]
 [ 29.14746984]
 [ 69.60169847]
 [ 71.86205089]
 [100.65942692]]
Query step: 9
9:       x_0  x_1  x_2  y_0  y_1  y_2
700     0    9    8    0    1    2
2579    1    8    8    3    1    2
2587    1    8    9    1    1    2
2804    1    9    8    2    1    2
2140    1    6    9    3    1    2           f_res
700   53.277441
2579  58.495687
2587  60.022656
2804  57.828310
2140  61.577510
9: X_train und x_test:  [[1 8 5 1 1 3]
 [6 3 1 3 2 2]
 [5 3 9 1 3 2]
 [6 9 8 3 3 2]
 [7 1 9 1 1 1]
 [4 1 9 3 1 1]
 [6 1 9 2 1 1]
 [7 1 9 2 1 1]
 [9 1 9 3 1 2]
 [3 9 0 1 1 0]
 [9 9 0 1 1 0]
 [9 9 0 1 2 0]
 [3 9 0 1 3 0]
 [9 9 0 1 3 0]
 [9 6 1 3 3 3]
 [9 7 1 3 3 3]
 [9 9 1 3 3 3]
 [9 6 9 3 3 3]
 [9 7 9 3 3 3]
 [0 2 1 0 3 1]
 [0 3 1 0 3 1]
 [1 8 1 1 3 1]
 [2 9 1 1 3 1]
 [1 9 1 3 3 1]
 [0 1 4 0 2 1]
 [0 1 4 0 1 3]
 [0 1 4 0 2 3]
 [0 1 3 0 2 3]
 [0 1 3 0 2 2]
 [8 9 1 1 1 3]
 [9 8 2 1 1 3]
 [9 9 4 1 1 3]
 [9 8 1 3 1 3]
 [9 9 3 3 1 3]
 [9 9 9 1 1 1]
 [9 9 9 1 1 2]
 [9 9 9 1 2 1]
 [9 9 8 3 2 1]
 [9 9 8 3 3 1]
 [0 8 9 0 1 1]
 [9 1 0 3 3 0]
 [1 9 9 1 3 1]
 [1 9 9 3 3 1]
 [1 9 9 2 3 3]
 [0 9 8 0 1 2]
 [1 8 8 3 1 2]
 [1 8 9 1 1 2]
 [1 9 8 2 1 2]
 [1 6 9 3 1 2]] [[ 49.6708111 ]
 [ 29.85638098]
 [ 82.32069545]
 [117.53771926]
 [ 32.28331135]
 [ 39.23090915]
 [ 37.59891736]
 [ 38.48746014]
 [ 74.76739713]
 [170.94887083]
 [ 22.9883661 ]
 [ 35.10545128]
 [ 47.15332945]
 [ 49.30441803]
 [ 56.04193797]
 [ 62.43779914]
 [ 75.10222507]
 [114.39574931]
 [119.82797976]
 [ 13.46817365]
 [ 19.00529679]
 [ 42.34497846]
 [ 47.74098936]
 [ 47.38350203]
 [ 12.31194113]
 [ 30.87315998]
 [ 33.26399797]
 [ 24.45555786]
 [ 17.5951426 ]
 [ 30.13216229]
 [ 31.96205363]
 [ 46.06456114]
 [ 44.81527339]
 [ 57.64164073]
 [ 40.79401605]
 [ 67.54432395]
 [ 57.51625051]
 [ 69.54684554]
 [ 86.74336501]
 [ 29.98129705]
 [ 29.14746984]
 [ 69.60169847]
 [ 71.86205089]
 [100.65942692]
 [ 53.27744083]
 [ 58.49568735]
 [ 60.02265635]
 [ 57.82830991]
 [ 61.57751007]]
Query step: 10
10:        x_0  x_1  x_2  y_0  y_1  y_2
15002    8    1    1    1    1    1
17763    9    4    1    1    1    1
17296    9    2    1    1    3    1
15020    8    1    1    3    1    1
17308    9    2    1    3    1    1            f_res
15002  13.825799
17763  16.600524
17296  18.336128
15020  26.911325
17308  30.542347
10: X_train und x_test:  [[1 8 5 1 1 3]
 [6 3 1 3 2 2]
 [5 3 9 1 3 2]
 [6 9 8 3 3 2]
 [7 1 9 1 1 1]
 [4 1 9 3 1 1]
 [6 1 9 2 1 1]
 [7 1 9 2 1 1]
 [9 1 9 3 1 2]
 [3 9 0 1 1 0]
 [9 9 0 1 1 0]
 [9 9 0 1 2 0]
 [3 9 0 1 3 0]
 [9 9 0 1 3 0]
 [9 6 1 3 3 3]
 [9 7 1 3 3 3]
 [9 9 1 3 3 3]
 [9 6 9 3 3 3]
 [9 7 9 3 3 3]
 [0 2 1 0 3 1]
 [0 3 1 0 3 1]
 [1 8 1 1 3 1]
 [2 9 1 1 3 1]
 [1 9 1 3 3 1]
 [0 1 4 0 2 1]
 [0 1 4 0 1 3]
 [0 1 4 0 2 3]
 [0 1 3 0 2 3]
 [0 1 3 0 2 2]
 [8 9 1 1 1 3]
 [9 8 2 1 1 3]
 [9 9 4 1 1 3]
 [9 8 1 3 1 3]
 [9 9 3 3 1 3]
 [9 9 9 1 1 1]
 [9 9 9 1 1 2]
 [9 9 9 1 2 1]
 [9 9 8 3 2 1]
 [9 9 8 3 3 1]
 [0 8 9 0 1 1]
 [9 1 0 3 3 0]
 [1 9 9 1 3 1]
 [1 9 9 3 3 1]
 [1 9 9 2 3 3]
 [0 9 8 0 1 2]
 [1 8 8 3 1 2]
 [1 8 9 1 1 2]
 [1 9 8 2 1 2]
 [1 6 9 3 1 2]
 [8 1 1 1 1 1]
 [9 4 1 1 1 1]
 [9 2 1 1 3 1]
 [8 1 1 3 1 1]
 [9 2 1 3 1 1]] [[ 49.6708111 ]
 [ 29.85638098]
 [ 82.32069545]
 [117.53771926]
 [ 32.28331135]
 [ 39.23090915]
 [ 37.59891736]
 [ 38.48746014]
 [ 74.76739713]
 [170.94887083]
 [ 22.9883661 ]
 [ 35.10545128]
 [ 47.15332945]
 [ 49.30441803]
 [ 56.04193797]
 [ 62.43779914]
 [ 75.10222507]
 [114.39574931]
 [119.82797976]
 [ 13.46817365]
 [ 19.00529679]
 [ 42.34497846]
 [ 47.74098936]
 [ 47.38350203]
 [ 12.31194113]
 [ 30.87315998]
 [ 33.26399797]
 [ 24.45555786]
 [ 17.5951426 ]
 [ 30.13216229]
 [ 31.96205363]
 [ 46.06456114]
 [ 44.81527339]
 [ 57.64164073]
 [ 40.79401605]
 [ 67.54432395]
 [ 57.51625051]
 [ 69.54684554]
 [ 86.74336501]
 [ 29.98129705]
 [ 29.14746984]
 [ 69.60169847]
 [ 71.86205089]
 [100.65942692]
 [ 53.27744083]
 [ 58.49568735]
 [ 60.02265635]
 [ 57.82830991]
 [ 61.57751007]
 [ 13.82579918]
 [ 16.60052419]
 [ 18.33612761]
 [ 26.91132522]
 [ 30.54234657]]
Query step: 11
11:       x_0  x_1  x_2  y_0  y_1  y_2
85      0    2    0    0    2    0
2415    1    8    1    3    3    2
571     0    8    1    0    3    2
665     0    9    3    0    3    2
706     0    9    8    0    3    2           f_res
85     8.185665
2415  47.173151
571   43.000789
665   53.201987
706   87.020959
11: X_train und x_test:  [[1 8 5 1 1 3]
 [6 3 1 3 2 2]
 [5 3 9 1 3 2]
 [6 9 8 3 3 2]
 [7 1 9 1 1 1]
 [4 1 9 3 1 1]
 [6 1 9 2 1 1]
 [7 1 9 2 1 1]
 [9 1 9 3 1 2]
 [3 9 0 1 1 0]
 [9 9 0 1 1 0]
 [9 9 0 1 2 0]
 [3 9 0 1 3 0]
 [9 9 0 1 3 0]
 [9 6 1 3 3 3]
 [9 7 1 3 3 3]
 [9 9 1 3 3 3]
 [9 6 9 3 3 3]
 [9 7 9 3 3 3]
 [0 2 1 0 3 1]
 [0 3 1 0 3 1]
 [1 8 1 1 3 1]
 [2 9 1 1 3 1]
 [1 9 1 3 3 1]
 [0 1 4 0 2 1]
 [0 1 4 0 1 3]
 [0 1 4 0 2 3]
 [0 1 3 0 2 3]
 [0 1 3 0 2 2]
 [8 9 1 1 1 3]
 [9 8 2 1 1 3]
 [9 9 4 1 1 3]
 [9 8 1 3 1 3]
 [9 9 3 3 1 3]
 [9 9 9 1 1 1]
 [9 9 9 1 1 2]
 [9 9 9 1 2 1]
 [9 9 8 3 2 1]
 [9 9 8 3 3 1]
 [0 8 9 0 1 1]
 [9 1 0 3 3 0]
 [1 9 9 1 3 1]
 [1 9 9 3 3 1]
 [1 9 9 2 3 3]
 [0 9 8 0 1 2]
 [1 8 8 3 1 2]
 [1 8 9 1 1 2]
 [1 9 8 2 1 2]
 [1 6 9 3 1 2]
 [8 1 1 1 1 1]
 [9 4 1 1 1 1]
 [9 2 1 1 3 1]
 [8 1 1 3 1 1]
 [9 2 1 3 1 1]
 [0 2 0 0 2 0]
 [1 8 1 3 3 2]
 [0 8 1 0 3 2]
 [0 9 3 0 3 2]
 [0 9 8 0 3 2]] [[ 49.6708111 ]
 [ 29.85638098]
 [ 82.32069545]
 [117.53771926]
 [ 32.28331135]
 [ 39.23090915]
 [ 37.59891736]
 [ 38.48746014]
 [ 74.76739713]
 [170.94887083]
 [ 22.9883661 ]
 [ 35.10545128]
 [ 47.15332945]
 [ 49.30441803]
 [ 56.04193797]
 [ 62.43779914]
 [ 75.10222507]
 [114.39574931]
 [119.82797976]
 [ 13.46817365]
 [ 19.00529679]
 [ 42.34497846]
 [ 47.74098936]
 [ 47.38350203]
 [ 12.31194113]
 [ 30.87315998]
 [ 33.26399797]
 [ 24.45555786]
 [ 17.5951426 ]
 [ 30.13216229]
 [ 31.96205363]
 [ 46.06456114]
 [ 44.81527339]
 [ 57.64164073]
 [ 40.79401605]
 [ 67.54432395]
 [ 57.51625051]
 [ 69.54684554]
 [ 86.74336501]
 [ 29.98129705]
 [ 29.14746984]
 [ 69.60169847]
 [ 71.86205089]
 [100.65942692]
 [ 53.27744083]
 [ 58.49568735]
 [ 60.02265635]
 [ 57.82830991]
 [ 61.57751007]
 [ 13.82579918]
 [ 16.60052419]
 [ 18.33612761]
 [ 26.91132522]
 [ 30.54234657]
 [  8.18566502]
 [ 47.17315132]
 [ 43.00078884]
 [ 53.20198727]
 [ 87.02095854]]
Query step: 12
12:        x_0  x_1  x_2  y_0  y_1  y_2
11147    6    1    8    2    1    3
9145     5    1    8    3    1    3
9379     5    2    9    3    1    3
13158    7    1    8    3    1    3
15218    8    1    9    3    1    3            f_res
11147  86.534603
9145   93.198348
9379   99.384629
13158  94.118063
15218  99.812769
12: X_train und x_test:  [[1 8 5 1 1 3]
 [6 3 1 3 2 2]
 [5 3 9 1 3 2]
 [6 9 8 3 3 2]
 [7 1 9 1 1 1]
 [4 1 9 3 1 1]
 [6 1 9 2 1 1]
 [7 1 9 2 1 1]
 [9 1 9 3 1 2]
 [3 9 0 1 1 0]
 [9 9 0 1 1 0]
 [9 9 0 1 2 0]
 [3 9 0 1 3 0]
 [9 9 0 1 3 0]
 [9 6 1 3 3 3]
 [9 7 1 3 3 3]
 [9 9 1 3 3 3]
 [9 6 9 3 3 3]
 [9 7 9 3 3 3]
 [0 2 1 0 3 1]
 [0 3 1 0 3 1]
 [1 8 1 1 3 1]
 [2 9 1 1 3 1]
 [1 9 1 3 3 1]
 [0 1 4 0 2 1]
 [0 1 4 0 1 3]
 [0 1 4 0 2 3]
 [0 1 3 0 2 3]
 [0 1 3 0 2 2]
 [8 9 1 1 1 3]
 [9 8 2 1 1 3]
 [9 9 4 1 1 3]
 [9 8 1 3 1 3]
 [9 9 3 3 1 3]
 [9 9 9 1 1 1]
 [9 9 9 1 1 2]
 [9 9 9 1 2 1]
 [9 9 8 3 2 1]
 [9 9 8 3 3 1]
 [0 8 9 0 1 1]
 [9 1 0 3 3 0]
 [1 9 9 1 3 1]
 [1 9 9 3 3 1]
 [1 9 9 2 3 3]
 [0 9 8 0 1 2]
 [1 8 8 3 1 2]
 [1 8 9 1 1 2]
 [1 9 8 2 1 2]
 [1 6 9 3 1 2]
 [8 1 1 1 1 1]
 [9 4 1 1 1 1]
 [9 2 1 1 3 1]
 [8 1 1 3 1 1]
 [9 2 1 3 1 1]
 [0 2 0 0 2 0]
 [1 8 1 3 3 2]
 [0 8 1 0 3 2]
 [0 9 3 0 3 2]
 [0 9 8 0 3 2]
 [6 1 8 2 1 3]
 [5 1 8 3 1 3]
 [5 2 9 3 1 3]
 [7 1 8 3 1 3]
 [8 1 9 3 1 3]] [[ 49.6708111 ]
 [ 29.85638098]
 [ 82.32069545]
 [117.53771926]
 [ 32.28331135]
 [ 39.23090915]
 [ 37.59891736]
 [ 38.48746014]
 [ 74.76739713]
 [170.94887083]
 [ 22.9883661 ]
 [ 35.10545128]
 [ 47.15332945]
 [ 49.30441803]
 [ 56.04193797]
 [ 62.43779914]
 [ 75.10222507]
 [114.39574931]
 [119.82797976]
 [ 13.46817365]
 [ 19.00529679]
 [ 42.34497846]
 [ 47.74098936]
 [ 47.38350203]
 [ 12.31194113]
 [ 30.87315998]
 [ 33.26399797]
 [ 24.45555786]
 [ 17.5951426 ]
 [ 30.13216229]
 [ 31.96205363]
 [ 46.06456114]
 [ 44.81527339]
 [ 57.64164073]
 [ 40.79401605]
 [ 67.54432395]
 [ 57.51625051]
 [ 69.54684554]
 [ 86.74336501]
 [ 29.98129705]
 [ 29.14746984]
 [ 69.60169847]
 [ 71.86205089]
 [100.65942692]
 [ 53.27744083]
 [ 58.49568735]
 [ 60.02265635]
 [ 57.82830991]
 [ 61.57751007]
 [ 13.82579918]
 [ 16.60052419]
 [ 18.33612761]
 [ 26.91132522]
 [ 30.54234657]
 [  8.18566502]
 [ 47.17315132]
 [ 43.00078884]
 [ 53.20198727]
 [ 87.02095854]
 [ 86.53460275]
 [ 93.19834772]
 [ 99.38462872]
 [ 94.11806295]
 [ 99.81276926]]
Query step: 13
13:        x_0  x_1  x_2  y_0  y_1  y_2
12960    7    1    0    1    1    0
17297    9    2    1    1    3    2
17073    9    1    1    2    3    2
18492    9    7    1    1    3    2
18982    9    9    1    3    3    2             f_res
12960  126.782271
17297   19.281539
17073   28.879616
18492   44.856834
18982   72.488010
13: X_train und x_test:  [[1 8 5 1 1 3]
 [6 3 1 3 2 2]
 [5 3 9 1 3 2]
 [6 9 8 3 3 2]
 [7 1 9 1 1 1]
 [4 1 9 3 1 1]
 [6 1 9 2 1 1]
 [7 1 9 2 1 1]
 [9 1 9 3 1 2]
 [3 9 0 1 1 0]
 [9 9 0 1 1 0]
 [9 9 0 1 2 0]
 [3 9 0 1 3 0]
 [9 9 0 1 3 0]
 [9 6 1 3 3 3]
 [9 7 1 3 3 3]
 [9 9 1 3 3 3]
 [9 6 9 3 3 3]
 [9 7 9 3 3 3]
 [0 2 1 0 3 1]
 [0 3 1 0 3 1]
 [1 8 1 1 3 1]
 [2 9 1 1 3 1]
 [1 9 1 3 3 1]
 [0 1 4 0 2 1]
 [0 1 4 0 1 3]
 [0 1 4 0 2 3]
 [0 1 3 0 2 3]
 [0 1 3 0 2 2]
 [8 9 1 1 1 3]
 [9 8 2 1 1 3]
 [9 9 4 1 1 3]
 [9 8 1 3 1 3]
 [9 9 3 3 1 3]
 [9 9 9 1 1 1]
 [9 9 9 1 1 2]
 [9 9 9 1 2 1]
 [9 9 8 3 2 1]
 [9 9 8 3 3 1]
 [0 8 9 0 1 1]
 [9 1 0 3 3 0]
 [1 9 9 1 3 1]
 [1 9 9 3 3 1]
 [1 9 9 2 3 3]
 [0 9 8 0 1 2]
 [1 8 8 3 1 2]
 [1 8 9 1 1 2]
 [1 9 8 2 1 2]
 [1 6 9 3 1 2]
 [8 1 1 1 1 1]
 [9 4 1 1 1 1]
 [9 2 1 1 3 1]
 [8 1 1 3 1 1]
 [9 2 1 3 1 1]
 [0 2 0 0 2 0]
 [1 8 1 3 3 2]
 [0 8 1 0 3 2]
 [0 9 3 0 3 2]
 [0 9 8 0 3 2]
 [6 1 8 2 1 3]
 [5 1 8 3 1 3]
 [5 2 9 3 1 3]
 [7 1 8 3 1 3]
 [8 1 9 3 1 3]
 [7 1 0 1 1 0]
 [9 2 1 1 3 2]
 [9 1 1 2 3 2]
 [9 7 1 1 3 2]
 [9 9 1 3 3 2]] [[ 49.6708111 ]
 [ 29.85638098]
 [ 82.32069545]
 [117.53771926]
 [ 32.28331135]
 [ 39.23090915]
 [ 37.59891736]
 [ 38.48746014]
 [ 74.76739713]
 [170.94887083]
 [ 22.9883661 ]
 [ 35.10545128]
 [ 47.15332945]
 [ 49.30441803]
 [ 56.04193797]
 [ 62.43779914]
 [ 75.10222507]
 [114.39574931]
 [119.82797976]
 [ 13.46817365]
 [ 19.00529679]
 [ 42.34497846]
 [ 47.74098936]
 [ 47.38350203]
 [ 12.31194113]
 [ 30.87315998]
 [ 33.26399797]
 [ 24.45555786]
 [ 17.5951426 ]
 [ 30.13216229]
 [ 31.96205363]
 [ 46.06456114]
 [ 44.81527339]
 [ 57.64164073]
 [ 40.79401605]
 [ 67.54432395]
 [ 57.51625051]
 [ 69.54684554]
 [ 86.74336501]
 [ 29.98129705]
 [ 29.14746984]
 [ 69.60169847]
 [ 71.86205089]
 [100.65942692]
 [ 53.27744083]
 [ 58.49568735]
 [ 60.02265635]
 [ 57.82830991]
 [ 61.57751007]
 [ 13.82579918]
 [ 16.60052419]
 [ 18.33612761]
 [ 26.91132522]
 [ 30.54234657]
 [  8.18566502]
 [ 47.17315132]
 [ 43.00078884]
 [ 53.20198727]
 [ 87.02095854]
 [ 86.53460275]
 [ 93.19834772]
 [ 99.38462872]
 [ 94.11806295]
 [ 99.81276926]
 [126.78227076]
 [ 19.28153908]
 [ 28.87961643]
 [ 44.85683356]
 [ 72.48801035]]
Query step: 14
14:       x_0  x_1  x_2  y_0  y_1  y_2
4674    2    9    1    1    1    1
2664    1    9    2    3    1    1
8740    4    9    1    1    3    3
4699    2    9    1    3    3    3
6519    3    8    1    3    3    3           f_res
4674  20.415864
2664  20.491052
8740  55.719106
4699  58.223347
6519  58.831207
14: X_train und x_test:  [[1 8 5 1 1 3]
 [6 3 1 3 2 2]
 [5 3 9 1 3 2]
 [6 9 8 3 3 2]
 [7 1 9 1 1 1]
 [4 1 9 3 1 1]
 [6 1 9 2 1 1]
 [7 1 9 2 1 1]
 [9 1 9 3 1 2]
 [3 9 0 1 1 0]
 [9 9 0 1 1 0]
 [9 9 0 1 2 0]
 [3 9 0 1 3 0]
 [9 9 0 1 3 0]
 [9 6 1 3 3 3]
 [9 7 1 3 3 3]
 [9 9 1 3 3 3]
 [9 6 9 3 3 3]
 [9 7 9 3 3 3]
 [0 2 1 0 3 1]
 [0 3 1 0 3 1]
 [1 8 1 1 3 1]
 [2 9 1 1 3 1]
 [1 9 1 3 3 1]
 [0 1 4 0 2 1]
 [0 1 4 0 1 3]
 [0 1 4 0 2 3]
 [0 1 3 0 2 3]
 [0 1 3 0 2 2]
 [8 9 1 1 1 3]
 [9 8 2 1 1 3]
 [9 9 4 1 1 3]
 [9 8 1 3 1 3]
 [9 9 3 3 1 3]
 [9 9 9 1 1 1]
 [9 9 9 1 1 2]
 [9 9 9 1 2 1]
 [9 9 8 3 2 1]
 [9 9 8 3 3 1]
 [0 8 9 0 1 1]
 [9 1 0 3 3 0]
 [1 9 9 1 3 1]
 [1 9 9 3 3 1]
 [1 9 9 2 3 3]
 [0 9 8 0 1 2]
 [1 8 8 3 1 2]
 [1 8 9 1 1 2]
 [1 9 8 2 1 2]
 [1 6 9 3 1 2]
 [8 1 1 1 1 1]
 [9 4 1 1 1 1]
 [9 2 1 1 3 1]
 [8 1 1 3 1 1]
 [9 2 1 3 1 1]
 [0 2 0 0 2 0]
 [1 8 1 3 3 2]
 [0 8 1 0 3 2]
 [0 9 3 0 3 2]
 [0 9 8 0 3 2]
 [6 1 8 2 1 3]
 [5 1 8 3 1 3]
 [5 2 9 3 1 3]
 [7 1 8 3 1 3]
 [8 1 9 3 1 3]
 [7 1 0 1 1 0]
 [9 2 1 1 3 2]
 [9 1 1 2 3 2]
 [9 7 1 1 3 2]
 [9 9 1 3 3 2]
 [2 9 1 1 1 1]
 [1 9 2 3 1 1]
 [4 9 1 1 3 3]
 [2 9 1 3 3 3]
 [3 8 1 3 3 3]] [[ 49.6708111 ]
 [ 29.85638098]
 [ 82.32069545]
 [117.53771926]
 [ 32.28331135]
 [ 39.23090915]
 [ 37.59891736]
 [ 38.48746014]
 [ 74.76739713]
 [170.94887083]
 [ 22.9883661 ]
 [ 35.10545128]
 [ 47.15332945]
 [ 49.30441803]
 [ 56.04193797]
 [ 62.43779914]
 [ 75.10222507]
 [114.39574931]
 [119.82797976]
 [ 13.46817365]
 [ 19.00529679]
 [ 42.34497846]
 [ 47.74098936]
 [ 47.38350203]
 [ 12.31194113]
 [ 30.87315998]
 [ 33.26399797]
 [ 24.45555786]
 [ 17.5951426 ]
 [ 30.13216229]
 [ 31.96205363]
 [ 46.06456114]
 [ 44.81527339]
 [ 57.64164073]
 [ 40.79401605]
 [ 67.54432395]
 [ 57.51625051]
 [ 69.54684554]
 [ 86.74336501]
 [ 29.98129705]
 [ 29.14746984]
 [ 69.60169847]
 [ 71.86205089]
 [100.65942692]
 [ 53.27744083]
 [ 58.49568735]
 [ 60.02265635]
 [ 57.82830991]
 [ 61.57751007]
 [ 13.82579918]
 [ 16.60052419]
 [ 18.33612761]
 [ 26.91132522]
 [ 30.54234657]
 [  8.18566502]
 [ 47.17315132]
 [ 43.00078884]
 [ 53.20198727]
 [ 87.02095854]
 [ 86.53460275]
 [ 93.19834772]
 [ 99.38462872]
 [ 94.11806295]
 [ 99.81276926]
 [126.78227076]
 [ 19.28153908]
 [ 28.87961643]
 [ 44.85683356]
 [ 72.48801035]
 [ 20.41586433]
 [ 20.49105161]
 [ 55.71910592]
 [ 58.22334708]
 [ 58.83120701]]
Query step: 15
15:        x_0  x_1  x_2  y_0  y_1  y_2
7143     4    1    9    1    3    1
18724    9    8    1    1    1    2
7151     4    1    9    2    3    1
11158    6    1    8    3    3    1
18741    9    8    1    3    1    2            f_res
7143   42.122611
18724  25.988939
7151   46.871955
11158  46.772656
18741  41.216039
15: X_train und x_test:  [[1 8 5 1 1 3]
 [6 3 1 3 2 2]
 [5 3 9 1 3 2]
 [6 9 8 3 3 2]
 [7 1 9 1 1 1]
 [4 1 9 3 1 1]
 [6 1 9 2 1 1]
 [7 1 9 2 1 1]
 [9 1 9 3 1 2]
 [3 9 0 1 1 0]
 [9 9 0 1 1 0]
 [9 9 0 1 2 0]
 [3 9 0 1 3 0]
 [9 9 0 1 3 0]
 [9 6 1 3 3 3]
 [9 7 1 3 3 3]
 [9 9 1 3 3 3]
 [9 6 9 3 3 3]
 [9 7 9 3 3 3]
 [0 2 1 0 3 1]
 [0 3 1 0 3 1]
 [1 8 1 1 3 1]
 [2 9 1 1 3 1]
 [1 9 1 3 3 1]
 [0 1 4 0 2 1]
 [0 1 4 0 1 3]
 [0 1 4 0 2 3]
 [0 1 3 0 2 3]
 [0 1 3 0 2 2]
 [8 9 1 1 1 3]
 [9 8 2 1 1 3]
 [9 9 4 1 1 3]
 [9 8 1 3 1 3]
 [9 9 3 3 1 3]
 [9 9 9 1 1 1]
 [9 9 9 1 1 2]
 [9 9 9 1 2 1]
 [9 9 8 3 2 1]
 [9 9 8 3 3 1]
 [0 8 9 0 1 1]
 [9 1 0 3 3 0]
 [1 9 9 1 3 1]
 [1 9 9 3 3 1]
 [1 9 9 2 3 3]
 [0 9 8 0 1 2]
 [1 8 8 3 1 2]
 [1 8 9 1 1 2]
 [1 9 8 2 1 2]
 [1 6 9 3 1 2]
 [8 1 1 1 1 1]
 [9 4 1 1 1 1]
 [9 2 1 1 3 1]
 [8 1 1 3 1 1]
 [9 2 1 3 1 1]
 [0 2 0 0 2 0]
 [1 8 1 3 3 2]
 [0 8 1 0 3 2]
 [0 9 3 0 3 2]
 [0 9 8 0 3 2]
 [6 1 8 2 1 3]
 [5 1 8 3 1 3]
 [5 2 9 3 1 3]
 [7 1 8 3 1 3]
 [8 1 9 3 1 3]
 [7 1 0 1 1 0]
 [9 2 1 1 3 2]
 [9 1 1 2 3 2]
 [9 7 1 1 3 2]
 [9 9 1 3 3 2]
 [2 9 1 1 1 1]
 [1 9 2 3 1 1]
 [4 9 1 1 3 3]
 [2 9 1 3 3 3]
 [3 8 1 3 3 3]
 [4 1 9 1 3 1]
 [9 8 1 1 1 2]
 [4 1 9 2 3 1]
 [6 1 8 3 3 1]
 [9 8 1 3 1 2]] [[ 49.6708111 ]
 [ 29.85638098]
 [ 82.32069545]
 [117.53771926]
 [ 32.28331135]
 [ 39.23090915]
 [ 37.59891736]
 [ 38.48746014]
 [ 74.76739713]
 [170.94887083]
 [ 22.9883661 ]
 [ 35.10545128]
 [ 47.15332945]
 [ 49.30441803]
 [ 56.04193797]
 [ 62.43779914]
 [ 75.10222507]
 [114.39574931]
 [119.82797976]
 [ 13.46817365]
 [ 19.00529679]
 [ 42.34497846]
 [ 47.74098936]
 [ 47.38350203]
 [ 12.31194113]
 [ 30.87315998]
 [ 33.26399797]
 [ 24.45555786]
 [ 17.5951426 ]
 [ 30.13216229]
 [ 31.96205363]
 [ 46.06456114]
 [ 44.81527339]
 [ 57.64164073]
 [ 40.79401605]
 [ 67.54432395]
 [ 57.51625051]
 [ 69.54684554]
 [ 86.74336501]
 [ 29.98129705]
 [ 29.14746984]
 [ 69.60169847]
 [ 71.86205089]
 [100.65942692]
 [ 53.27744083]
 [ 58.49568735]
 [ 60.02265635]
 [ 57.82830991]
 [ 61.57751007]
 [ 13.82579918]
 [ 16.60052419]
 [ 18.33612761]
 [ 26.91132522]
 [ 30.54234657]
 [  8.18566502]
 [ 47.17315132]
 [ 43.00078884]
 [ 53.20198727]
 [ 87.02095854]
 [ 86.53460275]
 [ 93.19834772]
 [ 99.38462872]
 [ 94.11806295]
 [ 99.81276926]
 [126.78227076]
 [ 19.28153908]
 [ 28.87961643]
 [ 44.85683356]
 [ 72.48801035]
 [ 20.41586433]
 [ 20.49105161]
 [ 55.71910592]
 [ 58.22334708]
 [ 58.83120701]
 [ 42.12261139]
 [ 25.98893897]
 [ 46.87195539]
 [ 46.77265623]
 [ 41.21603875]]
Query step: 16
16:       x_0  x_1  x_2  y_0  y_1  y_2
3088    2    2    0    3    3    0
4897    3    1    0    2    3    0
6934    4    1    0    1    3    0
7170    4    2    0    3    3    0
8956    5    1    0    3    3    0           f_res
3088  16.888425
4897  12.778700
6934  10.121861
7170  21.344721
8956  20.282731
16: X_train und x_test:  [[1 8 5 1 1 3]
 [6 3 1 3 2 2]
 [5 3 9 1 3 2]
 [6 9 8 3 3 2]
 [7 1 9 1 1 1]
 [4 1 9 3 1 1]
 [6 1 9 2 1 1]
 [7 1 9 2 1 1]
 [9 1 9 3 1 2]
 [3 9 0 1 1 0]
 [9 9 0 1 1 0]
 [9 9 0 1 2 0]
 [3 9 0 1 3 0]
 [9 9 0 1 3 0]
 [9 6 1 3 3 3]
 [9 7 1 3 3 3]
 [9 9 1 3 3 3]
 [9 6 9 3 3 3]
 [9 7 9 3 3 3]
 [0 2 1 0 3 1]
 [0 3 1 0 3 1]
 [1 8 1 1 3 1]
 [2 9 1 1 3 1]
 [1 9 1 3 3 1]
 [0 1 4 0 2 1]
 [0 1 4 0 1 3]
 [0 1 4 0 2 3]
 [0 1 3 0 2 3]
 [0 1 3 0 2 2]
 [8 9 1 1 1 3]
 [9 8 2 1 1 3]
 [9 9 4 1 1 3]
 [9 8 1 3 1 3]
 [9 9 3 3 1 3]
 [9 9 9 1 1 1]
 [9 9 9 1 1 2]
 [9 9 9 1 2 1]
 [9 9 8 3 2 1]
 [9 9 8 3 3 1]
 [0 8 9 0 1 1]
 [9 1 0 3 3 0]
 [1 9 9 1 3 1]
 [1 9 9 3 3 1]
 [1 9 9 2 3 3]
 [0 9 8 0 1 2]
 [1 8 8 3 1 2]
 [1 8 9 1 1 2]
 [1 9 8 2 1 2]
 [1 6 9 3 1 2]
 [8 1 1 1 1 1]
 [9 4 1 1 1 1]
 [9 2 1 1 3 1]
 [8 1 1 3 1 1]
 [9 2 1 3 1 1]
 [0 2 0 0 2 0]
 [1 8 1 3 3 2]
 [0 8 1 0 3 2]
 [0 9 3 0 3 2]
 [0 9 8 0 3 2]
 [6 1 8 2 1 3]
 [5 1 8 3 1 3]
 [5 2 9 3 1 3]
 [7 1 8 3 1 3]
 [8 1 9 3 1 3]
 [7 1 0 1 1 0]
 [9 2 1 1 3 2]
 [9 1 1 2 3 2]
 [9 7 1 1 3 2]
 [9 9 1 3 3 2]
 [2 9 1 1 1 1]
 [1 9 2 3 1 1]
 [4 9 1 1 3 3]
 [2 9 1 3 3 3]
 [3 8 1 3 3 3]
 [4 1 9 1 3 1]
 [9 8 1 1 1 2]
 [4 1 9 2 3 1]
 [6 1 8 3 3 1]
 [9 8 1 3 1 2]
 [2 2 0 3 3 0]
 [3 1 0 2 3 0]
 [4 1 0 1 3 0]
 [4 2 0 3 3 0]
 [5 1 0 3 3 0]] [[ 49.6708111 ]
 [ 29.85638098]
 [ 82.32069545]
 [117.53771926]
 [ 32.28331135]
 [ 39.23090915]
 [ 37.59891736]
 [ 38.48746014]
 [ 74.76739713]
 [170.94887083]
 [ 22.9883661 ]
 [ 35.10545128]
 [ 47.15332945]
 [ 49.30441803]
 [ 56.04193797]
 [ 62.43779914]
 [ 75.10222507]
 [114.39574931]
 [119.82797976]
 [ 13.46817365]
 [ 19.00529679]
 [ 42.34497846]
 [ 47.74098936]
 [ 47.38350203]
 [ 12.31194113]
 [ 30.87315998]
 [ 33.26399797]
 [ 24.45555786]
 [ 17.5951426 ]
 [ 30.13216229]
 [ 31.96205363]
 [ 46.06456114]
 [ 44.81527339]
 [ 57.64164073]
 [ 40.79401605]
 [ 67.54432395]
 [ 57.51625051]
 [ 69.54684554]
 [ 86.74336501]
 [ 29.98129705]
 [ 29.14746984]
 [ 69.60169847]
 [ 71.86205089]
 [100.65942692]
 [ 53.27744083]
 [ 58.49568735]
 [ 60.02265635]
 [ 57.82830991]
 [ 61.57751007]
 [ 13.82579918]
 [ 16.60052419]
 [ 18.33612761]
 [ 26.91132522]
 [ 30.54234657]
 [  8.18566502]
 [ 47.17315132]
 [ 43.00078884]
 [ 53.20198727]
 [ 87.02095854]
 [ 86.53460275]
 [ 93.19834772]
 [ 99.38462872]
 [ 94.11806295]
 [ 99.81276926]
 [126.78227076]
 [ 19.28153908]
 [ 28.87961643]
 [ 44.85683356]
 [ 72.48801035]
 [ 20.41586433]
 [ 20.49105161]
 [ 55.71910592]
 [ 58.22334708]
 [ 58.83120701]
 [ 42.12261139]
 [ 25.98893897]
 [ 46.87195539]
 [ 46.77265623]
 [ 41.21603875]
 [ 16.88842478]
 [ 12.7787005 ]
 [ 10.12186087]
 [ 21.34472061]
 [ 20.28273083]]
Query step: 17
17:       x_0  x_1  x_2  y_0  y_1  y_2
3090    2    2    1    1    1    2
5134    3    2    1    1    1    2
6942    4    1    1    1    1    2
983     1    2    1    3    1    2
3106    2    2    1    3    1    2           f_res
3090  10.936390
5134  12.338146
6942  11.455820
983   11.471751
3106  15.437415
17: X_train und x_test:  [[1 8 5 1 1 3]
 [6 3 1 3 2 2]
 [5 3 9 1 3 2]
 [6 9 8 3 3 2]
 [7 1 9 1 1 1]
 [4 1 9 3 1 1]
 [6 1 9 2 1 1]
 [7 1 9 2 1 1]
 [9 1 9 3 1 2]
 [3 9 0 1 1 0]
 [9 9 0 1 1 0]
 [9 9 0 1 2 0]
 [3 9 0 1 3 0]
 [9 9 0 1 3 0]
 [9 6 1 3 3 3]
 [9 7 1 3 3 3]
 [9 9 1 3 3 3]
 [9 6 9 3 3 3]
 [9 7 9 3 3 3]
 [0 2 1 0 3 1]
 [0 3 1 0 3 1]
 [1 8 1 1 3 1]
 [2 9 1 1 3 1]
 [1 9 1 3 3 1]
 [0 1 4 0 2 1]
 [0 1 4 0 1 3]
 [0 1 4 0 2 3]
 [0 1 3 0 2 3]
 [0 1 3 0 2 2]
 [8 9 1 1 1 3]
 [9 8 2 1 1 3]
 [9 9 4 1 1 3]
 [9 8 1 3 1 3]
 [9 9 3 3 1 3]
 [9 9 9 1 1 1]
 [9 9 9 1 1 2]
 [9 9 9 1 2 1]
 [9 9 8 3 2 1]
 [9 9 8 3 3 1]
 [0 8 9 0 1 1]
 [9 1 0 3 3 0]
 [1 9 9 1 3 1]
 [1 9 9 3 3 1]
 [1 9 9 2 3 3]
 [0 9 8 0 1 2]
 [1 8 8 3 1 2]
 [1 8 9 1 1 2]
 [1 9 8 2 1 2]
 [1 6 9 3 1 2]
 [8 1 1 1 1 1]
 [9 4 1 1 1 1]
 [9 2 1 1 3 1]
 [8 1 1 3 1 1]
 [9 2 1 3 1 1]
 [0 2 0 0 2 0]
 [1 8 1 3 3 2]
 [0 8 1 0 3 2]
 [0 9 3 0 3 2]
 [0 9 8 0 3 2]
 [6 1 8 2 1 3]
 [5 1 8 3 1 3]
 [5 2 9 3 1 3]
 [7 1 8 3 1 3]
 [8 1 9 3 1 3]
 [7 1 0 1 1 0]
 [9 2 1 1 3 2]
 [9 1 1 2 3 2]
 [9 7 1 1 3 2]
 [9 9 1 3 3 2]
 [2 9 1 1 1 1]
 [1 9 2 3 1 1]
 [4 9 1 1 3 3]
 [2 9 1 3 3 3]
 [3 8 1 3 3 3]
 [4 1 9 1 3 1]
 [9 8 1 1 1 2]
 [4 1 9 2 3 1]
 [6 1 8 3 3 1]
 [9 8 1 3 1 2]
 [2 2 0 3 3 0]
 [3 1 0 2 3 0]
 [4 1 0 1 3 0]
 [4 2 0 3 3 0]
 [5 1 0 3 3 0]
 [2 2 1 1 1 2]
 [3 2 1 1 1 2]
 [4 1 1 1 1 2]
 [1 2 1 3 1 2]
 [2 2 1 3 1 2]] [[ 49.6708111 ]
 [ 29.85638098]
 [ 82.32069545]
 [117.53771926]
 [ 32.28331135]
 [ 39.23090915]
 [ 37.59891736]
 [ 38.48746014]
 [ 74.76739713]
 [170.94887083]
 [ 22.9883661 ]
 [ 35.10545128]
 [ 47.15332945]
 [ 49.30441803]
 [ 56.04193797]
 [ 62.43779914]
 [ 75.10222507]
 [114.39574931]
 [119.82797976]
 [ 13.46817365]
 [ 19.00529679]
 [ 42.34497846]
 [ 47.74098936]
 [ 47.38350203]
 [ 12.31194113]
 [ 30.87315998]
 [ 33.26399797]
 [ 24.45555786]
 [ 17.5951426 ]
 [ 30.13216229]
 [ 31.96205363]
 [ 46.06456114]
 [ 44.81527339]
 [ 57.64164073]
 [ 40.79401605]
 [ 67.54432395]
 [ 57.51625051]
 [ 69.54684554]
 [ 86.74336501]
 [ 29.98129705]
 [ 29.14746984]
 [ 69.60169847]
 [ 71.86205089]
 [100.65942692]
 [ 53.27744083]
 [ 58.49568735]
 [ 60.02265635]
 [ 57.82830991]
 [ 61.57751007]
 [ 13.82579918]
 [ 16.60052419]
 [ 18.33612761]
 [ 26.91132522]
 [ 30.54234657]
 [  8.18566502]
 [ 47.17315132]
 [ 43.00078884]
 [ 53.20198727]
 [ 87.02095854]
 [ 86.53460275]
 [ 93.19834772]
 [ 99.38462872]
 [ 94.11806295]
 [ 99.81276926]
 [126.78227076]
 [ 19.28153908]
 [ 28.87961643]
 [ 44.85683356]
 [ 72.48801035]
 [ 20.41586433]
 [ 20.49105161]
 [ 55.71910592]
 [ 58.22334708]
 [ 58.83120701]
 [ 42.12261139]
 [ 25.98893897]
 [ 46.87195539]
 [ 46.77265623]
 [ 41.21603875]
 [ 16.88842478]
 [ 12.7787005 ]
 [ 10.12186087]
 [ 21.34472061]
 [ 20.28273083]
 [ 10.93639028]
 [ 12.33814627]
 [ 11.45582027]
 [ 11.47175064]
 [ 15.43741549]]
Query step: 18
18:        x_0  x_1  x_2  y_0  y_1  y_2
11       0    1    1    0    3    3
932      1    1    8    3    3    3
17262    9    1    9    1    3    2
3079     2    1    9    3    3    3
17510    9    2    9    3    3    2            f_res
11      7.654147
932    68.000608
17262  62.760721
3079   79.555614
17510  90.346988
18: X_train und x_test:  [[1 8 5 1 1 3]
 [6 3 1 3 2 2]
 [5 3 9 1 3 2]
 [6 9 8 3 3 2]
 [7 1 9 1 1 1]
 [4 1 9 3 1 1]
 [6 1 9 2 1 1]
 [7 1 9 2 1 1]
 [9 1 9 3 1 2]
 [3 9 0 1 1 0]
 [9 9 0 1 1 0]
 [9 9 0 1 2 0]
 [3 9 0 1 3 0]
 [9 9 0 1 3 0]
 [9 6 1 3 3 3]
 [9 7 1 3 3 3]
 [9 9 1 3 3 3]
 [9 6 9 3 3 3]
 [9 7 9 3 3 3]
 [0 2 1 0 3 1]
 [0 3 1 0 3 1]
 [1 8 1 1 3 1]
 [2 9 1 1 3 1]
 [1 9 1 3 3 1]
 [0 1 4 0 2 1]
 [0 1 4 0 1 3]
 [0 1 4 0 2 3]
 [0 1 3 0 2 3]
 [0 1 3 0 2 2]
 [8 9 1 1 1 3]
 [9 8 2 1 1 3]
 [9 9 4 1 1 3]
 [9 8 1 3 1 3]
 [9 9 3 3 1 3]
 [9 9 9 1 1 1]
 [9 9 9 1 1 2]
 [9 9 9 1 2 1]
 [9 9 8 3 2 1]
 [9 9 8 3 3 1]
 [0 8 9 0 1 1]
 [9 1 0 3 3 0]
 [1 9 9 1 3 1]
 [1 9 9 3 3 1]
 [1 9 9 2 3 3]
 [0 9 8 0 1 2]
 [1 8 8 3 1 2]
 [1 8 9 1 1 2]
 [1 9 8 2 1 2]
 [1 6 9 3 1 2]
 [8 1 1 1 1 1]
 [9 4 1 1 1 1]
 [9 2 1 1 3 1]
 [8 1 1 3 1 1]
 [9 2 1 3 1 1]
 [0 2 0 0 2 0]
 [1 8 1 3 3 2]
 [0 8 1 0 3 2]
 [0 9 3 0 3 2]
 [0 9 8 0 3 2]
 [6 1 8 2 1 3]
 [5 1 8 3 1 3]
 [5 2 9 3 1 3]
 [7 1 8 3 1 3]
 [8 1 9 3 1 3]
 [7 1 0 1 1 0]
 [9 2 1 1 3 2]
 [9 1 1 2 3 2]
 [9 7 1 1 3 2]
 [9 9 1 3 3 2]
 [2 9 1 1 1 1]
 [1 9 2 3 1 1]
 [4 9 1 1 3 3]
 [2 9 1 3 3 3]
 [3 8 1 3 3 3]
 [4 1 9 1 3 1]
 [9 8 1 1 1 2]
 [4 1 9 2 3 1]
 [6 1 8 3 3 1]
 [9 8 1 3 1 2]
 [2 2 0 3 3 0]
 [3 1 0 2 3 0]
 [4 1 0 1 3 0]
 [4 2 0 3 3 0]
 [5 1 0 3 3 0]
 [2 2 1 1 1 2]
 [3 2 1 1 1 2]
 [4 1 1 1 1 2]
 [1 2 1 3 1 2]
 [2 2 1 3 1 2]
 [0 1 1 0 3 3]
 [1 1 8 3 3 3]
 [9 1 9 1 3 2]
 [2 1 9 3 3 3]
 [9 2 9 3 3 2]] [[ 49.6708111 ]
 [ 29.85638098]
 [ 82.32069545]
 [117.53771926]
 [ 32.28331135]
 [ 39.23090915]
 [ 37.59891736]
 [ 38.48746014]
 [ 74.76739713]
 [170.94887083]
 [ 22.9883661 ]
 [ 35.10545128]
 [ 47.15332945]
 [ 49.30441803]
 [ 56.04193797]
 [ 62.43779914]
 [ 75.10222507]
 [114.39574931]
 [119.82797976]
 [ 13.46817365]
 [ 19.00529679]
 [ 42.34497846]
 [ 47.74098936]
 [ 47.38350203]
 [ 12.31194113]
 [ 30.87315998]
 [ 33.26399797]
 [ 24.45555786]
 [ 17.5951426 ]
 [ 30.13216229]
 [ 31.96205363]
 [ 46.06456114]
 [ 44.81527339]
 [ 57.64164073]
 [ 40.79401605]
 [ 67.54432395]
 [ 57.51625051]
 [ 69.54684554]
 [ 86.74336501]
 [ 29.98129705]
 [ 29.14746984]
 [ 69.60169847]
 [ 71.86205089]
 [100.65942692]
 [ 53.27744083]
 [ 58.49568735]
 [ 60.02265635]
 [ 57.82830991]
 [ 61.57751007]
 [ 13.82579918]
 [ 16.60052419]
 [ 18.33612761]
 [ 26.91132522]
 [ 30.54234657]
 [  8.18566502]
 [ 47.17315132]
 [ 43.00078884]
 [ 53.20198727]
 [ 87.02095854]
 [ 86.53460275]
 [ 93.19834772]
 [ 99.38462872]
 [ 94.11806295]
 [ 99.81276926]
 [126.78227076]
 [ 19.28153908]
 [ 28.87961643]
 [ 44.85683356]
 [ 72.48801035]
 [ 20.41586433]
 [ 20.49105161]
 [ 55.71910592]
 [ 58.22334708]
 [ 58.83120701]
 [ 42.12261139]
 [ 25.98893897]
 [ 46.87195539]
 [ 46.77265623]
 [ 41.21603875]
 [ 16.88842478]
 [ 12.7787005 ]
 [ 10.12186087]
 [ 21.34472061]
 [ 20.28273083]
 [ 10.93639028]
 [ 12.33814627]
 [ 11.45582027]
 [ 11.47175064]
 [ 15.43741549]
 [  7.65414704]
 [ 68.00060798]
 [ 62.76072054]
 [ 79.55561431]
 [ 90.34698827]]
Query step: 19
19:       x_0  x_1  x_2  y_0  y_1  y_2
717     1    1    0    1    1    0
12      0    1    2    0    1    1
3316    2    3    0    3    1    0
959     1    2    0    2    1    0
954     1    1    9    3    3    2           f_res
717    3.441790
12     6.154273
3316  13.333236
959    6.902391
954   64.357564
19: X_train und x_test:  [[1 8 5 1 1 3]
 [6 3 1 3 2 2]
 [5 3 9 1 3 2]
 [6 9 8 3 3 2]
 [7 1 9 1 1 1]
 [4 1 9 3 1 1]
 [6 1 9 2 1 1]
 [7 1 9 2 1 1]
 [9 1 9 3 1 2]
 [3 9 0 1 1 0]
 [9 9 0 1 1 0]
 [9 9 0 1 2 0]
 [3 9 0 1 3 0]
 [9 9 0 1 3 0]
 [9 6 1 3 3 3]
 [9 7 1 3 3 3]
 [9 9 1 3 3 3]
 [9 6 9 3 3 3]
 [9 7 9 3 3 3]
 [0 2 1 0 3 1]
 [0 3 1 0 3 1]
 [1 8 1 1 3 1]
 [2 9 1 1 3 1]
 [1 9 1 3 3 1]
 [0 1 4 0 2 1]
 [0 1 4 0 1 3]
 [0 1 4 0 2 3]
 [0 1 3 0 2 3]
 [0 1 3 0 2 2]
 [8 9 1 1 1 3]
 [9 8 2 1 1 3]
 [9 9 4 1 1 3]
 [9 8 1 3 1 3]
 [9 9 3 3 1 3]
 [9 9 9 1 1 1]
 [9 9 9 1 1 2]
 [9 9 9 1 2 1]
 [9 9 8 3 2 1]
 [9 9 8 3 3 1]
 [0 8 9 0 1 1]
 [9 1 0 3 3 0]
 [1 9 9 1 3 1]
 [1 9 9 3 3 1]
 [1 9 9 2 3 3]
 [0 9 8 0 1 2]
 [1 8 8 3 1 2]
 [1 8 9 1 1 2]
 [1 9 8 2 1 2]
 [1 6 9 3 1 2]
 [8 1 1 1 1 1]
 [9 4 1 1 1 1]
 [9 2 1 1 3 1]
 [8 1 1 3 1 1]
 [9 2 1 3 1 1]
 [0 2 0 0 2 0]
 [1 8 1 3 3 2]
 [0 8 1 0 3 2]
 [0 9 3 0 3 2]
 [0 9 8 0 3 2]
 [6 1 8 2 1 3]
 [5 1 8 3 1 3]
 [5 2 9 3 1 3]
 [7 1 8 3 1 3]
 [8 1 9 3 1 3]
 [7 1 0 1 1 0]
 [9 2 1 1 3 2]
 [9 1 1 2 3 2]
 [9 7 1 1 3 2]
 [9 9 1 3 3 2]
 [2 9 1 1 1 1]
 [1 9 2 3 1 1]
 [4 9 1 1 3 3]
 [2 9 1 3 3 3]
 [3 8 1 3 3 3]
 [4 1 9 1 3 1]
 [9 8 1 1 1 2]
 [4 1 9 2 3 1]
 [6 1 8 3 3 1]
 [9 8 1 3 1 2]
 [2 2 0 3 3 0]
 [3 1 0 2 3 0]
 [4 1 0 1 3 0]
 [4 2 0 3 3 0]
 [5 1 0 3 3 0]
 [2 2 1 1 1 2]
 [3 2 1 1 1 2]
 [4 1 1 1 1 2]
 [1 2 1 3 1 2]
 [2 2 1 3 1 2]
 [0 1 1 0 3 3]
 [1 1 8 3 3 3]
 [9 1 9 1 3 2]
 [2 1 9 3 3 3]
 [9 2 9 3 3 2]
 [1 1 0 1 1 0]
 [0 1 2 0 1 1]
 [2 3 0 3 1 0]
 [1 2 0 2 1 0]
 [1 1 9 3 3 2]] [[ 49.6708111 ]
 [ 29.85638098]
 [ 82.32069545]
 [117.53771926]
 [ 32.28331135]
 [ 39.23090915]
 [ 37.59891736]
 [ 38.48746014]
 [ 74.76739713]
 [170.94887083]
 [ 22.9883661 ]
 [ 35.10545128]
 [ 47.15332945]
 [ 49.30441803]
 [ 56.04193797]
 [ 62.43779914]
 [ 75.10222507]
 [114.39574931]
 [119.82797976]
 [ 13.46817365]
 [ 19.00529679]
 [ 42.34497846]
 [ 47.74098936]
 [ 47.38350203]
 [ 12.31194113]
 [ 30.87315998]
 [ 33.26399797]
 [ 24.45555786]
 [ 17.5951426 ]
 [ 30.13216229]
 [ 31.96205363]
 [ 46.06456114]
 [ 44.81527339]
 [ 57.64164073]
 [ 40.79401605]
 [ 67.54432395]
 [ 57.51625051]
 [ 69.54684554]
 [ 86.74336501]
 [ 29.98129705]
 [ 29.14746984]
 [ 69.60169847]
 [ 71.86205089]
 [100.65942692]
 [ 53.27744083]
 [ 58.49568735]
 [ 60.02265635]
 [ 57.82830991]
 [ 61.57751007]
 [ 13.82579918]
 [ 16.60052419]
 [ 18.33612761]
 [ 26.91132522]
 [ 30.54234657]
 [  8.18566502]
 [ 47.17315132]
 [ 43.00078884]
 [ 53.20198727]
 [ 87.02095854]
 [ 86.53460275]
 [ 93.19834772]
 [ 99.38462872]
 [ 94.11806295]
 [ 99.81276926]
 [126.78227076]
 [ 19.28153908]
 [ 28.87961643]
 [ 44.85683356]
 [ 72.48801035]
 [ 20.41586433]
 [ 20.49105161]
 [ 55.71910592]
 [ 58.22334708]
 [ 58.83120701]
 [ 42.12261139]
 [ 25.98893897]
 [ 46.87195539]
 [ 46.77265623]
 [ 41.21603875]
 [ 16.88842478]
 [ 12.7787005 ]
 [ 10.12186087]
 [ 21.34472061]
 [ 20.28273083]
 [ 10.93639028]
 [ 12.33814627]
 [ 11.45582027]
 [ 11.47175064]
 [ 15.43741549]
 [  7.65414704]
 [ 68.00060798]
 [ 62.76072054]
 [ 79.55561431]
 [ 90.34698827]
 [  3.44178971]
 [  6.15427294]
 [ 13.3332357 ]
 [  6.90239135]
 [ 64.35756367]]
Query step: 20
20:        x_0  x_1  x_2  y_0  y_1  y_2
12976    7    1    1    1    3    3
10994    6    1    2    1    3    3
6961     4    1    1    3    3    1
10717    5    8    9    3    1    1
18972    9    9    1    2    3    1            f_res
12976  14.778979
10994  17.090082
6961   20.860561
10717  51.448086
18972  60.043974
20: X_train und x_test:  [[1 8 5 1 1 3]
 [6 3 1 3 2 2]
 [5 3 9 1 3 2]
 [6 9 8 3 3 2]
 [7 1 9 1 1 1]
 [4 1 9 3 1 1]
 [6 1 9 2 1 1]
 [7 1 9 2 1 1]
 [9 1 9 3 1 2]
 [3 9 0 1 1 0]
 [9 9 0 1 1 0]
 [9 9 0 1 2 0]
 [3 9 0 1 3 0]
 [9 9 0 1 3 0]
 [9 6 1 3 3 3]
 [9 7 1 3 3 3]
 [9 9 1 3 3 3]
 [9 6 9 3 3 3]
 [9 7 9 3 3 3]
 [0 2 1 0 3 1]
 [0 3 1 0 3 1]
 [1 8 1 1 3 1]
 [2 9 1 1 3 1]
 [1 9 1 3 3 1]
 [0 1 4 0 2 1]
 [0 1 4 0 1 3]
 [0 1 4 0 2 3]
 [0 1 3 0 2 3]
 [0 1 3 0 2 2]
 [8 9 1 1 1 3]
 [9 8 2 1 1 3]
 [9 9 4 1 1 3]
 [9 8 1 3 1 3]
 [9 9 3 3 1 3]
 [9 9 9 1 1 1]
 [9 9 9 1 1 2]
 [9 9 9 1 2 1]
 [9 9 8 3 2 1]
 [9 9 8 3 3 1]
 [0 8 9 0 1 1]
 [9 1 0 3 3 0]
 [1 9 9 1 3 1]
 [1 9 9 3 3 1]
 [1 9 9 2 3 3]
 [0 9 8 0 1 2]
 [1 8 8 3 1 2]
 [1 8 9 1 1 2]
 [1 9 8 2 1 2]
 [1 6 9 3 1 2]
 [8 1 1 1 1 1]
 [9 4 1 1 1 1]
 [9 2 1 1 3 1]
 [8 1 1 3 1 1]
 [9 2 1 3 1 1]
 [0 2 0 0 2 0]
 [1 8 1 3 3 2]
 [0 8 1 0 3 2]
 [0 9 3 0 3 2]
 [0 9 8 0 3 2]
 [6 1 8 2 1 3]
 [5 1 8 3 1 3]
 [5 2 9 3 1 3]
 [7 1 8 3 1 3]
 [8 1 9 3 1 3]
 [7 1 0 1 1 0]
 [9 2 1 1 3 2]
 [9 1 1 2 3 2]
 [9 7 1 1 3 2]
 [9 9 1 3 3 2]
 [2 9 1 1 1 1]
 [1 9 2 3 1 1]
 [4 9 1 1 3 3]
 [2 9 1 3 3 3]
 [3 8 1 3 3 3]
 [4 1 9 1 3 1]
 [9 8 1 1 1 2]
 [4 1 9 2 3 1]
 [6 1 8 3 3 1]
 [9 8 1 3 1 2]
 [2 2 0 3 3 0]
 [3 1 0 2 3 0]
 [4 1 0 1 3 0]
 [4 2 0 3 3 0]
 [5 1 0 3 3 0]
 [2 2 1 1 1 2]
 [3 2 1 1 1 2]
 [4 1 1 1 1 2]
 [1 2 1 3 1 2]
 [2 2 1 3 1 2]
 [0 1 1 0 3 3]
 [1 1 8 3 3 3]
 [9 1 9 1 3 2]
 [2 1 9 3 3 3]
 [9 2 9 3 3 2]
 [1 1 0 1 1 0]
 [0 1 2 0 1 1]
 [2 3 0 3 1 0]
 [1 2 0 2 1 0]
 [1 1 9 3 3 2]
 [7 1 1 1 3 3]
 [6 1 2 1 3 3]
 [4 1 1 3 3 1]
 [5 8 9 3 1 1]
 [9 9 1 2 3 1]] [[ 49.6708111 ]
 [ 29.85638098]
 [ 82.32069545]
 [117.53771926]
 [ 32.28331135]
 [ 39.23090915]
 [ 37.59891736]
 [ 38.48746014]
 [ 74.76739713]
 [170.94887083]
 [ 22.9883661 ]
 [ 35.10545128]
 [ 47.15332945]
 [ 49.30441803]
 [ 56.04193797]
 [ 62.43779914]
 [ 75.10222507]
 [114.39574931]
 [119.82797976]
 [ 13.46817365]
 [ 19.00529679]
 [ 42.34497846]
 [ 47.74098936]
 [ 47.38350203]
 [ 12.31194113]
 [ 30.87315998]
 [ 33.26399797]
 [ 24.45555786]
 [ 17.5951426 ]
 [ 30.13216229]
 [ 31.96205363]
 [ 46.06456114]
 [ 44.81527339]
 [ 57.64164073]
 [ 40.79401605]
 [ 67.54432395]
 [ 57.51625051]
 [ 69.54684554]
 [ 86.74336501]
 [ 29.98129705]
 [ 29.14746984]
 [ 69.60169847]
 [ 71.86205089]
 [100.65942692]
 [ 53.27744083]
 [ 58.49568735]
 [ 60.02265635]
 [ 57.82830991]
 [ 61.57751007]
 [ 13.82579918]
 [ 16.60052419]
 [ 18.33612761]
 [ 26.91132522]
 [ 30.54234657]
 [  8.18566502]
 [ 47.17315132]
 [ 43.00078884]
 [ 53.20198727]
 [ 87.02095854]
 [ 86.53460275]
 [ 93.19834772]
 [ 99.38462872]
 [ 94.11806295]
 [ 99.81276926]
 [126.78227076]
 [ 19.28153908]
 [ 28.87961643]
 [ 44.85683356]
 [ 72.48801035]
 [ 20.41586433]
 [ 20.49105161]
 [ 55.71910592]
 [ 58.22334708]
 [ 58.83120701]
 [ 42.12261139]
 [ 25.98893897]
 [ 46.87195539]
 [ 46.77265623]
 [ 41.21603875]
 [ 16.88842478]
 [ 12.7787005 ]
 [ 10.12186087]
 [ 21.34472061]
 [ 20.28273083]
 [ 10.93639028]
 [ 12.33814627]
 [ 11.45582027]
 [ 11.47175064]
 [ 15.43741549]
 [  7.65414704]
 [ 68.00060798]
 [ 62.76072054]
 [ 79.55561431]
 [ 90.34698827]
 [  3.44178971]
 [  6.15427294]
 [ 13.3332357 ]
 [  6.90239135]
 [ 64.35756367]
 [ 14.77897913]
 [ 17.0900821 ]
 [ 20.86056054]
 [ 51.44808574]
 [ 60.04397449]]