(sim) C:\Users\Administrator\ALinSim\src>uv run GP_Active_learning_trc.py --random_state 52
Total valid pool combinations (paper-consistent): 21168 (should be 21168)
Valid pool count (paper-consistent): 21168, should be 21168
delta = 0.2098  (=0.5 * median NN distance in normalized space)
Pool after removing test points: 21068
Pool kept after distance filtering: 19149 / 21068
Query step: 0
step == 0 [11789, 8952, 18470, 10995, 4917]
0:        x_0  x_1  x_2  y_0  y_1  y_2
4917     3    1    2    2    2    2
8952     5    1    4    1    3    2
10995    6    1    5    1    1    2
18470    9    7    1    1    3    3
11789    6    4    8    3    2    1            f_res
4917   17.885682
8952   28.000223
10995  28.670699
18470  46.673100
11789  45.325864
0: X_train und x_test:  [[3 1 2 2 2 2]
 [5 1 4 1 3 2]
 [6 1 5 1 1 2]
 [9 7 1 1 3 3]
 [6 4 8 3 2 1]] [[17.88568151]
 [28.00022288]
 [28.67069857]
 [46.67309954]
 [45.32586429]]
Query step: 1
1:      x_0  x_1  x_2  y_0  y_1  y_2
659    0    9    0    0    3    0
666    0    9    1    0    3    1
676    0    9    2    0    3    2
685    0    9    3    0    3    2
693    0    9    4    0    3    2          f_res
659  40.794016
666  43.080034
676  49.252356
685  53.201987
693  58.544106
1: X_train und x_test:  [[3 1 2 2 2 2]
 [5 1 4 1 3 2]
 [6 1 5 1 1 2]
 [9 7 1 1 3 3]
 [6 4 8 3 2 1]
 [0 9 0 0 3 0]
 [0 9 1 0 3 1]
 [0 9 2 0 3 2]
 [0 9 3 0 3 2]
 [0 9 4 0 3 2]] [[17.88568151]
 [28.00022288]
 [28.67069857]
 [46.67309954]
 [45.32586429]
 [40.79401605]
 [43.08003362]
 [49.25235613]
 [53.20198727]
 [58.54410649]]
Query step: 2
2:        x_0  x_1  x_2  y_0  y_1  y_2
2839     1    9    9    3    1    1
8852     4    9    9    3    1    1
10877    5    9    9    3    1    1
10878    5    9    9    3    1    2
12957    6    9    9    3    1    2            f_res
2839   35.472568
8852   50.199277
10877  52.835141
10878  77.054124
12957  78.749350
2: X_train und x_test:  [[3 1 2 2 2 2]
 [5 1 4 1 3 2]
 [6 1 5 1 1 2]
 [9 7 1 1 3 3]
 [6 4 8 3 2 1]
 [0 9 0 0 3 0]
 [0 9 1 0 3 1]
 [0 9 2 0 3 2]
 [0 9 3 0 3 2]
 [0 9 4 0 3 2]
 [1 9 9 3 1 1]
 [4 9 9 3 1 1]
 [5 9 9 3 1 1]
 [5 9 9 3 1 2]
 [6 9 9 3 1 2]] [[17.88568151]
 [28.00022288]
 [28.67069857]
 [46.67309954]
 [45.32586429]
 [40.79401605]
 [43.08003362]
 [49.25235613]
 [53.20198727]
 [58.54410649]
 [35.47256762]
 [50.19927738]
 [52.8351415 ]
 [77.05412405]
 [78.74935024]]
Query step: 3
3:        x_0  x_1  x_2  y_0  y_1  y_2
17301    9    2    0    1    2    0
17303    9    2    0    2    1    0
17304    9    2    0    2    2    0
17306    9    2    0    3    1    0
17307    9    2    0    3    2    0            f_res
17301  15.271791
17303  21.537642
17304  23.115741
17306  28.453355
17307  30.117978
3: X_train und x_test:  [[3 1 2 2 2 2]
 [5 1 4 1 3 2]
 [6 1 5 1 1 2]
 [9 7 1 1 3 3]
 [6 4 8 3 2 1]
 [0 9 0 0 3 0]
 [0 9 1 0 3 1]
 [0 9 2 0 3 2]
 [0 9 3 0 3 2]
 [0 9 4 0 3 2]
 [1 9 9 3 1 1]
 [4 9 9 3 1 1]
 [5 9 9 3 1 1]
 [5 9 9 3 1 2]
 [6 9 9 3 1 2]
 [9 2 0 1 2 0]
 [9 2 0 2 1 0]
 [9 2 0 2 2 0]
 [9 2 0 3 1 0]
 [9 2 0 3 2 0]] [[17.88568151]
 [28.00022288]
 [28.67069857]
 [46.67309954]
 [45.32586429]
 [40.79401605]
 [43.08003362]
 [49.25235613]
 [53.20198727]
 [58.54410649]
 [35.47256762]
 [50.19927738]
 [52.8351415 ]
 [77.05412405]
 [78.74935024]
 [15.27179061]
 [21.5376419 ]
 [23.1157412 ]
 [28.45335532]
 [30.11797767]]
Query step: 4
4:      x_0  x_1  x_2  y_0  y_1  y_2
72     0    1    9    0    1    1
75     0    1    9    0    2    1
71     0    1    8    0    3    3
955    1    1    9    1    1    3
973    1    1    9    3    1    3          f_res
72   20.467454
75   28.008348
71   64.222905
955  70.833889
973  74.579055
4: X_train und x_test:  [[3 1 2 2 2 2]
 [5 1 4 1 3 2]
 [6 1 5 1 1 2]
 [9 7 1 1 3 3]
 [6 4 8 3 2 1]
 [0 9 0 0 3 0]
 [0 9 1 0 3 1]
 [0 9 2 0 3 2]
 [0 9 3 0 3 2]
 [0 9 4 0 3 2]
 [1 9 9 3 1 1]
 [4 9 9 3 1 1]
 [5 9 9 3 1 1]
 [5 9 9 3 1 2]
 [6 9 9 3 1 2]
 [9 2 0 1 2 0]
 [9 2 0 2 1 0]
 [9 2 0 2 2 0]
 [9 2 0 3 1 0]
 [9 2 0 3 2 0]
 [0 1 9 0 1 1]
 [0 1 9 0 2 1]
 [0 1 8 0 3 3]
 [1 1 9 1 1 3]
 [1 1 9 3 1 3]] [[17.88568151]
 [28.00022288]
 [28.67069857]
 [46.67309954]
 [45.32586429]
 [40.79401605]
 [43.08003362]
 [49.25235613]
 [53.20198727]
 [58.54410649]
 [35.47256762]
 [50.19927738]
 [52.8351415 ]
 [77.05412405]
 [78.74935024]
 [15.27179061]
 [21.5376419 ]
 [23.1157412 ]
 [28.45335532]
 [30.11797767]
 [20.46745449]
 [28.00834771]
 [64.22290523]
 [70.83388932]
 [74.57905452]]
Query step: 5
5:        x_0  x_1  x_2  y_0  y_1  y_2
1        0    1    0    0    2    0
2        0    1    0    0    3    0
18913    9    9    0    1    2    0
14799    7    9    0    3    1    0
18914    9    9    0    1    3    0            f_res
1       3.578906
2       5.053278
18913  35.105451
14799  35.411609
18914  49.304418
5: X_train und x_test:  [[3 1 2 2 2 2]
 [5 1 4 1 3 2]
 [6 1 5 1 1 2]
 [9 7 1 1 3 3]
 [6 4 8 3 2 1]
 [0 9 0 0 3 0]
 [0 9 1 0 3 1]
 [0 9 2 0 3 2]
 [0 9 3 0 3 2]
 [0 9 4 0 3 2]
 [1 9 9 3 1 1]
 [4 9 9 3 1 1]
 [5 9 9 3 1 1]
 [5 9 9 3 1 2]
 [6 9 9 3 1 2]
 [9 2 0 1 2 0]
 [9 2 0 2 1 0]
 [9 2 0 2 2 0]
 [9 2 0 3 1 0]
 [9 2 0 3 2 0]
 [0 1 9 0 1 1]
 [0 1 9 0 2 1]
 [0 1 8 0 3 3]
 [1 1 9 1 1 3]
 [1 1 9 3 1 3]
 [0 1 0 0 2 0]
 [0 1 0 0 3 0]
 [9 9 0 1 2 0]
 [7 9 0 3 1 0]
 [9 9 0 1 3 0]] [[17.88568151]
 [28.00022288]
 [28.67069857]
 [46.67309954]
 [45.32586429]
 [40.79401605]
 [43.08003362]
 [49.25235613]
 [53.20198727]
 [58.54410649]
 [35.47256762]
 [50.19927738]
 [52.8351415 ]
 [77.05412405]
 [78.74935024]
 [15.27179061]
 [21.5376419 ]
 [23.1157412 ]
 [28.45335532]
 [30.11797767]
 [20.46745449]
 [28.00834771]
 [64.22290523]
 [70.83388932]
 [74.57905452]
 [ 3.57890576]
 [ 5.0532783 ]
 [35.10545128]
 [35.41160861]
 [49.30441803]]
Query step: 6
6:       x_0  x_1  x_2  y_0  y_1  y_2
705     0    9    6    0    1    3
2814    1    9    8    3    1    3
725     0    9    8    0    2    3
4864    2    9    9    3    1    3
2844    1    9    9    3    2    3           f_res
705   61.509823
2814  81.895302
725   84.698261
4864  93.246670
2844  95.345455
6: X_train und x_test:  [[3 1 2 2 2 2]
 [5 1 4 1 3 2]
 [6 1 5 1 1 2]
 [9 7 1 1 3 3]
 [6 4 8 3 2 1]
 [0 9 0 0 3 0]
 [0 9 1 0 3 1]
 [0 9 2 0 3 2]
 [0 9 3 0 3 2]
 [0 9 4 0 3 2]
 [1 9 9 3 1 1]
 [4 9 9 3 1 1]
 [5 9 9 3 1 1]
 [5 9 9 3 1 2]
 [6 9 9 3 1 2]
 [9 2 0 1 2 0]
 [9 2 0 2 1 0]
 [9 2 0 2 2 0]
 [9 2 0 3 1 0]
 [9 2 0 3 2 0]
 [0 1 9 0 1 1]
 [0 1 9 0 2 1]
 [0 1 8 0 3 3]
 [1 1 9 1 1 3]
 [1 1 9 3 1 3]
 [0 1 0 0 2 0]
 [0 1 0 0 3 0]
 [9 9 0 1 2 0]
 [7 9 0 3 1 0]
 [9 9 0 1 3 0]
 [0 9 6 0 1 3]
 [1 9 8 3 1 3]
 [0 9 8 0 2 3]
 [2 9 9 3 1 3]
 [1 9 9 3 2 3]] [[17.88568151]
 [28.00022288]
 [28.67069857]
 [46.67309954]
 [45.32586429]
 [40.79401605]
 [43.08003362]
 [49.25235613]
 [53.20198727]
 [58.54410649]
 [35.47256762]
 [50.19927738]
 [52.8351415 ]
 [77.05412405]
 [78.74935024]
 [15.27179061]
 [21.5376419 ]
 [23.1157412 ]
 [28.45335532]
 [30.11797767]
 [20.46745449]
 [28.00834771]
 [64.22290523]
 [70.83388932]
 [74.57905452]
 [ 3.57890576]
 [ 5.0532783 ]
 [35.10545128]
 [35.41160861]
 [49.30441803]
 [61.50982264]
 [81.89530219]
 [84.69826087]
 [93.24666965]
 [95.3454547 ]]
Query step: 7
7:        x_0  x_1  x_2  y_0  y_1  y_2
17086    9    1    1    2    2    1
17089    9    1    1    2    3    1
12987    7    1    1    3    1    1
17097    9    1    1    3    3    1
17326    9    2    1    3    1    1            f_res
17086  23.980710
17089  26.276905
12987  24.478946
17097  33.301410
17326  30.542347
7: X_train und x_test:  [[3 1 2 2 2 2]
 [5 1 4 1 3 2]
 [6 1 5 1 1 2]
 [9 7 1 1 3 3]
 [6 4 8 3 2 1]
 [0 9 0 0 3 0]
 [0 9 1 0 3 1]
 [0 9 2 0 3 2]
 [0 9 3 0 3 2]
 [0 9 4 0 3 2]
 [1 9 9 3 1 1]
 [4 9 9 3 1 1]
 [5 9 9 3 1 1]
 [5 9 9 3 1 2]
 [6 9 9 3 1 2]
 [9 2 0 1 2 0]
 [9 2 0 2 1 0]
 [9 2 0 2 2 0]
 [9 2 0 3 1 0]
 [9 2 0 3 2 0]
 [0 1 9 0 1 1]
 [0 1 9 0 2 1]
 [0 1 8 0 3 3]
 [1 1 9 1 1 3]
 [1 1 9 3 1 3]
 [0 1 0 0 2 0]
 [0 1 0 0 3 0]
 [9 9 0 1 2 0]
 [7 9 0 3 1 0]
 [9 9 0 1 3 0]
 [0 9 6 0 1 3]
 [1 9 8 3 1 3]
 [0 9 8 0 2 3]
 [2 9 9 3 1 3]
 [1 9 9 3 2 3]
 [9 1 1 2 2 1]
 [9 1 1 2 3 1]
 [7 1 1 3 1 1]
 [9 1 1 3 3 1]
 [9 2 1 3 1 1]] [[17.88568151]
 [28.00022288]
 [28.67069857]
 [46.67309954]
 [45.32586429]
 [40.79401605]
 [43.08003362]
 [49.25235613]
 [53.20198727]
 [58.54410649]
 [35.47256762]
 [50.19927738]
 [52.8351415 ]
 [77.05412405]
 [78.74935024]
 [15.27179061]
 [21.5376419 ]
 [23.1157412 ]
 [28.45335532]
 [30.11797767]
 [20.46745449]
 [28.00834771]
 [64.22290523]
 [70.83388932]
 [74.57905452]
 [ 3.57890576]
 [ 5.0532783 ]
 [35.10545128]
 [35.41160861]
 [49.30441803]
 [61.50982264]
 [81.89530219]
 [84.69826087]
 [93.24666965]
 [95.3454547 ]
 [23.98070985]
 [26.27690461]
 [24.47894634]
 [33.30141026]
 [30.54234657]]
Query step: 8
8:       x_0  x_1  x_2  y_0  y_1  y_2
5       0    1    1    0    1    3
757     1    1    1    2    1    3
4899    3    1    1    3    1    3
2876    2    1    1    3    1    3
8888    5    1    1    3    1    3           f_res
5      5.860142
757    8.220642
4899  18.949633
2876  14.625326
8888  25.287042
8: X_train und x_test:  [[3 1 2 2 2 2]
 [5 1 4 1 3 2]
 [6 1 5 1 1 2]
 [9 7 1 1 3 3]
 [6 4 8 3 2 1]
 [0 9 0 0 3 0]
 [0 9 1 0 3 1]
 [0 9 2 0 3 2]
 [0 9 3 0 3 2]
 [0 9 4 0 3 2]
 [1 9 9 3 1 1]
 [4 9 9 3 1 1]
 [5 9 9 3 1 1]
 [5 9 9 3 1 2]
 [6 9 9 3 1 2]
 [9 2 0 1 2 0]
 [9 2 0 2 1 0]
 [9 2 0 2 2 0]
 [9 2 0 3 1 0]
 [9 2 0 3 2 0]
 [0 1 9 0 1 1]
 [0 1 9 0 2 1]
 [0 1 8 0 3 3]
 [1 1 9 1 1 3]
 [1 1 9 3 1 3]
 [0 1 0 0 2 0]
 [0 1 0 0 3 0]
 [9 9 0 1 2 0]
 [7 9 0 3 1 0]
 [9 9 0 1 3 0]
 [0 9 6 0 1 3]
 [1 9 8 3 1 3]
 [0 9 8 0 2 3]
 [2 9 9 3 1 3]
 [1 9 9 3 2 3]
 [9 1 1 2 2 1]
 [9 1 1 2 3 1]
 [7 1 1 3 1 1]
 [9 1 1 3 3 1]
 [9 2 1 3 1 1]
 [0 1 1 0 1 3]
 [1 1 1 2 1 3]
 [3 1 1 3 1 3]
 [2 1 1 3 1 3]
 [5 1 1 3 1 3]] [[17.88568151]
 [28.00022288]
 [28.67069857]
 [46.67309954]
 [45.32586429]
 [40.79401605]
 [43.08003362]
 [49.25235613]
 [53.20198727]
 [58.54410649]
 [35.47256762]
 [50.19927738]
 [52.8351415 ]
 [77.05412405]
 [78.74935024]
 [15.27179061]
 [21.5376419 ]
 [23.1157412 ]
 [28.45335532]
 [30.11797767]
 [20.46745449]
 [28.00834771]
 [64.22290523]
 [70.83388932]
 [74.57905452]
 [ 3.57890576]
 [ 5.0532783 ]
 [35.10545128]
 [35.41160861]
 [49.30441803]
 [61.50982264]
 [81.89530219]
 [84.69826087]
 [93.24666965]
 [95.3454547 ]
 [23.98070985]
 [26.27690461]
 [24.47894634]
 [33.30141026]
 [30.54234657]
 [ 5.86014231]
 [ 8.22064168]
 [18.94963297]
 [14.62532584]
 [25.28704176]]
Query step: 9
9:        x_0  x_1  x_2  y_0  y_1  y_2
18892    9    8    9    1    3    1
17973    9    4    9    1    3    3
18207    9    5    9    1    3    3
18437    9    6    9    1    3    3
18665    9    7    9    1    3    3             f_res
18892   72.429306
17973   90.802675
18207   95.824912
18437   99.789437
18665  102.707384
9: X_train und x_test:  [[3 1 2 2 2 2]
 [5 1 4 1 3 2]
 [6 1 5 1 1 2]
 [9 7 1 1 3 3]
 [6 4 8 3 2 1]
 [0 9 0 0 3 0]
 [0 9 1 0 3 1]
 [0 9 2 0 3 2]
 [0 9 3 0 3 2]
 [0 9 4 0 3 2]
 [1 9 9 3 1 1]
 [4 9 9 3 1 1]
 [5 9 9 3 1 1]
 [5 9 9 3 1 2]
 [6 9 9 3 1 2]
 [9 2 0 1 2 0]
 [9 2 0 2 1 0]
 [9 2 0 2 2 0]
 [9 2 0 3 1 0]
 [9 2 0 3 2 0]
 [0 1 9 0 1 1]
 [0 1 9 0 2 1]
 [0 1 8 0 3 3]
 [1 1 9 1 1 3]
 [1 1 9 3 1 3]
 [0 1 0 0 2 0]
 [0 1 0 0 3 0]
 [9 9 0 1 2 0]
 [7 9 0 3 1 0]
 [9 9 0 1 3 0]
 [0 9 6 0 1 3]
 [1 9 8 3 1 3]
 [0 9 8 0 2 3]
 [2 9 9 3 1 3]
 [1 9 9 3 2 3]
 [9 1 1 2 2 1]
 [9 1 1 2 3 1]
 [7 1 1 3 1 1]
 [9 1 1 3 3 1]
 [9 2 1 3 1 1]
 [0 1 1 0 1 3]
 [1 1 1 2 1 3]
 [3 1 1 3 1 3]
 [2 1 1 3 1 3]
 [5 1 1 3 1 3]
 [9 8 9 1 3 1]
 [9 4 9 1 3 3]
 [9 5 9 1 3 3]
 [9 6 9 1 3 3]
 [9 7 9 1 3 3]] [[ 17.88568151]
 [ 28.00022288]
 [ 28.67069857]
 [ 46.67309954]
 [ 45.32586429]
 [ 40.79401605]
 [ 43.08003362]
 [ 49.25235613]
 [ 53.20198727]
 [ 58.54410649]
 [ 35.47256762]
 [ 50.19927738]
 [ 52.8351415 ]
 [ 77.05412405]
 [ 78.74935024]
 [ 15.27179061]
 [ 21.5376419 ]
 [ 23.1157412 ]
 [ 28.45335532]
 [ 30.11797767]
 [ 20.46745449]
 [ 28.00834771]
 [ 64.22290523]
 [ 70.83388932]
 [ 74.57905452]
 [  3.57890576]
 [  5.0532783 ]
 [ 35.10545128]
 [ 35.41160861]
 [ 49.30441803]
 [ 61.50982264]
 [ 81.89530219]
 [ 84.69826087]
 [ 93.24666965]
 [ 95.3454547 ]
 [ 23.98070985]
 [ 26.27690461]
 [ 24.47894634]
 [ 33.30141026]
 [ 30.54234657]
 [  5.86014231]
 [  8.22064168]
 [ 18.94963297]
 [ 14.62532584]
 [ 25.28704176]
 [ 72.42930565]
 [ 90.80267507]
 [ 95.82491214]
 [ 99.78943662]
 [102.70738422]]
Query step: 10
10:        x_0  x_1  x_2  y_0  y_1  y_2
2640     1    9    1    3    1    3
8659     4    9    1    3    1    3
2619     1    9    0    3    3    0
2646     1    9    1    3    3    3
16888    8    9    2    3    1    3            f_res
2640   24.791801
8659   39.022456
2619   44.763226
2646   52.624383
16888  50.461717
10: X_train und x_test:  [[3 1 2 2 2 2]
 [5 1 4 1 3 2]
 [6 1 5 1 1 2]
 [9 7 1 1 3 3]
 [6 4 8 3 2 1]
 [0 9 0 0 3 0]
 [0 9 1 0 3 1]
 [0 9 2 0 3 2]
 [0 9 3 0 3 2]
 [0 9 4 0 3 2]
 [1 9 9 3 1 1]
 [4 9 9 3 1 1]
 [5 9 9 3 1 1]
 [5 9 9 3 1 2]
 [6 9 9 3 1 2]
 [9 2 0 1 2 0]
 [9 2 0 2 1 0]
 [9 2 0 2 2 0]
 [9 2 0 3 1 0]
 [9 2 0 3 2 0]
 [0 1 9 0 1 1]
 [0 1 9 0 2 1]
 [0 1 8 0 3 3]
 [1 1 9 1 1 3]
 [1 1 9 3 1 3]
 [0 1 0 0 2 0]
 [0 1 0 0 3 0]
 [9 9 0 1 2 0]
 [7 9 0 3 1 0]
 [9 9 0 1 3 0]
 [0 9 6 0 1 3]
 [1 9 8 3 1 3]
 [0 9 8 0 2 3]
 [2 9 9 3 1 3]
 [1 9 9 3 2 3]
 [9 1 1 2 2 1]
 [9 1 1 2 3 1]
 [7 1 1 3 1 1]
 [9 1 1 3 3 1]
 [9 2 1 3 1 1]
 [0 1 1 0 1 3]
 [1 1 1 2 1 3]
 [3 1 1 3 1 3]
 [2 1 1 3 1 3]
 [5 1 1 3 1 3]
 [9 8 9 1 3 1]
 [9 4 9 1 3 3]
 [9 5 9 1 3 3]
 [9 6 9 1 3 3]
 [9 7 9 1 3 3]
 [1 9 1 3 1 3]
 [4 9 1 3 1 3]
 [1 9 0 3 3 0]
 [1 9 1 3 3 3]
 [8 9 2 3 1 3]] [[ 17.88568151]
 [ 28.00022288]
 [ 28.67069857]
 [ 46.67309954]
 [ 45.32586429]
 [ 40.79401605]
 [ 43.08003362]
 [ 49.25235613]
 [ 53.20198727]
 [ 58.54410649]
 [ 35.47256762]
 [ 50.19927738]
 [ 52.8351415 ]
 [ 77.05412405]
 [ 78.74935024]
 [ 15.27179061]
 [ 21.5376419 ]
 [ 23.1157412 ]
 [ 28.45335532]
 [ 30.11797767]
 [ 20.46745449]
 [ 28.00834771]
 [ 64.22290523]
 [ 70.83388932]
 [ 74.57905452]
 [  3.57890576]
 [  5.0532783 ]
 [ 35.10545128]
 [ 35.41160861]
 [ 49.30441803]
 [ 61.50982264]
 [ 81.89530219]
 [ 84.69826087]
 [ 93.24666965]
 [ 95.3454547 ]
 [ 23.98070985]
 [ 26.27690461]
 [ 24.47894634]
 [ 33.30141026]
 [ 30.54234657]
 [  5.86014231]
 [  8.22064168]
 [ 18.94963297]
 [ 14.62532584]
 [ 25.28704176]
 [ 72.42930565]
 [ 90.80267507]
 [ 95.82491214]
 [ 99.78943662]
 [102.70738422]
 [ 24.79180078]
 [ 39.02245573]
 [ 44.76322621]
 [ 52.62438343]
 [ 50.46171716]]
Query step: 11
11:        x_0  x_1  x_2  y_0  y_1  y_2
13169    7    1    9    1    1    1
17277    9    1    9    1    2    1
17965    9    4    9    1    1    1
15243    8    1    9    2    1    1
15251    8    1    9    3    1    1            f_res
13169  32.283311
17277  37.866280
17965  36.438813
15243  39.623153
15251  45.732874
11: X_train und x_test:  [[3 1 2 2 2 2]
 [5 1 4 1 3 2]
 [6 1 5 1 1 2]
 [9 7 1 1 3 3]
 [6 4 8 3 2 1]
 [0 9 0 0 3 0]
 [0 9 1 0 3 1]
 [0 9 2 0 3 2]
 [0 9 3 0 3 2]
 [0 9 4 0 3 2]
 [1 9 9 3 1 1]
 [4 9 9 3 1 1]
 [5 9 9 3 1 1]
 [5 9 9 3 1 2]
 [6 9 9 3 1 2]
 [9 2 0 1 2 0]
 [9 2 0 2 1 0]
 [9 2 0 2 2 0]
 [9 2 0 3 1 0]
 [9 2 0 3 2 0]
 [0 1 9 0 1 1]
 [0 1 9 0 2 1]
 [0 1 8 0 3 3]
 [1 1 9 1 1 3]
 [1 1 9 3 1 3]
 [0 1 0 0 2 0]
 [0 1 0 0 3 0]
 [9 9 0 1 2 0]
 [7 9 0 3 1 0]
 [9 9 0 1 3 0]
 [0 9 6 0 1 3]
 [1 9 8 3 1 3]
 [0 9 8 0 2 3]
 [2 9 9 3 1 3]
 [1 9 9 3 2 3]
 [9 1 1 2 2 1]
 [9 1 1 2 3 1]
 [7 1 1 3 1 1]
 [9 1 1 3 3 1]
 [9 2 1 3 1 1]
 [0 1 1 0 1 3]
 [1 1 1 2 1 3]
 [3 1 1 3 1 3]
 [2 1 1 3 1 3]
 [5 1 1 3 1 3]
 [9 8 9 1 3 1]
 [9 4 9 1 3 3]
 [9 5 9 1 3 3]
 [9 6 9 1 3 3]
 [9 7 9 1 3 3]
 [1 9 1 3 1 3]
 [4 9 1 3 1 3]
 [1 9 0 3 3 0]
 [1 9 1 3 3 3]
 [8 9 2 3 1 3]
 [7 1 9 1 1 1]
 [9 1 9 1 2 1]
 [9 4 9 1 1 1]
 [8 1 9 2 1 1]
 [8 1 9 3 1 1]] [[ 17.88568151]
 [ 28.00022288]
 [ 28.67069857]
 [ 46.67309954]
 [ 45.32586429]
 [ 40.79401605]
 [ 43.08003362]
 [ 49.25235613]
 [ 53.20198727]
 [ 58.54410649]
 [ 35.47256762]
 [ 50.19927738]
 [ 52.8351415 ]
 [ 77.05412405]
 [ 78.74935024]
 [ 15.27179061]
 [ 21.5376419 ]
 [ 23.1157412 ]
 [ 28.45335532]
 [ 30.11797767]
 [ 20.46745449]
 [ 28.00834771]
 [ 64.22290523]
 [ 70.83388932]
 [ 74.57905452]
 [  3.57890576]
 [  5.0532783 ]
 [ 35.10545128]
 [ 35.41160861]
 [ 49.30441803]
 [ 61.50982264]
 [ 81.89530219]
 [ 84.69826087]
 [ 93.24666965]
 [ 95.3454547 ]
 [ 23.98070985]
 [ 26.27690461]
 [ 24.47894634]
 [ 33.30141026]
 [ 30.54234657]
 [  5.86014231]
 [  8.22064168]
 [ 18.94963297]
 [ 14.62532584]
 [ 25.28704176]
 [ 72.42930565]
 [ 90.80267507]
 [ 95.82491214]
 [ 99.78943662]
 [102.70738422]
 [ 24.79180078]
 [ 39.02245573]
 [ 44.76322621]
 [ 52.62438343]
 [ 50.46171716]
 [ 32.28331135]
 [ 37.86628033]
 [ 36.43881291]
 [ 39.62315333]
 [ 45.73287389]]
Query step: 12
12:        x_0  x_1  x_2  y_0  y_1  y_2
1905     1    6    0    3    1    0
1447     1    4    0    3    1    0
1214     1    2    9    3    3    1
17293    9    1    9    3    1    3
19049    9    9    5    3    3    3             f_res
1905    13.496060
1447    11.720069
1214    46.636208
17293  101.416433
19049  105.570292
12: X_train und x_test:  [[3 1 2 2 2 2]
 [5 1 4 1 3 2]
 [6 1 5 1 1 2]
 [9 7 1 1 3 3]
 [6 4 8 3 2 1]
 [0 9 0 0 3 0]
 [0 9 1 0 3 1]
 [0 9 2 0 3 2]
 [0 9 3 0 3 2]
 [0 9 4 0 3 2]
 [1 9 9 3 1 1]
 [4 9 9 3 1 1]
 [5 9 9 3 1 1]
 [5 9 9 3 1 2]
 [6 9 9 3 1 2]
 [9 2 0 1 2 0]
 [9 2 0 2 1 0]
 [9 2 0 2 2 0]
 [9 2 0 3 1 0]
 [9 2 0 3 2 0]
 [0 1 9 0 1 1]
 [0 1 9 0 2 1]
 [0 1 8 0 3 3]
 [1 1 9 1 1 3]
 [1 1 9 3 1 3]
 [0 1 0 0 2 0]
 [0 1 0 0 3 0]
 [9 9 0 1 2 0]
 [7 9 0 3 1 0]
 [9 9 0 1 3 0]
 [0 9 6 0 1 3]
 [1 9 8 3 1 3]
 [0 9 8 0 2 3]
 [2 9 9 3 1 3]
 [1 9 9 3 2 3]
 [9 1 1 2 2 1]
 [9 1 1 2 3 1]
 [7 1 1 3 1 1]
 [9 1 1 3 3 1]
 [9 2 1 3 1 1]
 [0 1 1 0 1 3]
 [1 1 1 2 1 3]
 [3 1 1 3 1 3]
 [2 1 1 3 1 3]
 [5 1 1 3 1 3]
 [9 8 9 1 3 1]
 [9 4 9 1 3 3]
 [9 5 9 1 3 3]
 [9 6 9 1 3 3]
 [9 7 9 1 3 3]
 [1 9 1 3 1 3]
 [4 9 1 3 1 3]
 [1 9 0 3 3 0]
 [1 9 1 3 3 3]
 [8 9 2 3 1 3]
 [7 1 9 1 1 1]
 [9 1 9 1 2 1]
 [9 4 9 1 1 1]
 [8 1 9 2 1 1]
 [8 1 9 3 1 1]
 [1 6 0 3 1 0]
 [1 4 0 3 1 0]
 [1 2 9 3 3 1]
 [9 1 9 3 1 3]
 [9 9 5 3 3 3]] [[ 17.88568151]
 [ 28.00022288]
 [ 28.67069857]
 [ 46.67309954]
 [ 45.32586429]
 [ 40.79401605]
 [ 43.08003362]
 [ 49.25235613]
 [ 53.20198727]
 [ 58.54410649]
 [ 35.47256762]
 [ 50.19927738]
 [ 52.8351415 ]
 [ 77.05412405]
 [ 78.74935024]
 [ 15.27179061]
 [ 21.5376419 ]
 [ 23.1157412 ]
 [ 28.45335532]
 [ 30.11797767]
 [ 20.46745449]
 [ 28.00834771]
 [ 64.22290523]
 [ 70.83388932]
 [ 74.57905452]
 [  3.57890576]
 [  5.0532783 ]
 [ 35.10545128]
 [ 35.41160861]
 [ 49.30441803]
 [ 61.50982264]
 [ 81.89530219]
 [ 84.69826087]
 [ 93.24666965]
 [ 95.3454547 ]
 [ 23.98070985]
 [ 26.27690461]
 [ 24.47894634]
 [ 33.30141026]
 [ 30.54234657]
 [  5.86014231]
 [  8.22064168]
 [ 18.94963297]
 [ 14.62532584]
 [ 25.28704176]
 [ 72.42930565]
 [ 90.80267507]
 [ 95.82491214]
 [ 99.78943662]
 [102.70738422]
 [ 24.79180078]
 [ 39.02245573]
 [ 44.76322621]
 [ 52.62438343]
 [ 50.46171716]
 [ 32.28331135]
 [ 37.86628033]
 [ 36.43881291]
 [ 39.62315333]
 [ 45.73287389]
 [ 13.49605961]
 [ 11.72006926]
 [ 46.63620819]
 [101.4164328 ]
 [105.57029197]]
Query step: 13
13:        x_0  x_1  x_2  y_0  y_1  y_2
254      0    4    1    0    3    3
12819    6    9    4    1    1    1
492      0    6    9    0    3    1
573      0    7    9    0    3    1
19032    9    9    5    2    1    1            f_res
254    25.647369
12819  27.793532
492    59.018891
573    63.239684
19032  38.872887
13: X_train und x_test:  [[3 1 2 2 2 2]
 [5 1 4 1 3 2]
 [6 1 5 1 1 2]
 [9 7 1 1 3 3]
 [6 4 8 3 2 1]
 [0 9 0 0 3 0]
 [0 9 1 0 3 1]
 [0 9 2 0 3 2]
 [0 9 3 0 3 2]
 [0 9 4 0 3 2]
 [1 9 9 3 1 1]
 [4 9 9 3 1 1]
 [5 9 9 3 1 1]
 [5 9 9 3 1 2]
 [6 9 9 3 1 2]
 [9 2 0 1 2 0]
 [9 2 0 2 1 0]
 [9 2 0 2 2 0]
 [9 2 0 3 1 0]
 [9 2 0 3 2 0]
 [0 1 9 0 1 1]
 [0 1 9 0 2 1]
 [0 1 8 0 3 3]
 [1 1 9 1 1 3]
 [1 1 9 3 1 3]
 [0 1 0 0 2 0]
 [0 1 0 0 3 0]
 [9 9 0 1 2 0]
 [7 9 0 3 1 0]
 [9 9 0 1 3 0]
 [0 9 6 0 1 3]
 [1 9 8 3 1 3]
 [0 9 8 0 2 3]
 [2 9 9 3 1 3]
 [1 9 9 3 2 3]
 [9 1 1 2 2 1]
 [9 1 1 2 3 1]
 [7 1 1 3 1 1]
 [9 1 1 3 3 1]
 [9 2 1 3 1 1]
 [0 1 1 0 1 3]
 [1 1 1 2 1 3]
 [3 1 1 3 1 3]
 [2 1 1 3 1 3]
 [5 1 1 3 1 3]
 [9 8 9 1 3 1]
 [9 4 9 1 3 3]
 [9 5 9 1 3 3]
 [9 6 9 1 3 3]
 [9 7 9 1 3 3]
 [1 9 1 3 1 3]
 [4 9 1 3 1 3]
 [1 9 0 3 3 0]
 [1 9 1 3 3 3]
 [8 9 2 3 1 3]
 [7 1 9 1 1 1]
 [9 1 9 1 2 1]
 [9 4 9 1 1 1]
 [8 1 9 2 1 1]
 [8 1 9 3 1 1]
 [1 6 0 3 1 0]
 [1 4 0 3 1 0]
 [1 2 9 3 3 1]
 [9 1 9 3 1 3]
 [9 9 5 3 3 3]
 [0 4 1 0 3 3]
 [6 9 4 1 1 1]
 [0 6 9 0 3 1]
 [0 7 9 0 3 1]
 [9 9 5 2 1 1]] [[ 17.88568151]
 [ 28.00022288]
 [ 28.67069857]
 [ 46.67309954]
 [ 45.32586429]
 [ 40.79401605]
 [ 43.08003362]
 [ 49.25235613]
 [ 53.20198727]
 [ 58.54410649]
 [ 35.47256762]
 [ 50.19927738]
 [ 52.8351415 ]
 [ 77.05412405]
 [ 78.74935024]
 [ 15.27179061]
 [ 21.5376419 ]
 [ 23.1157412 ]
 [ 28.45335532]
 [ 30.11797767]
 [ 20.46745449]
 [ 28.00834771]
 [ 64.22290523]
 [ 70.83388932]
 [ 74.57905452]
 [  3.57890576]
 [  5.0532783 ]
 [ 35.10545128]
 [ 35.41160861]
 [ 49.30441803]
 [ 61.50982264]
 [ 81.89530219]
 [ 84.69826087]
 [ 93.24666965]
 [ 95.3454547 ]
 [ 23.98070985]
 [ 26.27690461]
 [ 24.47894634]
 [ 33.30141026]
 [ 30.54234657]
 [  5.86014231]
 [  8.22064168]
 [ 18.94963297]
 [ 14.62532584]
 [ 25.28704176]
 [ 72.42930565]
 [ 90.80267507]
 [ 95.82491214]
 [ 99.78943662]
 [102.70738422]
 [ 24.79180078]
 [ 39.02245573]
 [ 44.76322621]
 [ 52.62438343]
 [ 50.46171716]
 [ 32.28331135]
 [ 37.86628033]
 [ 36.43881291]
 [ 39.62315333]
 [ 45.73287389]
 [ 13.49605961]
 [ 11.72006926]
 [ 46.63620819]
 [101.4164328 ]
 [105.57029197]
 [ 25.64736928]
 [ 27.79353248]
 [ 59.01889085]
 [ 63.2396836 ]
 [ 38.87288655]]
Query step: 14
14:        x_0  x_1  x_2  y_0  y_1  y_2
896      1    1    6    3    1    1
17082    9    1    1    1    3    3
19052    9    9    6    1    1    3
17223    9    1    6    3    3    3
13194    7    1    9    3    3    3            f_res
896    20.207387
17082  17.843999
19052  70.103255
17223  78.419325
13194  85.854037
14: X_train und x_test:  [[3 1 2 2 2 2]
 [5 1 4 1 3 2]
 [6 1 5 1 1 2]
 [9 7 1 1 3 3]
 [6 4 8 3 2 1]
 [0 9 0 0 3 0]
 [0 9 1 0 3 1]
 [0 9 2 0 3 2]
 [0 9 3 0 3 2]
 [0 9 4 0 3 2]
 [1 9 9 3 1 1]
 [4 9 9 3 1 1]
 [5 9 9 3 1 1]
 [5 9 9 3 1 2]
 [6 9 9 3 1 2]
 [9 2 0 1 2 0]
 [9 2 0 2 1 0]
 [9 2 0 2 2 0]
 [9 2 0 3 1 0]
 [9 2 0 3 2 0]
 [0 1 9 0 1 1]
 [0 1 9 0 2 1]
 [0 1 8 0 3 3]
 [1 1 9 1 1 3]
 [1 1 9 3 1 3]
 [0 1 0 0 2 0]
 [0 1 0 0 3 0]
 [9 9 0 1 2 0]
 [7 9 0 3 1 0]
 [9 9 0 1 3 0]
 [0 9 6 0 1 3]
 [1 9 8 3 1 3]
 [0 9 8 0 2 3]
 [2 9 9 3 1 3]
 [1 9 9 3 2 3]
 [9 1 1 2 2 1]
 [9 1 1 2 3 1]
 [7 1 1 3 1 1]
 [9 1 1 3 3 1]
 [9 2 1 3 1 1]
 [0 1 1 0 1 3]
 [1 1 1 2 1 3]
 [3 1 1 3 1 3]
 [2 1 1 3 1 3]
 [5 1 1 3 1 3]
 [9 8 9 1 3 1]
 [9 4 9 1 3 3]
 [9 5 9 1 3 3]
 [9 6 9 1 3 3]
 [9 7 9 1 3 3]
 [1 9 1 3 1 3]
 [4 9 1 3 1 3]
 [1 9 0 3 3 0]
 [1 9 1 3 3 3]
 [8 9 2 3 1 3]
 [7 1 9 1 1 1]
 [9 1 9 1 2 1]
 [9 4 9 1 1 1]
 [8 1 9 2 1 1]
 [8 1 9 3 1 1]
 [1 6 0 3 1 0]
 [1 4 0 3 1 0]
 [1 2 9 3 3 1]
 [9 1 9 3 1 3]
 [9 9 5 3 3 3]
 [0 4 1 0 3 3]
 [6 9 4 1 1 1]
 [0 6 9 0 3 1]
 [0 7 9 0 3 1]
 [9 9 5 2 1 1]
 [1 1 6 3 1 1]
 [9 1 1 1 3 3]
 [9 9 6 1 1 3]
 [9 1 6 3 3 3]
 [7 1 9 3 3 3]] [[ 17.88568151]
 [ 28.00022288]
 [ 28.67069857]
 [ 46.67309954]
 [ 45.32586429]
 [ 40.79401605]
 [ 43.08003362]
 [ 49.25235613]
 [ 53.20198727]
 [ 58.54410649]
 [ 35.47256762]
 [ 50.19927738]
 [ 52.8351415 ]
 [ 77.05412405]
 [ 78.74935024]
 [ 15.27179061]
 [ 21.5376419 ]
 [ 23.1157412 ]
 [ 28.45335532]
 [ 30.11797767]
 [ 20.46745449]
 [ 28.00834771]
 [ 64.22290523]
 [ 70.83388932]
 [ 74.57905452]
 [  3.57890576]
 [  5.0532783 ]
 [ 35.10545128]
 [ 35.41160861]
 [ 49.30441803]
 [ 61.50982264]
 [ 81.89530219]
 [ 84.69826087]
 [ 93.24666965]
 [ 95.3454547 ]
 [ 23.98070985]
 [ 26.27690461]
 [ 24.47894634]
 [ 33.30141026]
 [ 30.54234657]
 [  5.86014231]
 [  8.22064168]
 [ 18.94963297]
 [ 14.62532584]
 [ 25.28704176]
 [ 72.42930565]
 [ 90.80267507]
 [ 95.82491214]
 [ 99.78943662]
 [102.70738422]
 [ 24.79180078]
 [ 39.02245573]
 [ 44.76322621]
 [ 52.62438343]
 [ 50.46171716]
 [ 32.28331135]
 [ 37.86628033]
 [ 36.43881291]
 [ 39.62315333]
 [ 45.73287389]
 [ 13.49605961]
 [ 11.72006926]
 [ 46.63620819]
 [101.4164328 ]
 [105.57029197]
 [ 25.64736928]
 [ 27.79353248]
 [ 59.01889085]
 [ 63.2396836 ]
 [ 38.87288655]
 [ 20.20738698]
 [ 17.84399889]
 [ 70.10325522]
 [ 78.419325  ]
 [ 85.85403728]]
Query step: 15
15:       x_0  x_1  x_2  y_0  y_1  y_2
825     1    1    3    3    3    3
7508    4    4    0    1    3    0
9997    5    6    0    1    3    0
9769    5    5    0    1    3    0
877     1    1    5    3    3    3           f_res
825   24.299161
7508  23.182573
9997  32.812089
9769  27.751639
877   44.264564
15: X_train und x_test:  [[3 1 2 2 2 2]
 [5 1 4 1 3 2]
 [6 1 5 1 1 2]
 [9 7 1 1 3 3]
 [6 4 8 3 2 1]
 [0 9 0 0 3 0]
 [0 9 1 0 3 1]
 [0 9 2 0 3 2]
 [0 9 3 0 3 2]
 [0 9 4 0 3 2]
 [1 9 9 3 1 1]
 [4 9 9 3 1 1]
 [5 9 9 3 1 1]
 [5 9 9 3 1 2]
 [6 9 9 3 1 2]
 [9 2 0 1 2 0]
 [9 2 0 2 1 0]
 [9 2 0 2 2 0]
 [9 2 0 3 1 0]
 [9 2 0 3 2 0]
 [0 1 9 0 1 1]
 [0 1 9 0 2 1]
 [0 1 8 0 3 3]
 [1 1 9 1 1 3]
 [1 1 9 3 1 3]
 [0 1 0 0 2 0]
 [0 1 0 0 3 0]
 [9 9 0 1 2 0]
 [7 9 0 3 1 0]
 [9 9 0 1 3 0]
 [0 9 6 0 1 3]
 [1 9 8 3 1 3]
 [0 9 8 0 2 3]
 [2 9 9 3 1 3]
 [1 9 9 3 2 3]
 [9 1 1 2 2 1]
 [9 1 1 2 3 1]
 [7 1 1 3 1 1]
 [9 1 1 3 3 1]
 [9 2 1 3 1 1]
 [0 1 1 0 1 3]
 [1 1 1 2 1 3]
 [3 1 1 3 1 3]
 [2 1 1 3 1 3]
 [5 1 1 3 1 3]
 [9 8 9 1 3 1]
 [9 4 9 1 3 3]
 [9 5 9 1 3 3]
 [9 6 9 1 3 3]
 [9 7 9 1 3 3]
 [1 9 1 3 1 3]
 [4 9 1 3 1 3]
 [1 9 0 3 3 0]
 [1 9 1 3 3 3]
 [8 9 2 3 1 3]
 [7 1 9 1 1 1]
 [9 1 9 1 2 1]
 [9 4 9 1 1 1]
 [8 1 9 2 1 1]
 [8 1 9 3 1 1]
 [1 6 0 3 1 0]
 [1 4 0 3 1 0]
 [1 2 9 3 3 1]
 [9 1 9 3 1 3]
 [9 9 5 3 3 3]
 [0 4 1 0 3 3]
 [6 9 4 1 1 1]
 [0 6 9 0 3 1]
 [0 7 9 0 3 1]
 [9 9 5 2 1 1]
 [1 1 6 3 1 1]
 [9 1 1 1 3 3]
 [9 9 6 1 1 3]
 [9 1 6 3 3 3]
 [7 1 9 3 3 3]
 [1 1 3 3 3 3]
 [4 4 0 1 3 0]
 [5 6 0 1 3 0]
 [5 5 0 1 3 0]
 [1 1 5 3 3 3]] [[ 17.88568151]
 [ 28.00022288]
 [ 28.67069857]
 [ 46.67309954]
 [ 45.32586429]
 [ 40.79401605]
 [ 43.08003362]
 [ 49.25235613]
 [ 53.20198727]
 [ 58.54410649]
 [ 35.47256762]
 [ 50.19927738]
 [ 52.8351415 ]
 [ 77.05412405]
 [ 78.74935024]
 [ 15.27179061]
 [ 21.5376419 ]
 [ 23.1157412 ]
 [ 28.45335532]
 [ 30.11797767]
 [ 20.46745449]
 [ 28.00834771]
 [ 64.22290523]
 [ 70.83388932]
 [ 74.57905452]
 [  3.57890576]
 [  5.0532783 ]
 [ 35.10545128]
 [ 35.41160861]
 [ 49.30441803]
 [ 61.50982264]
 [ 81.89530219]
 [ 84.69826087]
 [ 93.24666965]
 [ 95.3454547 ]
 [ 23.98070985]
 [ 26.27690461]
 [ 24.47894634]
 [ 33.30141026]
 [ 30.54234657]
 [  5.86014231]
 [  8.22064168]
 [ 18.94963297]
 [ 14.62532584]
 [ 25.28704176]
 [ 72.42930565]
 [ 90.80267507]
 [ 95.82491214]
 [ 99.78943662]
 [102.70738422]
 [ 24.79180078]
 [ 39.02245573]
 [ 44.76322621]
 [ 52.62438343]
 [ 50.46171716]
 [ 32.28331135]
 [ 37.86628033]
 [ 36.43881291]
 [ 39.62315333]
 [ 45.73287389]
 [ 13.49605961]
 [ 11.72006926]
 [ 46.63620819]
 [101.4164328 ]
 [105.57029197]
 [ 25.64736928]
 [ 27.79353248]
 [ 59.01889085]
 [ 63.2396836 ]
 [ 38.87288655]
 [ 20.20738698]
 [ 17.84399889]
 [ 70.10325522]
 [ 78.419325  ]
 [ 85.85403728]
 [ 24.29916073]
 [ 23.1825727 ]
 [ 32.81208913]
 [ 27.75163869]
 [ 44.264564  ]]
Query step: 16
16:        x_0  x_1  x_2  y_0  y_1  y_2
695      0    9    5    0    1    1
2742     1    9    5    3    3    1
4766     2    9    5    3    3    1
6765     3    9    5    3    3    1
10784    5    9    5    3    3    1            f_res
695    20.505496
2742   56.468685
4766   60.959133
6765   64.870340
10784  70.483585
16: X_train und x_test:  [[3 1 2 2 2 2]
 [5 1 4 1 3 2]
 [6 1 5 1 1 2]
 [9 7 1 1 3 3]
 [6 4 8 3 2 1]
 [0 9 0 0 3 0]
 [0 9 1 0 3 1]
 [0 9 2 0 3 2]
 [0 9 3 0 3 2]
 [0 9 4 0 3 2]
 [1 9 9 3 1 1]
 [4 9 9 3 1 1]
 [5 9 9 3 1 1]
 [5 9 9 3 1 2]
 [6 9 9 3 1 2]
 [9 2 0 1 2 0]
 [9 2 0 2 1 0]
 [9 2 0 2 2 0]
 [9 2 0 3 1 0]
 [9 2 0 3 2 0]
 [0 1 9 0 1 1]
 [0 1 9 0 2 1]
 [0 1 8 0 3 3]
 [1 1 9 1 1 3]
 [1 1 9 3 1 3]
 [0 1 0 0 2 0]
 [0 1 0 0 3 0]
 [9 9 0 1 2 0]
 [7 9 0 3 1 0]
 [9 9 0 1 3 0]
 [0 9 6 0 1 3]
 [1 9 8 3 1 3]
 [0 9 8 0 2 3]
 [2 9 9 3 1 3]
 [1 9 9 3 2 3]
 [9 1 1 2 2 1]
 [9 1 1 2 3 1]
 [7 1 1 3 1 1]
 [9 1 1 3 3 1]
 [9 2 1 3 1 1]
 [0 1 1 0 1 3]
 [1 1 1 2 1 3]
 [3 1 1 3 1 3]
 [2 1 1 3 1 3]
 [5 1 1 3 1 3]
 [9 8 9 1 3 1]
 [9 4 9 1 3 3]
 [9 5 9 1 3 3]
 [9 6 9 1 3 3]
 [9 7 9 1 3 3]
 [1 9 1 3 1 3]
 [4 9 1 3 1 3]
 [1 9 0 3 3 0]
 [1 9 1 3 3 3]
 [8 9 2 3 1 3]
 [7 1 9 1 1 1]
 [9 1 9 1 2 1]
 [9 4 9 1 1 1]
 [8 1 9 2 1 1]
 [8 1 9 3 1 1]
 [1 6 0 3 1 0]
 [1 4 0 3 1 0]
 [1 2 9 3 3 1]
 [9 1 9 3 1 3]
 [9 9 5 3 3 3]
 [0 4 1 0 3 3]
 [6 9 4 1 1 1]
 [0 6 9 0 3 1]
 [0 7 9 0 3 1]
 [9 9 5 2 1 1]
 [1 1 6 3 1 1]
 [9 1 1 1 3 3]
 [9 9 6 1 1 3]
 [9 1 6 3 3 3]
 [7 1 9 3 3 3]
 [1 1 3 3 3 3]
 [4 4 0 1 3 0]
 [5 6 0 1 3 0]
 [5 5 0 1 3 0]
 [1 1 5 3 3 3]
 [0 9 5 0 1 1]
 [1 9 5 3 3 1]
 [2 9 5 3 3 1]
 [3 9 5 3 3 1]
 [5 9 5 3 3 1]] [[ 17.88568151]
 [ 28.00022288]
 [ 28.67069857]
 [ 46.67309954]
 [ 45.32586429]
 [ 40.79401605]
 [ 43.08003362]
 [ 49.25235613]
 [ 53.20198727]
 [ 58.54410649]
 [ 35.47256762]
 [ 50.19927738]
 [ 52.8351415 ]
 [ 77.05412405]
 [ 78.74935024]
 [ 15.27179061]
 [ 21.5376419 ]
 [ 23.1157412 ]
 [ 28.45335532]
 [ 30.11797767]
 [ 20.46745449]
 [ 28.00834771]
 [ 64.22290523]
 [ 70.83388932]
 [ 74.57905452]
 [  3.57890576]
 [  5.0532783 ]
 [ 35.10545128]
 [ 35.41160861]
 [ 49.30441803]
 [ 61.50982264]
 [ 81.89530219]
 [ 84.69826087]
 [ 93.24666965]
 [ 95.3454547 ]
 [ 23.98070985]
 [ 26.27690461]
 [ 24.47894634]
 [ 33.30141026]
 [ 30.54234657]
 [  5.86014231]
 [  8.22064168]
 [ 18.94963297]
 [ 14.62532584]
 [ 25.28704176]
 [ 72.42930565]
 [ 90.80267507]
 [ 95.82491214]
 [ 99.78943662]
 [102.70738422]
 [ 24.79180078]
 [ 39.02245573]
 [ 44.76322621]
 [ 52.62438343]
 [ 50.46171716]
 [ 32.28331135]
 [ 37.86628033]
 [ 36.43881291]
 [ 39.62315333]
 [ 45.73287389]
 [ 13.49605961]
 [ 11.72006926]
 [ 46.63620819]
 [101.4164328 ]
 [105.57029197]
 [ 25.64736928]
 [ 27.79353248]
 [ 59.01889085]
 [ 63.2396836 ]
 [ 38.87288655]
 [ 20.20738698]
 [ 17.84399889]
 [ 70.10325522]
 [ 78.419325  ]
 [ 85.85403728]
 [ 24.29916073]
 [ 23.1825727 ]
 [ 32.81208913]
 [ 27.75163869]
 [ 44.264564  ]
 [ 20.50549587]
 [ 56.4686853 ]
 [ 60.95913295]
 [ 64.87033981]
 [ 70.48358466]]
Query step: 17
17:        x_0  x_1  x_2  y_0  y_1  y_2
15959    8    5    1    1    1    3
17537    9    3    1    1    1    3
18464    9    7    1    1    1    3
8818     4    9    8    1    3    3
8843     4    9    9    1    3    3             f_res
15959   22.081411
17537   19.653905
18464   26.626591
8818   100.909036
8843   104.683932
17: X_train und x_test:  [[3 1 2 2 2 2]
 [5 1 4 1 3 2]
 [6 1 5 1 1 2]
 [9 7 1 1 3 3]
 [6 4 8 3 2 1]
 [0 9 0 0 3 0]
 [0 9 1 0 3 1]
 [0 9 2 0 3 2]
 [0 9 3 0 3 2]
 [0 9 4 0 3 2]
 [1 9 9 3 1 1]
 [4 9 9 3 1 1]
 [5 9 9 3 1 1]
 [5 9 9 3 1 2]
 [6 9 9 3 1 2]
 [9 2 0 1 2 0]
 [9 2 0 2 1 0]
 [9 2 0 2 2 0]
 [9 2 0 3 1 0]
 [9 2 0 3 2 0]
 [0 1 9 0 1 1]
 [0 1 9 0 2 1]
 [0 1 8 0 3 3]
 [1 1 9 1 1 3]
 [1 1 9 3 1 3]
 [0 1 0 0 2 0]
 [0 1 0 0 3 0]
 [9 9 0 1 2 0]
 [7 9 0 3 1 0]
 [9 9 0 1 3 0]
 [0 9 6 0 1 3]
 [1 9 8 3 1 3]
 [0 9 8 0 2 3]
 [2 9 9 3 1 3]
 [1 9 9 3 2 3]
 [9 1 1 2 2 1]
 [9 1 1 2 3 1]
 [7 1 1 3 1 1]
 [9 1 1 3 3 1]
 [9 2 1 3 1 1]
 [0 1 1 0 1 3]
 [1 1 1 2 1 3]
 [3 1 1 3 1 3]
 [2 1 1 3 1 3]
 [5 1 1 3 1 3]
 [9 8 9 1 3 1]
 [9 4 9 1 3 3]
 [9 5 9 1 3 3]
 [9 6 9 1 3 3]
 [9 7 9 1 3 3]
 [1 9 1 3 1 3]
 [4 9 1 3 1 3]
 [1 9 0 3 3 0]
 [1 9 1 3 3 3]
 [8 9 2 3 1 3]
 [7 1 9 1 1 1]
 [9 1 9 1 2 1]
 [9 4 9 1 1 1]
 [8 1 9 2 1 1]
 [8 1 9 3 1 1]
 [1 6 0 3 1 0]
 [1 4 0 3 1 0]
 [1 2 9 3 3 1]
 [9 1 9 3 1 3]
 [9 9 5 3 3 3]
 [0 4 1 0 3 3]
 [6 9 4 1 1 1]
 [0 6 9 0 3 1]
 [0 7 9 0 3 1]
 [9 9 5 2 1 1]
 [1 1 6 3 1 1]
 [9 1 1 1 3 3]
 [9 9 6 1 1 3]
 [9 1 6 3 3 3]
 [7 1 9 3 3 3]
 [1 1 3 3 3 3]
 [4 4 0 1 3 0]
 [5 6 0 1 3 0]
 [5 5 0 1 3 0]
 [1 1 5 3 3 3]
 [0 9 5 0 1 1]
 [1 9 5 3 3 1]
 [2 9 5 3 3 1]
 [3 9 5 3 3 1]
 [5 9 5 3 3 1]
 [8 5 1 1 1 3]
 [9 3 1 1 1 3]
 [9 7 1 1 1 3]
 [4 9 8 1 3 3]
 [4 9 9 1 3 3]] [[ 17.88568151]
 [ 28.00022288]
 [ 28.67069857]
 [ 46.67309954]
 [ 45.32586429]
 [ 40.79401605]
 [ 43.08003362]
 [ 49.25235613]
 [ 53.20198727]
 [ 58.54410649]
 [ 35.47256762]
 [ 50.19927738]
 [ 52.8351415 ]
 [ 77.05412405]
 [ 78.74935024]
 [ 15.27179061]
 [ 21.5376419 ]
 [ 23.1157412 ]
 [ 28.45335532]
 [ 30.11797767]
 [ 20.46745449]
 [ 28.00834771]
 [ 64.22290523]
 [ 70.83388932]
 [ 74.57905452]
 [  3.57890576]
 [  5.0532783 ]
 [ 35.10545128]
 [ 35.41160861]
 [ 49.30441803]
 [ 61.50982264]
 [ 81.89530219]
 [ 84.69826087]
 [ 93.24666965]
 [ 95.3454547 ]
 [ 23.98070985]
 [ 26.27690461]
 [ 24.47894634]
 [ 33.30141026]
 [ 30.54234657]
 [  5.86014231]
 [  8.22064168]
 [ 18.94963297]
 [ 14.62532584]
 [ 25.28704176]
 [ 72.42930565]
 [ 90.80267507]
 [ 95.82491214]
 [ 99.78943662]
 [102.70738422]
 [ 24.79180078]
 [ 39.02245573]
 [ 44.76322621]
 [ 52.62438343]
 [ 50.46171716]
 [ 32.28331135]
 [ 37.86628033]
 [ 36.43881291]
 [ 39.62315333]
 [ 45.73287389]
 [ 13.49605961]
 [ 11.72006926]
 [ 46.63620819]
 [101.4164328 ]
 [105.57029197]
 [ 25.64736928]
 [ 27.79353248]
 [ 59.01889085]
 [ 63.2396836 ]
 [ 38.87288655]
 [ 20.20738698]
 [ 17.84399889]
 [ 70.10325522]
 [ 78.419325  ]
 [ 85.85403728]
 [ 24.29916073]
 [ 23.1825727 ]
 [ 32.81208913]
 [ 27.75163869]
 [ 44.264564  ]
 [ 20.50549587]
 [ 56.4686853 ]
 [ 60.95913295]
 [ 64.87033981]
 [ 70.48358466]
 [ 22.0814108 ]
 [ 19.65390453]
 [ 26.6265912 ]
 [100.90903626]
 [104.68393234]]
Query step: 18
18:        x_0  x_1  x_2  y_0  y_1  y_2
126      0    2    5    0    3    1
17758    9    3    9    3    3    1
17988    9    4    9    3    3    1
18221    9    5    9    3    3    1
19146    9    9    9    3    3    1            f_res
126    18.586365
17758  64.964498
17988  68.426121
18221  72.604482
19146  91.536603
18: X_train und x_test:  [[3 1 2 2 2 2]
 [5 1 4 1 3 2]
 [6 1 5 1 1 2]
 [9 7 1 1 3 3]
 [6 4 8 3 2 1]
 [0 9 0 0 3 0]
 [0 9 1 0 3 1]
 [0 9 2 0 3 2]
 [0 9 3 0 3 2]
 [0 9 4 0 3 2]
 [1 9 9 3 1 1]
 [4 9 9 3 1 1]
 [5 9 9 3 1 1]
 [5 9 9 3 1 2]
 [6 9 9 3 1 2]
 [9 2 0 1 2 0]
 [9 2 0 2 1 0]
 [9 2 0 2 2 0]
 [9 2 0 3 1 0]
 [9 2 0 3 2 0]
 [0 1 9 0 1 1]
 [0 1 9 0 2 1]
 [0 1 8 0 3 3]
 [1 1 9 1 1 3]
 [1 1 9 3 1 3]
 [0 1 0 0 2 0]
 [0 1 0 0 3 0]
 [9 9 0 1 2 0]
 [7 9 0 3 1 0]
 [9 9 0 1 3 0]
 [0 9 6 0 1 3]
 [1 9 8 3 1 3]
 [0 9 8 0 2 3]
 [2 9 9 3 1 3]
 [1 9 9 3 2 3]
 [9 1 1 2 2 1]
 [9 1 1 2 3 1]
 [7 1 1 3 1 1]
 [9 1 1 3 3 1]
 [9 2 1 3 1 1]
 [0 1 1 0 1 3]
 [1 1 1 2 1 3]
 [3 1 1 3 1 3]
 [2 1 1 3 1 3]
 [5 1 1 3 1 3]
 [9 8 9 1 3 1]
 [9 4 9 1 3 3]
 [9 5 9 1 3 3]
 [9 6 9 1 3 3]
 [9 7 9 1 3 3]
 [1 9 1 3 1 3]
 [4 9 1 3 1 3]
 [1 9 0 3 3 0]
 [1 9 1 3 3 3]
 [8 9 2 3 1 3]
 [7 1 9 1 1 1]
 [9 1 9 1 2 1]
 [9 4 9 1 1 1]
 [8 1 9 2 1 1]
 [8 1 9 3 1 1]
 [1 6 0 3 1 0]
 [1 4 0 3 1 0]
 [1 2 9 3 3 1]
 [9 1 9 3 1 3]
 [9 9 5 3 3 3]
 [0 4 1 0 3 3]
 [6 9 4 1 1 1]
 [0 6 9 0 3 1]
 [0 7 9 0 3 1]
 [9 9 5 2 1 1]
 [1 1 6 3 1 1]
 [9 1 1 1 3 3]
 [9 9 6 1 1 3]
 [9 1 6 3 3 3]
 [7 1 9 3 3 3]
 [1 1 3 3 3 3]
 [4 4 0 1 3 0]
 [5 6 0 1 3 0]
 [5 5 0 1 3 0]
 [1 1 5 3 3 3]
 [0 9 5 0 1 1]
 [1 9 5 3 3 1]
 [2 9 5 3 3 1]
 [3 9 5 3 3 1]
 [5 9 5 3 3 1]
 [8 5 1 1 1 3]
 [9 3 1 1 1 3]
 [9 7 1 1 1 3]
 [4 9 8 1 3 3]
 [4 9 9 1 3 3]
 [0 2 5 0 3 1]
 [9 3 9 3 3 1]
 [9 4 9 3 3 1]
 [9 5 9 3 3 1]
 [9 9 9 3 3 1]] [[ 17.88568151]
 [ 28.00022288]
 [ 28.67069857]
 [ 46.67309954]
 [ 45.32586429]
 [ 40.79401605]
 [ 43.08003362]
 [ 49.25235613]
 [ 53.20198727]
 [ 58.54410649]
 [ 35.47256762]
 [ 50.19927738]
 [ 52.8351415 ]
 [ 77.05412405]
 [ 78.74935024]
 [ 15.27179061]
 [ 21.5376419 ]
 [ 23.1157412 ]
 [ 28.45335532]
 [ 30.11797767]
 [ 20.46745449]
 [ 28.00834771]
 [ 64.22290523]
 [ 70.83388932]
 [ 74.57905452]
 [  3.57890576]
 [  5.0532783 ]
 [ 35.10545128]
 [ 35.41160861]
 [ 49.30441803]
 [ 61.50982264]
 [ 81.89530219]
 [ 84.69826087]
 [ 93.24666965]
 [ 95.3454547 ]
 [ 23.98070985]
 [ 26.27690461]
 [ 24.47894634]
 [ 33.30141026]
 [ 30.54234657]
 [  5.86014231]
 [  8.22064168]
 [ 18.94963297]
 [ 14.62532584]
 [ 25.28704176]
 [ 72.42930565]
 [ 90.80267507]
 [ 95.82491214]
 [ 99.78943662]
 [102.70738422]
 [ 24.79180078]
 [ 39.02245573]
 [ 44.76322621]
 [ 52.62438343]
 [ 50.46171716]
 [ 32.28331135]
 [ 37.86628033]
 [ 36.43881291]
 [ 39.62315333]
 [ 45.73287389]
 [ 13.49605961]
 [ 11.72006926]
 [ 46.63620819]
 [101.4164328 ]
 [105.57029197]
 [ 25.64736928]
 [ 27.79353248]
 [ 59.01889085]
 [ 63.2396836 ]
 [ 38.87288655]
 [ 20.20738698]
 [ 17.84399889]
 [ 70.10325522]
 [ 78.419325  ]
 [ 85.85403728]
 [ 24.29916073]
 [ 23.1825727 ]
 [ 32.81208913]
 [ 27.75163869]
 [ 44.264564  ]
 [ 20.50549587]
 [ 56.4686853 ]
 [ 60.95913295]
 [ 64.87033981]
 [ 70.48358466]
 [ 22.0814108 ]
 [ 19.65390453]
 [ 26.6265912 ]
 [100.90903626]
 [104.68393234]
 [ 18.58636529]
 [ 64.9644976 ]
 [ 68.42612099]
 [ 72.60448237]
 [ 91.53660315]]
Query step: 19
19:        x_0  x_1  x_2  y_0  y_1  y_2
580      0    8    1    0    1    2
660      0    9    1    0    1    1
661      0    9    1    0    1    2
14826    7    9    1    3    3    2
18941    9    9    1    3    2    2            f_res
580    16.903568
660    14.884901
661    18.235097
14826  70.902607
18941  56.394010
19: X_train und x_test:  [[3 1 2 2 2 2]
 [5 1 4 1 3 2]
 [6 1 5 1 1 2]
 [9 7 1 1 3 3]
 [6 4 8 3 2 1]
 [0 9 0 0 3 0]
 [0 9 1 0 3 1]
 [0 9 2 0 3 2]
 [0 9 3 0 3 2]
 [0 9 4 0 3 2]
 [1 9 9 3 1 1]
 [4 9 9 3 1 1]
 [5 9 9 3 1 1]
 [5 9 9 3 1 2]
 [6 9 9 3 1 2]
 [9 2 0 1 2 0]
 [9 2 0 2 1 0]
 [9 2 0 2 2 0]
 [9 2 0 3 1 0]
 [9 2 0 3 2 0]
 [0 1 9 0 1 1]
 [0 1 9 0 2 1]
 [0 1 8 0 3 3]
 [1 1 9 1 1 3]
 [1 1 9 3 1 3]
 [0 1 0 0 2 0]
 [0 1 0 0 3 0]
 [9 9 0 1 2 0]
 [7 9 0 3 1 0]
 [9 9 0 1 3 0]
 [0 9 6 0 1 3]
 [1 9 8 3 1 3]
 [0 9 8 0 2 3]
 [2 9 9 3 1 3]
 [1 9 9 3 2 3]
 [9 1 1 2 2 1]
 [9 1 1 2 3 1]
 [7 1 1 3 1 1]
 [9 1 1 3 3 1]
 [9 2 1 3 1 1]
 [0 1 1 0 1 3]
 [1 1 1 2 1 3]
 [3 1 1 3 1 3]
 [2 1 1 3 1 3]
 [5 1 1 3 1 3]
 [9 8 9 1 3 1]
 [9 4 9 1 3 3]
 [9 5 9 1 3 3]
 [9 6 9 1 3 3]
 [9 7 9 1 3 3]
 [1 9 1 3 1 3]
 [4 9 1 3 1 3]
 [1 9 0 3 3 0]
 [1 9 1 3 3 3]
 [8 9 2 3 1 3]
 [7 1 9 1 1 1]
 [9 1 9 1 2 1]
 [9 4 9 1 1 1]
 [8 1 9 2 1 1]
 [8 1 9 3 1 1]
 [1 6 0 3 1 0]
 [1 4 0 3 1 0]
 [1 2 9 3 3 1]
 [9 1 9 3 1 3]
 [9 9 5 3 3 3]
 [0 4 1 0 3 3]
 [6 9 4 1 1 1]
 [0 6 9 0 3 1]
 [0 7 9 0 3 1]
 [9 9 5 2 1 1]
 [1 1 6 3 1 1]
 [9 1 1 1 3 3]
 [9 9 6 1 1 3]
 [9 1 6 3 3 3]
 [7 1 9 3 3 3]
 [1 1 3 3 3 3]
 [4 4 0 1 3 0]
 [5 6 0 1 3 0]
 [5 5 0 1 3 0]
 [1 1 5 3 3 3]
 [0 9 5 0 1 1]
 [1 9 5 3 3 1]
 [2 9 5 3 3 1]
 [3 9 5 3 3 1]
 [5 9 5 3 3 1]
 [8 5 1 1 1 3]
 [9 3 1 1 1 3]
 [9 7 1 1 1 3]
 [4 9 8 1 3 3]
 [4 9 9 1 3 3]
 [0 2 5 0 3 1]
 [9 3 9 3 3 1]
 [9 4 9 3 3 1]
 [9 5 9 3 3 1]
 [9 9 9 3 3 1]
 [0 8 1 0 1 2]
 [0 9 1 0 1 1]
 [0 9 1 0 1 2]
 [7 9 1 3 3 2]
 [9 9 1 3 2 2]] [[ 17.88568151]
 [ 28.00022288]
 [ 28.67069857]
 [ 46.67309954]
 [ 45.32586429]
 [ 40.79401605]
 [ 43.08003362]
 [ 49.25235613]
 [ 53.20198727]
 [ 58.54410649]
 [ 35.47256762]
 [ 50.19927738]
 [ 52.8351415 ]
 [ 77.05412405]
 [ 78.74935024]
 [ 15.27179061]
 [ 21.5376419 ]
 [ 23.1157412 ]
 [ 28.45335532]
 [ 30.11797767]
 [ 20.46745449]
 [ 28.00834771]
 [ 64.22290523]
 [ 70.83388932]
 [ 74.57905452]
 [  3.57890576]
 [  5.0532783 ]
 [ 35.10545128]
 [ 35.41160861]
 [ 49.30441803]
 [ 61.50982264]
 [ 81.89530219]
 [ 84.69826087]
 [ 93.24666965]
 [ 95.3454547 ]
 [ 23.98070985]
 [ 26.27690461]
 [ 24.47894634]
 [ 33.30141026]
 [ 30.54234657]
 [  5.86014231]
 [  8.22064168]
 [ 18.94963297]
 [ 14.62532584]
 [ 25.28704176]
 [ 72.42930565]
 [ 90.80267507]
 [ 95.82491214]
 [ 99.78943662]
 [102.70738422]
 [ 24.79180078]
 [ 39.02245573]
 [ 44.76322621]
 [ 52.62438343]
 [ 50.46171716]
 [ 32.28331135]
 [ 37.86628033]
 [ 36.43881291]
 [ 39.62315333]
 [ 45.73287389]
 [ 13.49605961]
 [ 11.72006926]
 [ 46.63620819]
 [101.4164328 ]
 [105.57029197]
 [ 25.64736928]
 [ 27.79353248]
 [ 59.01889085]
 [ 63.2396836 ]
 [ 38.87288655]
 [ 20.20738698]
 [ 17.84399889]
 [ 70.10325522]
 [ 78.419325  ]
 [ 85.85403728]
 [ 24.29916073]
 [ 23.1825727 ]
 [ 32.81208913]
 [ 27.75163869]
 [ 44.264564  ]
 [ 20.50549587]
 [ 56.4686853 ]
 [ 60.95913295]
 [ 64.87033981]
 [ 70.48358466]
 [ 22.0814108 ]
 [ 19.65390453]
 [ 26.6265912 ]
 [100.90903626]
 [104.68393234]
 [ 18.58636529]
 [ 64.9644976 ]
 [ 68.42612099]
 [ 72.60448237]
 [ 91.53660315]
 [ 16.9035682 ]
 [ 14.88490086]
 [ 18.23509687]
 [ 70.90260672]
 [ 56.39401044]]
Query step: 20
20:        x_0  x_1  x_2  y_0  y_1  y_2
41       0    1    5    0    1    3
487      0    6    9    0    1    2
7858     4    5    5    3    1    3
1671     1    4    9    3    3    3
18024    9    5    1    3    3    3            f_res
41     41.023166
487    56.747933
7858   52.175940
1671   90.872716
18024  50.801021
20: X_train und x_test:  [[3 1 2 2 2 2]
 [5 1 4 1 3 2]
 [6 1 5 1 1 2]
 [9 7 1 1 3 3]
 [6 4 8 3 2 1]
 [0 9 0 0 3 0]
 [0 9 1 0 3 1]
 [0 9 2 0 3 2]
 [0 9 3 0 3 2]
 [0 9 4 0 3 2]
 [1 9 9 3 1 1]
 [4 9 9 3 1 1]
 [5 9 9 3 1 1]
 [5 9 9 3 1 2]
 [6 9 9 3 1 2]
 [9 2 0 1 2 0]
 [9 2 0 2 1 0]
 [9 2 0 2 2 0]
 [9 2 0 3 1 0]
 [9 2 0 3 2 0]
 [0 1 9 0 1 1]
 [0 1 9 0 2 1]
 [0 1 8 0 3 3]
 [1 1 9 1 1 3]
 [1 1 9 3 1 3]
 [0 1 0 0 2 0]
 [0 1 0 0 3 0]
 [9 9 0 1 2 0]
 [7 9 0 3 1 0]
 [9 9 0 1 3 0]
 [0 9 6 0 1 3]
 [1 9 8 3 1 3]
 [0 9 8 0 2 3]
 [2 9 9 3 1 3]
 [1 9 9 3 2 3]
 [9 1 1 2 2 1]
 [9 1 1 2 3 1]
 [7 1 1 3 1 1]
 [9 1 1 3 3 1]
 [9 2 1 3 1 1]
 [0 1 1 0 1 3]
 [1 1 1 2 1 3]
 [3 1 1 3 1 3]
 [2 1 1 3 1 3]
 [5 1 1 3 1 3]
 [9 8 9 1 3 1]
 [9 4 9 1 3 3]
 [9 5 9 1 3 3]
 [9 6 9 1 3 3]
 [9 7 9 1 3 3]
 [1 9 1 3 1 3]
 [4 9 1 3 1 3]
 [1 9 0 3 3 0]
 [1 9 1 3 3 3]
 [8 9 2 3 1 3]
 [7 1 9 1 1 1]
 [9 1 9 1 2 1]
 [9 4 9 1 1 1]
 [8 1 9 2 1 1]
 [8 1 9 3 1 1]
 [1 6 0 3 1 0]
 [1 4 0 3 1 0]
 [1 2 9 3 3 1]
 [9 1 9 3 1 3]
 [9 9 5 3 3 3]
 [0 4 1 0 3 3]
 [6 9 4 1 1 1]
 [0 6 9 0 3 1]
 [0 7 9 0 3 1]
 [9 9 5 2 1 1]
 [1 1 6 3 1 1]
 [9 1 1 1 3 3]
 [9 9 6 1 1 3]
 [9 1 6 3 3 3]
 [7 1 9 3 3 3]
 [1 1 3 3 3 3]
 [4 4 0 1 3 0]
 [5 6 0 1 3 0]
 [5 5 0 1 3 0]
 [1 1 5 3 3 3]
 [0 9 5 0 1 1]
 [1 9 5 3 3 1]
 [2 9 5 3 3 1]
 [3 9 5 3 3 1]
 [5 9 5 3 3 1]
 [8 5 1 1 1 3]
 [9 3 1 1 1 3]
 [9 7 1 1 1 3]
 [4 9 8 1 3 3]
 [4 9 9 1 3 3]
 [0 2 5 0 3 1]
 [9 3 9 3 3 1]
 [9 4 9 3 3 1]
 [9 5 9 3 3 1]
 [9 9 9 3 3 1]
 [0 8 1 0 1 2]
 [0 9 1 0 1 1]
 [0 9 1 0 1 2]
 [7 9 1 3 3 2]
 [9 9 1 3 2 2]
 [0 1 5 0 1 3]
 [0 6 9 0 1 2]
 [4 5 5 3 1 3]
 [1 4 9 3 3 3]
 [9 5 1 3 3 3]] [[ 17.88568151]
 [ 28.00022288]
 [ 28.67069857]
 [ 46.67309954]
 [ 45.32586429]
 [ 40.79401605]
 [ 43.08003362]
 [ 49.25235613]
 [ 53.20198727]
 [ 58.54410649]
 [ 35.47256762]
 [ 50.19927738]
 [ 52.8351415 ]
 [ 77.05412405]
 [ 78.74935024]
 [ 15.27179061]
 [ 21.5376419 ]
 [ 23.1157412 ]
 [ 28.45335532]
 [ 30.11797767]
 [ 20.46745449]
 [ 28.00834771]
 [ 64.22290523]
 [ 70.83388932]
 [ 74.57905452]
 [  3.57890576]
 [  5.0532783 ]
 [ 35.10545128]
 [ 35.41160861]
 [ 49.30441803]
 [ 61.50982264]
 [ 81.89530219]
 [ 84.69826087]
 [ 93.24666965]
 [ 95.3454547 ]
 [ 23.98070985]
 [ 26.27690461]
 [ 24.47894634]
 [ 33.30141026]
 [ 30.54234657]
 [  5.86014231]
 [  8.22064168]
 [ 18.94963297]
 [ 14.62532584]
 [ 25.28704176]
 [ 72.42930565]
 [ 90.80267507]
 [ 95.82491214]
 [ 99.78943662]
 [102.70738422]
 [ 24.79180078]
 [ 39.02245573]
 [ 44.76322621]
 [ 52.62438343]
 [ 50.46171716]
 [ 32.28331135]
 [ 37.86628033]
 [ 36.43881291]
 [ 39.62315333]
 [ 45.73287389]
 [ 13.49605961]
 [ 11.72006926]
 [ 46.63620819]
 [101.4164328 ]
 [105.57029197]
 [ 25.64736928]
 [ 27.79353248]
 [ 59.01889085]
 [ 63.2396836 ]
 [ 38.87288655]
 [ 20.20738698]
 [ 17.84399889]
 [ 70.10325522]
 [ 78.419325  ]
 [ 85.85403728]
 [ 24.29916073]
 [ 23.1825727 ]
 [ 32.81208913]
 [ 27.75163869]
 [ 44.264564  ]
 [ 20.50549587]
 [ 56.4686853 ]
 [ 60.95913295]
 [ 64.87033981]
 [ 70.48358466]
 [ 22.0814108 ]
 [ 19.65390453]
 [ 26.6265912 ]
 [100.90903626]
 [104.68393234]
 [ 18.58636529]
 [ 64.9644976 ]
 [ 68.42612099]
 [ 72.60448237]
 [ 91.53660315]
 [ 16.9035682 ]
 [ 14.88490086]
 [ 18.23509687]
 [ 70.90260672]
 [ 56.39401044]
 [ 41.02316639]
 [ 56.74793347]
 [ 52.17593968]
 [ 90.87271592]
 [ 50.80102107]]